 -2.500000000000000E-002  0.000000000000000E+000
 -2.400000000000000E-002  0.000000000000000E+000
 -2.300000000000000E-002  0.000000000000000E+000
 -2.200000000000000E-002  0.000000000000000E+000
 -2.100000000000000E-002  0.000000000000000E+000
 -2.000000000000000E-002  0.000000000000000E+000
 -1.900000000000000E-002  0.000000000000000E+000
 -1.800000000000000E-002  0.000000000000000E+000
 -1.700000000000000E-002  4.516875129705775E-002
 -1.600000000000000E-002  3.481463139658613E-002
 -1.500000000000000E-002  3.589211062144172E-002
 -1.400000000000000E-002  0.119890430494951     
 -1.300000000000000E-002  0.353618331817456     
 -1.200000000000000E-002  0.581873374640466     
 -1.100000000000000E-002  0.174439747843772     
 -1.000000000000000E-002  0.385800244651760     
 -9.000000000000001E-003  0.612070676861463     
 -8.000000000000000E-003   1.10934420135582     
 -6.999999999999999E-003   1.97656964395656     
 -6.000000000000002E-003   7.21025616847243     
 -5.000000000000001E-003   13.6986818354585     
 -4.000000000000000E-003   14.3324795020510     
 -3.000000000000003E-003   13.2013541862085     
 -2.000000000000002E-003   11.8794686606050     
 -1.000000000000001E-003   12.0274765695537     
  0.000000000000000E+000   12.9729420893534     
  1.000000000000001E-003   10.2260316242462     
  1.999999999999998E-003   7.16330170040291     
  2.999999999999999E-003   5.50556308494620     
  4.000000000000000E-003   8.38946467684980     
  4.999999999999998E-003   7.72883575582760     
  5.999999999999998E-003   9.07435831973663     
  6.999999999999999E-003   6.66354983897017     
  8.000000000000000E-003   5.10766344421898     
  9.000000000000001E-003  0.910257226006858     
  1.000000000000000E-002  0.852766089449227     
  1.100000000000000E-002  0.761897052287737     
  1.200000000000000E-002  0.197103622561208     
  1.300000000000000E-002  0.000000000000000E+000
  1.400000000000000E-002  0.000000000000000E+000
  1.500000000000000E-002  0.000000000000000E+000
  1.600000000000000E-002  0.000000000000000E+000
  1.700000000000000E-002  0.000000000000000E+000
  1.800000000000000E-002  0.000000000000000E+000
  1.900000000000000E-002  0.000000000000000E+000
  2.000000000000000E-002  0.000000000000000E+000
  2.100000000000000E-002  0.000000000000000E+000
  2.200000000000000E-002  0.000000000000000E+000
  2.300000000000000E-002  0.000000000000000E+000
  2.400000000000000E-002  0.000000000000000E+000
  2.500000000000000E-002  0.000000000000000E+000
 -2.500000000000000E-002  0.000000000000000E+000
 -2.400000000000000E-002  0.000000000000000E+000
 -2.300000000000000E-002  0.000000000000000E+000
 -2.200000000000000E-002  0.000000000000000E+000
 -2.100000000000000E-002  0.000000000000000E+000
 -2.000000000000000E-002  0.000000000000000E+000
 -1.900000000000000E-002  0.000000000000000E+000
 -1.800000000000000E-002  0.000000000000000E+000
 -1.700000000000000E-002  0.816943165926234     
 -1.600000000000000E-002  0.439695343058448     
 -1.500000000000000E-002  0.320644125519133     
 -1.400000000000000E-002  0.765986686157186     
 -1.300000000000000E-002  0.737075098258747     
 -1.200000000000000E-002  0.330171950540914     
 -1.100000000000000E-002  6.266572369936659E-002
 -1.000000000000000E-002  0.208691075905319     
 -9.000000000000001E-003  0.197254512776770     
 -8.000000000000000E-003  0.110987026424720     
 -6.999999999999999E-003  5.163901668790818E-002
 -6.000000000000002E-003  0.000000000000000E+000
 -5.000000000000001E-003  0.000000000000000E+000
 -4.000000000000000E-003  0.000000000000000E+000
 -3.000000000000003E-003  0.000000000000000E+000
 -2.000000000000002E-003  0.000000000000000E+000
 -1.000000000000001E-003  0.000000000000000E+000
  0.000000000000000E+000  0.000000000000000E+000
  1.000000000000001E-003  3.734243896400280E-003
  1.999999999999998E-003  3.162086402501892E-002
  2.999999999999999E-003  5.184431880493551E-003
  4.000000000000000E-003  1.026298152558841E-003
  4.999999999999998E-003  0.222913224917431     
  5.999999999999998E-003  0.440122040568296     
  6.999999999999999E-003  0.492658418938097     
  8.000000000000000E-003  0.790941325482202     
  9.000000000000001E-003  0.696242736778082     
  1.000000000000000E-002   1.51308582149348     
  1.100000000000000E-002   1.85699158396224     
  1.200000000000000E-002  0.659621692807611     
  1.300000000000000E-002  0.000000000000000E+000
  1.400000000000000E-002  0.000000000000000E+000
  1.500000000000000E-002  0.000000000000000E+000
  1.600000000000000E-002  0.000000000000000E+000
  1.700000000000000E-002  0.000000000000000E+000
  1.800000000000000E-002  0.000000000000000E+000
  1.900000000000000E-002  0.000000000000000E+000
  2.000000000000000E-002  0.000000000000000E+000
  2.100000000000000E-002  0.000000000000000E+000
  2.200000000000000E-002  0.000000000000000E+000
  2.300000000000000E-002  0.000000000000000E+000
  2.400000000000000E-002  0.000000000000000E+000
  2.500000000000000E-002  0.000000000000000E+000
 -2.500000000000000E-002  0.000000000000000E+000
 -2.400000000000000E-002  0.000000000000000E+000
 -2.300000000000000E-002  0.000000000000000E+000
 -2.200000000000000E-002  0.000000000000000E+000
 -2.100000000000000E-002  0.000000000000000E+000
 -2.000000000000000E-002  0.000000000000000E+000
 -1.900000000000000E-002  0.000000000000000E+000
 -1.800000000000000E-002  0.000000000000000E+000
 -1.700000000000000E-002  0.000000000000000E+000
 -1.600000000000000E-002  0.000000000000000E+000
 -1.500000000000000E-002  0.000000000000000E+000
 -1.400000000000000E-002  0.000000000000000E+000
 -1.300000000000000E-002  0.000000000000000E+000
 -1.200000000000000E-002  0.000000000000000E+000
 -1.100000000000000E-002  0.000000000000000E+000
 -1.000000000000000E-002  0.000000000000000E+000
 -9.000000000000001E-003  0.000000000000000E+000
 -8.000000000000000E-003  0.000000000000000E+000
 -6.999999999999999E-003  0.000000000000000E+000
 -6.000000000000002E-003  0.000000000000000E+000
 -5.000000000000001E-003  0.000000000000000E+000
 -4.000000000000000E-003  0.000000000000000E+000
 -3.000000000000003E-003  0.000000000000000E+000
 -2.000000000000002E-003  0.000000000000000E+000
 -1.000000000000001E-003  0.000000000000000E+000
  0.000000000000000E+000  0.000000000000000E+000
  1.000000000000001E-003  0.000000000000000E+000
  1.999999999999998E-003  0.000000000000000E+000
  2.999999999999999E-003  0.000000000000000E+000
  4.000000000000000E-003  0.000000000000000E+000
  4.999999999999998E-003  0.000000000000000E+000
  5.999999999999998E-003  0.000000000000000E+000
  6.999999999999999E-003  0.000000000000000E+000
  8.000000000000000E-003  0.000000000000000E+000
  9.000000000000001E-003  0.000000000000000E+000
  1.000000000000000E-002  0.000000000000000E+000
  1.100000000000000E-002  0.000000000000000E+000
  1.200000000000000E-002  0.000000000000000E+000
  1.300000000000000E-002  0.000000000000000E+000
  1.400000000000000E-002  0.000000000000000E+000
  1.500000000000000E-002  0.000000000000000E+000
  1.600000000000000E-002  0.000000000000000E+000
  1.700000000000000E-002  0.000000000000000E+000
  1.800000000000000E-002  0.000000000000000E+000
  1.900000000000000E-002  0.000000000000000E+000
  2.000000000000000E-002  0.000000000000000E+000
  2.100000000000000E-002  0.000000000000000E+000
  2.200000000000000E-002  0.000000000000000E+000
  2.300000000000000E-002  0.000000000000000E+000
  2.400000000000000E-002  0.000000000000000E+000
  2.500000000000000E-002  0.000000000000000E+000
4
   105.116070000000     
 9
38
 9
38
 0
 0
  161.86308000
