 -2.500000000000000E-002  0.000000000000000E+000
 -2.400000000000000E-002  0.000000000000000E+000
 -2.300000000000000E-002  0.000000000000000E+000
 -2.200000000000000E-002  0.000000000000000E+000
 -2.100000000000000E-002  0.000000000000000E+000
 -2.000000000000000E-002  0.000000000000000E+000
 -1.900000000000000E-002  0.000000000000000E+000
 -1.800000000000000E-002  0.000000000000000E+000
 -1.700000000000000E-002  4.813760445533764E-003
 -1.600000000000000E-002  3.595896462414500E-002
 -1.500000000000000E-002  0.136739364650754     
 -1.400000000000000E-002  0.111494940257137     
 -1.300000000000000E-002  0.129286611341153     
 -1.200000000000000E-002  0.622741797320597     
 -1.100000000000000E-002   1.29595049397573     
 -1.000000000000000E-002   1.31728000962779     
 -9.000000000000001E-003   2.53867519232964     
 -8.000000000000000E-003   1.18845894231183     
 -6.999999999999999E-003   1.14732396948208     
 -6.000000000000002E-003  0.719598241185854     
 -5.000000000000001E-003   2.48767200192316     
 -4.000000000000000E-003   1.26986881264927     
 -3.000000000000003E-003  0.361826329332227     
 -2.000000000000002E-003  0.800384441602967     
 -1.000000000000001E-003   1.69352796130821     
  0.000000000000000E+000   1.27294512128738     
  1.000000000000001E-003  0.554566096459539     
  1.999999999999998E-003  0.988622291195564     
  2.999999999999999E-003   2.55333164545999     
  4.000000000000000E-003   1.70236451184619     
  4.999999999999998E-003   2.80249387237978     
  5.999999999999998E-003   1.46225748692360     
  6.999999999999999E-003  0.746585090902172     
  8.000000000000000E-003  0.232158398493228     
  9.000000000000001E-003  0.827024356318039     
  1.000000000000000E-002   1.03082876093904     
  1.100000000000000E-002  0.483970818667640     
  1.200000000000000E-002   1.04742638835823     
  1.300000000000000E-002  0.384075079015661     
  1.400000000000000E-002  0.207978802144061     
  1.500000000000000E-002  7.835921096182936E-002
  1.600000000000000E-002  3.237532875591006E-003
  1.700000000000000E-002  6.103879478000591E-002
  1.800000000000000E-002  7.195424089086962E-003
  1.900000000000000E-002  0.000000000000000E+000
  2.000000000000000E-002  0.000000000000000E+000
  2.100000000000000E-002  0.000000000000000E+000
  2.200000000000000E-002  0.000000000000000E+000
  2.300000000000000E-002  0.000000000000000E+000
  2.400000000000000E-002  0.000000000000000E+000
  2.500000000000000E-002  0.000000000000000E+000
 -2.500000000000000E-002  0.000000000000000E+000
 -2.400000000000000E-002  0.000000000000000E+000
 -2.300000000000000E-002  0.000000000000000E+000
 -2.200000000000000E-002  0.000000000000000E+000
 -2.100000000000000E-002  0.000000000000000E+000
 -2.000000000000000E-002  0.000000000000000E+000
 -1.900000000000000E-002  0.000000000000000E+000
 -1.800000000000000E-002  0.000000000000000E+000
 -1.700000000000000E-002  8.706392329780867E-002
 -1.600000000000000E-002  0.454147829581514     
 -1.500000000000000E-002   1.22156856321206     
 -1.400000000000000E-002  0.712347428049768     
 -1.300000000000000E-002  0.487568931045371     
 -1.200000000000000E-002  0.566486004222906     
 -1.100000000000000E-002  0.674540244402140     
 -1.000000000000000E-002  0.508653646923173     
 -9.000000000000001E-003  0.437498588243873     
 -8.000000000000000E-003  0.148522664767341     
 -6.999999999999999E-003  0.279491304368954     
 -6.000000000000002E-003  0.100567536974644     
 -5.000000000000001E-003  7.237037831099039E-002
 -4.000000000000000E-003  5.451209335875880E-002
 -3.000000000000003E-003  4.124129275933506E-004
 -2.000000000000002E-003  3.200361357314980E-003
 -1.000000000000001E-003  0.000000000000000E+000
  0.000000000000000E+000  0.000000000000000E+000
  1.000000000000001E-003  4.893972287202506E-003
  1.999999999999998E-003  1.279479873523620E-002
  2.999999999999999E-003  6.685981447597013E-002
  4.000000000000000E-003  0.135316793713446     
  4.999999999999998E-003  0.577926969539875     
  5.999999999999998E-003  0.393863845943252     
  6.999999999999999E-003  0.299502217561037     
  8.000000000000000E-003  0.134366560267598     
  9.000000000000001E-003  0.496324610991642     
  1.000000000000000E-002   1.42101752718009     
  1.100000000000000E-002  0.852263768562978     
  1.200000000000000E-002   2.83787436729611     
  1.300000000000000E-002  0.849463663253223     
  1.400000000000000E-002   1.05024826458541     
  1.500000000000000E-002  1.407673686216628E-002
  1.600000000000000E-002  0.000000000000000E+000
  1.700000000000000E-002  0.000000000000000E+000
  1.800000000000000E-002  0.000000000000000E+000
  1.900000000000000E-002  0.000000000000000E+000
  2.000000000000000E-002  0.000000000000000E+000
  2.100000000000000E-002  0.000000000000000E+000
  2.200000000000000E-002  0.000000000000000E+000
  2.300000000000000E-002  0.000000000000000E+000
  2.400000000000000E-002  0.000000000000000E+000
  2.500000000000000E-002  0.000000000000000E+000
 -2.500000000000000E-002  0.000000000000000E+000
 -2.400000000000000E-002  0.000000000000000E+000
 -2.300000000000000E-002  0.000000000000000E+000
 -2.200000000000000E-002  0.000000000000000E+000
 -2.100000000000000E-002  0.000000000000000E+000
 -2.000000000000000E-002  0.000000000000000E+000
 -1.900000000000000E-002  0.000000000000000E+000
 -1.800000000000000E-002  0.000000000000000E+000
 -1.700000000000000E-002  0.000000000000000E+000
 -1.600000000000000E-002  0.000000000000000E+000
 -1.500000000000000E-002  0.000000000000000E+000
 -1.400000000000000E-002  0.000000000000000E+000
 -1.300000000000000E-002  0.108398160813072     
 -1.200000000000000E-002   1.51756497968585     
 -1.100000000000000E-002   2.48411374082915     
 -1.000000000000000E-002   1.49134538903342     
 -9.000000000000001E-003   2.03360190269926     
 -8.000000000000000E-003  0.742984030939477     
 -6.999999999999999E-003  0.164328254927013     
 -6.000000000000002E-003  7.365862246596898E-002
 -5.000000000000001E-003  0.417699797879627     
 -4.000000000000000E-003  0.122695127732688     
 -3.000000000000003E-003  9.780990498549108E-003
 -2.000000000000002E-003  2.699713308803618E-003
 -1.000000000000001E-003  2.220967555310458E-005
  0.000000000000000E+000  0.000000000000000E+000
  1.000000000000001E-003  7.938355066096320E-004
  1.999999999999998E-003  2.839195976767588E-002
  2.999999999999999E-003  0.178734530437969     
  4.000000000000000E-003  0.166595860578558     
  4.999999999999998E-003  0.236458993659446     
  5.999999999999998E-003  0.255230463722905     
  6.999999999999999E-003  0.184823411294791     
  8.000000000000000E-003  7.954737193230825E-002
  9.000000000000001E-003  0.566712742563633     
  1.000000000000000E-002  0.408009684223127     
  1.100000000000000E-002  0.327330947613595     
  1.200000000000000E-002  0.667414670025678     
  1.300000000000000E-002  0.920991185255945     
  1.400000000000000E-002  0.278539969701389     
  1.500000000000000E-002  0.685949543013814     
  1.600000000000000E-002  4.088878931906716E-002
  1.700000000000000E-002   1.10397619637424     
  1.800000000000000E-002  0.189089584756671     
  1.900000000000000E-002  0.000000000000000E+000
  2.000000000000000E-002  0.000000000000000E+000
  2.100000000000000E-002  0.000000000000000E+000
  2.200000000000000E-002  0.000000000000000E+000
  2.300000000000000E-002  0.000000000000000E+000
  2.400000000000000E-002  0.000000000000000E+000
  2.500000000000000E-002  0.000000000000000E+000
4
   82.5596000000000     
 9
44
 9
41
13
44
   43.34808000
