 -2.500000000000000E-002  0.000000000000000E+000
 -2.400000000000000E-002  0.000000000000000E+000
 -2.300000000000000E-002  0.000000000000000E+000
 -2.200000000000000E-002  0.000000000000000E+000
 -2.100000000000000E-002  0.000000000000000E+000
 -2.000000000000000E-002  0.000000000000000E+000
 -1.900000000000000E-002  0.000000000000000E+000
 -1.800000000000000E-002  0.000000000000000E+000
 -1.700000000000000E-002  5.763536344237920E-003
 -1.600000000000000E-002  3.500910450295176E-002
 -1.500000000000000E-002  0.150338455368474     
 -1.400000000000000E-002  9.031175783725426E-002
 -1.300000000000000E-002  4.313167530525450E-002
 -1.200000000000000E-002  0.221884943801911     
 -1.100000000000000E-002  0.252529480785598     
 -1.000000000000000E-002  0.794884999066665     
 -9.000000000000001E-003   1.73285198482993     
 -8.000000000000000E-003   4.47554664722248     
 -6.999999999999999E-003   6.18745201589653     
 -6.000000000000002E-003   9.33255424361816     
 -5.000000000000001E-003   8.38321066503139     
 -4.000000000000000E-003   7.00084550003816     
 -3.000000000000003E-003   7.90579085530136     
 -2.000000000000002E-003   6.26370593223432     
 -1.000000000000001E-003   6.61065017172233     
  0.000000000000000E+000   5.68838393785396     
  1.000000000000001E-003   4.52861481290285     
  1.999999999999998E-003   6.82900610467407     
  2.999999999999999E-003   7.10475441954703     
  4.000000000000000E-003   7.19284817120632     
  4.999999999999998E-003   8.22300611241982     
  5.999999999999998E-003   6.11280350835780     
  6.999999999999999E-003   4.90036117268684     
  8.000000000000000E-003   1.76645227539846     
  9.000000000000001E-003  0.909409901125215     
  1.000000000000000E-002  0.383675699876735     
  1.100000000000000E-002  0.435150137954777     
  1.200000000000000E-002  0.409921301449469     
  1.300000000000000E-002  0.361003531918129     
  1.400000000000000E-002  0.256006269805214     
  1.500000000000000E-002  4.809789850554760E-002
  1.600000000000000E-002  0.000000000000000E+000
  1.700000000000000E-002  0.000000000000000E+000
  1.800000000000000E-002  0.000000000000000E+000
  1.900000000000000E-002  0.000000000000000E+000
  2.000000000000000E-002  0.000000000000000E+000
  2.100000000000000E-002  0.000000000000000E+000
  2.200000000000000E-002  0.000000000000000E+000
  2.300000000000000E-002  0.000000000000000E+000
  2.400000000000000E-002  0.000000000000000E+000
  2.500000000000000E-002  0.000000000000000E+000
 -2.500000000000000E-002  0.000000000000000E+000
 -2.400000000000000E-002  0.000000000000000E+000
 -2.300000000000000E-002  0.000000000000000E+000
 -2.200000000000000E-002  0.000000000000000E+000
 -2.100000000000000E-002  0.000000000000000E+000
 -2.000000000000000E-002  0.000000000000000E+000
 -1.900000000000000E-002  0.000000000000000E+000
 -1.800000000000000E-002  0.000000000000000E+000
 -1.700000000000000E-002  0.104242014507480     
 -1.600000000000000E-002  0.442151463252426     
 -1.500000000000000E-002   1.34305678097192     
 -1.400000000000000E-002  0.577006887215258     
 -1.300000000000000E-002  0.198822281998144     
 -1.200000000000000E-002  0.742554197316632     
 -1.100000000000000E-002  0.615496698816611     
 -1.000000000000000E-002  0.863457902011155     
 -9.000000000000001E-003  0.167825740098803     
 -8.000000000000000E-003  0.128423111508179     
 -6.999999999999999E-003  0.110386563091686     
 -6.000000000000002E-003  5.650569580973684E-002
 -5.000000000000001E-003  0.125242435820128     
 -4.000000000000000E-003  1.937831838077016E-002
 -3.000000000000003E-003  0.000000000000000E+000
 -2.000000000000002E-003  1.316579052681902E-003
 -1.000000000000001E-003  7.223394052195364E-004
  0.000000000000000E+000  0.000000000000000E+000
  1.000000000000001E-003  3.350048241456786E-003
  1.999999999999998E-003  1.002540034951193E-002
  2.999999999999999E-003  4.335602538234900E-002
  4.000000000000000E-003  0.125573530796715     
  4.999999999999998E-003  0.246448516248473     
  5.999999999999998E-003  9.217689667109030E-002
  6.999999999999999E-003  0.238709491289809     
  8.000000000000000E-003  0.466443379438944     
  9.000000000000001E-003   1.10413926210442     
  1.000000000000000E-002  0.680766119476002     
  1.100000000000000E-002   1.06060279602821     
  1.200000000000000E-002   1.37183162473856     
  1.300000000000000E-002   1.66410290157702     
  1.400000000000000E-002   1.63563841946349     
  1.500000000000000E-002  0.429685196512409     
  1.600000000000000E-002  0.000000000000000E+000
  1.700000000000000E-002  0.000000000000000E+000
  1.800000000000000E-002  0.000000000000000E+000
  1.900000000000000E-002  0.000000000000000E+000
  2.000000000000000E-002  0.000000000000000E+000
  2.100000000000000E-002  0.000000000000000E+000
  2.200000000000000E-002  0.000000000000000E+000
  2.300000000000000E-002  0.000000000000000E+000
  2.400000000000000E-002  0.000000000000000E+000
  2.500000000000000E-002  0.000000000000000E+000
 -2.500000000000000E-002  0.000000000000000E+000
 -2.400000000000000E-002  0.000000000000000E+000
 -2.300000000000000E-002  0.000000000000000E+000
 -2.200000000000000E-002  0.000000000000000E+000
 -2.100000000000000E-002  0.000000000000000E+000
 -2.000000000000000E-002  0.000000000000000E+000
 -1.900000000000000E-002  0.000000000000000E+000
 -1.800000000000000E-002  0.000000000000000E+000
 -1.700000000000000E-002  0.000000000000000E+000
 -1.600000000000000E-002  0.000000000000000E+000
 -1.500000000000000E-002  0.000000000000000E+000
 -1.400000000000000E-002  0.000000000000000E+000
 -1.300000000000000E-002  0.000000000000000E+000
 -1.200000000000000E-002  0.000000000000000E+000
 -1.100000000000000E-002  0.000000000000000E+000
 -1.000000000000000E-002  0.000000000000000E+000
 -9.000000000000001E-003  0.000000000000000E+000
 -8.000000000000000E-003  0.000000000000000E+000
 -6.999999999999999E-003  0.000000000000000E+000
 -6.000000000000002E-003  0.000000000000000E+000
 -5.000000000000001E-003  0.000000000000000E+000
 -4.000000000000000E-003  0.000000000000000E+000
 -3.000000000000003E-003  0.000000000000000E+000
 -2.000000000000002E-003  0.000000000000000E+000
 -1.000000000000001E-003  0.000000000000000E+000
  0.000000000000000E+000  0.000000000000000E+000
  1.000000000000001E-003  8.451564001059257E-004
  1.999999999999998E-003  1.304558136991868E-002
  2.999999999999999E-003  7.729010059777797E-002
  4.000000000000000E-003  0.289847752859034     
  4.999999999999998E-003  0.483031352793923     
  5.999999999999998E-003  0.605189121962754     
  6.999999999999999E-003  0.653499746017940     
  8.000000000000000E-003  0.736780842924460     
  9.000000000000001E-003  6.479450290956407E-002
  1.000000000000000E-002  0.000000000000000E+000
  1.100000000000000E-002  0.000000000000000E+000
  1.200000000000000E-002  0.000000000000000E+000
  1.300000000000000E-002  0.000000000000000E+000
  1.400000000000000E-002  0.000000000000000E+000
  1.500000000000000E-002  0.000000000000000E+000
  1.600000000000000E-002  0.000000000000000E+000
  1.700000000000000E-002  0.000000000000000E+000
  1.800000000000000E-002  0.000000000000000E+000
  1.900000000000000E-002  0.000000000000000E+000
  2.000000000000000E-002  0.000000000000000E+000
  2.100000000000000E-002  0.000000000000000E+000
  2.200000000000000E-002  0.000000000000000E+000
  2.300000000000000E-002  0.000000000000000E+000
  2.400000000000000E-002  0.000000000000000E+000
  2.500000000000000E-002  0.000000000000000E+000
4
   99.5183500000000     
 9
41
 9
41
27
35
  120.51932000
