 -2.500000000000000E-002  0.000000000000000E+000
 -2.400000000000000E-002  0.000000000000000E+000
 -2.300000000000000E-002  0.000000000000000E+000
 -2.200000000000000E-002  0.000000000000000E+000
 -2.100000000000000E-002  0.000000000000000E+000
 -2.000000000000000E-002  0.000000000000000E+000
 -1.900000000000000E-002  0.000000000000000E+000
 -1.800000000000000E-002  0.000000000000000E+000
 -1.700000000000000E-002  0.000000000000000E+000
 -1.600000000000000E-002  0.000000000000000E+000
 -1.500000000000000E-002  0.000000000000000E+000
 -1.400000000000000E-002  0.000000000000000E+000
 -1.300000000000000E-002  0.000000000000000E+000
 -1.200000000000000E-002  0.000000000000000E+000
 -1.100000000000000E-002  0.000000000000000E+000
 -1.000000000000000E-002  0.148208056406308     
 -9.000000000000001E-003  0.534640053681967     
 -8.000000000000000E-003  0.422686403332336     
 -6.999999999999999E-003  0.870810973979697     
 -6.000000000000002E-003  0.616000281912510     
 -5.000000000000001E-003  0.869491483566861     
 -4.000000000000000E-003   4.88451249551230     
 -3.000000000000003E-003   23.6119697682581     
 -2.000000000000002E-003   34.2643237606886     
 -1.000000000000001E-003   41.3972472965873     
  0.000000000000000E+000   28.7040643351596     
  1.000000000000001E-003   25.0970308767914     
  1.999999999999998E-003   24.9231275151922     
  2.999999999999999E-003   11.7040967942494     
  4.000000000000000E-003   2.86032343838686     
  4.999999999999998E-003   1.48524636829856     
  5.999999999999998E-003  0.266858646522631     
  6.999999999999999E-003  0.292217489857758     
  8.000000000000000E-003  0.577698352934878     
  9.000000000000001E-003  0.303672838851161     
  1.000000000000000E-002  0.171672585496669     
  1.100000000000000E-002  8.286037038246555E-002
  1.200000000000000E-002  0.125247852127878     
  1.300000000000000E-002  7.368395584219277E-002
  1.400000000000000E-002  7.148909554067816E-002
  1.500000000000000E-002  0.134672977371887     
  1.600000000000000E-002  5.168467037710780E-002
  1.700000000000000E-002  2.060958121473714E-002
  1.800000000000000E-002  1.675366030036321E-002
  1.900000000000000E-002  4.829958263864527E-003
  2.000000000000000E-002  6.596615030796549E-003
  2.100000000000000E-002  4.757510330018344E-003
  2.200000000000000E-002  0.000000000000000E+000
  2.300000000000000E-002  0.000000000000000E+000
  2.400000000000000E-002  0.000000000000000E+000
  2.500000000000000E-002  0.000000000000000E+000
 -2.500000000000000E-002  0.000000000000000E+000
 -2.400000000000000E-002  0.000000000000000E+000
 -2.300000000000000E-002  0.000000000000000E+000
 -2.200000000000000E-002  0.000000000000000E+000
 -2.100000000000000E-002  0.000000000000000E+000
 -2.000000000000000E-002  0.000000000000000E+000
 -1.900000000000000E-002  0.000000000000000E+000
 -1.800000000000000E-002  0.000000000000000E+000
 -1.700000000000000E-002  0.000000000000000E+000
 -1.600000000000000E-002  0.000000000000000E+000
 -1.500000000000000E-002  0.000000000000000E+000
 -1.400000000000000E-002  0.000000000000000E+000
 -1.300000000000000E-002  0.000000000000000E+000
 -1.200000000000000E-002  0.000000000000000E+000
 -1.100000000000000E-002  0.000000000000000E+000
 -1.000000000000000E-002  0.000000000000000E+000
 -9.000000000000001E-003  0.000000000000000E+000
 -8.000000000000000E-003  0.000000000000000E+000
 -6.999999999999999E-003  0.000000000000000E+000
 -6.000000000000002E-003  0.000000000000000E+000
 -5.000000000000001E-003  0.000000000000000E+000
 -4.000000000000000E-003  0.000000000000000E+000
 -3.000000000000003E-003  0.000000000000000E+000
 -2.000000000000002E-003  0.000000000000000E+000
 -1.000000000000001E-003  0.000000000000000E+000
  0.000000000000000E+000  0.000000000000000E+000
  1.000000000000001E-003  0.000000000000000E+000
  1.999999999999998E-003  0.000000000000000E+000
  2.999999999999999E-003  0.000000000000000E+000
  4.000000000000000E-003  0.000000000000000E+000
  4.999999999999998E-003  0.000000000000000E+000
  5.999999999999998E-003  0.000000000000000E+000
  6.999999999999999E-003  0.000000000000000E+000
  8.000000000000000E-003  0.000000000000000E+000
  9.000000000000001E-003  0.000000000000000E+000
  1.000000000000000E-002  0.000000000000000E+000
  1.100000000000000E-002  0.000000000000000E+000
  1.200000000000000E-002  0.000000000000000E+000
  1.300000000000000E-002  0.000000000000000E+000
  1.400000000000000E-002  0.000000000000000E+000
  1.500000000000000E-002  0.000000000000000E+000
  1.600000000000000E-002  0.000000000000000E+000
  1.700000000000000E-002  0.000000000000000E+000
  1.800000000000000E-002  0.000000000000000E+000
  1.900000000000000E-002  0.000000000000000E+000
  2.000000000000000E-002  0.000000000000000E+000
  2.100000000000000E-002  0.000000000000000E+000
  2.200000000000000E-002  0.000000000000000E+000
  2.300000000000000E-002  0.000000000000000E+000
  2.400000000000000E-002  0.000000000000000E+000
  2.500000000000000E-002  0.000000000000000E+000
 -2.500000000000000E-002  0.000000000000000E+000
 -2.400000000000000E-002  0.000000000000000E+000
 -2.300000000000000E-002  0.000000000000000E+000
 -2.200000000000000E-002  0.000000000000000E+000
 -2.100000000000000E-002  0.000000000000000E+000
 -2.000000000000000E-002  0.000000000000000E+000
 -1.900000000000000E-002  0.000000000000000E+000
 -1.800000000000000E-002  0.000000000000000E+000
 -1.700000000000000E-002  0.000000000000000E+000
 -1.600000000000000E-002  0.000000000000000E+000
 -1.500000000000000E-002  0.000000000000000E+000
 -1.400000000000000E-002  0.000000000000000E+000
 -1.300000000000000E-002  0.000000000000000E+000
 -1.200000000000000E-002  0.000000000000000E+000
 -1.100000000000000E-002  0.000000000000000E+000
 -1.000000000000000E-002  0.262969542942692     
 -9.000000000000001E-003  0.687213554750699     
 -8.000000000000000E-003  0.389469048766258     
 -6.999999999999999E-003  0.564913601579725     
 -6.000000000000002E-003  0.273441771587969     
 -5.000000000000001E-003  0.227752793706408     
 -4.000000000000000E-003  3.441539312382635E-002
 -3.000000000000003E-003  2.947290998609902E-002
 -2.000000000000002E-003  1.269775338191695E-002
 -1.000000000000001E-003  1.383812094874716E-003
  0.000000000000000E+000  0.000000000000000E+000
  1.000000000000001E-003  0.000000000000000E+000
  1.999999999999998E-003  0.000000000000000E+000
  2.999999999999999E-003  1.381563968994196E-003
  4.000000000000000E-003  3.893228992605356E-002
  4.999999999999998E-003  3.519797046497404E-002
  5.999999999999998E-003  2.763143491049854E-002
  6.999999999999999E-003  6.496962503331885E-002
  8.000000000000000E-003  0.125161603775652     
  9.000000000000001E-003  0.208323349277978     
  1.000000000000000E-002  0.304603288367042     
  1.100000000000000E-002  0.201957744792694     
  1.200000000000000E-002  0.419151100155213     
  1.300000000000000E-002  0.339657853387635     
  1.400000000000000E-002  0.456747841871205     
  1.500000000000000E-002   1.20310837988641     
  1.600000000000000E-002  0.652757417232160     
  1.700000000000000E-002  0.372754527023596     
  1.800000000000000E-002  0.440271849181858     
  1.900000000000000E-002  0.187365198252776     
  2.000000000000000E-002  0.384200796411713     
  2.100000000000000E-002  0.423499921710833     
  2.200000000000000E-002  0.000000000000000E+000
  2.300000000000000E-002  0.000000000000000E+000
  2.400000000000000E-002  0.000000000000000E+000
  2.500000000000000E-002  0.000000000000000E+000
4
   108.227940000000     
16
47
 0
 0
16
47
  205.66141000
