 -2.500000000000000E-002  0.000000000000000E+000
 -2.400000000000000E-002  0.000000000000000E+000
 -2.300000000000000E-002  0.000000000000000E+000
 -2.200000000000000E-002  0.000000000000000E+000
 -2.100000000000000E-002  8.370494448524553E-004
 -2.000000000000000E-002  1.364336960904879E-002
 -1.900000000000000E-002  2.607810816492302E-002
 -1.800000000000000E-002  6.733827663915325E-002
 -1.700000000000000E-002  0.453888463639264     
 -1.600000000000000E-002  0.527788725131423     
 -1.500000000000000E-002  0.210159037110045     
 -1.400000000000000E-002  0.568734627199984     
 -1.300000000000000E-002  0.743978524249403     
 -1.200000000000000E-002  0.587090835010717     
 -1.100000000000000E-002  0.583654077761788     
 -1.000000000000000E-002   1.26645779957657     
 -9.000000000000001E-003   4.06328314096172     
 -8.000000000000000E-003   4.93083331913756     
 -6.999999999999999E-003   3.70581847212215     
 -6.000000000000002E-003   4.77328753820561     
 -5.000000000000001E-003   5.40410528121339     
 -4.000000000000000E-003   8.23902092532049     
 -3.000000000000003E-003   10.2931910804933     
 -2.000000000000002E-003   9.17033478844467     
 -1.000000000000001E-003   8.08743102790071     
  0.000000000000000E+000   5.15776169768495     
  1.000000000000001E-003   3.66503701983205     
  1.999999999999998E-003   8.78129318340933     
  2.999999999999999E-003   4.61779974537299     
  4.000000000000000E-003   4.52261365757761     
  4.999999999999998E-003   5.34257718355891     
  5.999999999999998E-003   2.11936759255637     
  6.999999999999999E-003   3.19567190192831     
  8.000000000000000E-003   4.81909811554897     
  9.000000000000001E-003   3.65777526732831     
  1.000000000000000E-002   3.08020965083296     
  1.100000000000000E-002   1.69583960024483     
  1.200000000000000E-002  0.515555552502363     
  1.300000000000000E-002  0.246550538553547     
  1.400000000000000E-002  4.142663488574366E-002
  1.500000000000000E-002  0.000000000000000E+000
  1.600000000000000E-002  0.000000000000000E+000
  1.700000000000000E-002  0.000000000000000E+000
  1.800000000000000E-002  0.000000000000000E+000
  1.900000000000000E-002  0.000000000000000E+000
  2.000000000000000E-002  0.000000000000000E+000
  2.100000000000000E-002  0.000000000000000E+000
  2.200000000000000E-002  0.000000000000000E+000
  2.300000000000000E-002  0.000000000000000E+000
  2.400000000000000E-002  0.000000000000000E+000
  2.500000000000000E-002  0.000000000000000E+000
 -2.500000000000000E-002  0.000000000000000E+000
 -2.400000000000000E-002  0.000000000000000E+000
 -2.300000000000000E-002  0.000000000000000E+000
 -2.200000000000000E-002  0.000000000000000E+000
 -2.100000000000000E-002  7.451174033746018E-002
 -2.000000000000000E-002  0.794618671100919     
 -1.900000000000000E-002   1.01162984014456     
 -1.800000000000000E-002   1.76959225895232     
 -1.700000000000000E-002  0.644711973032013     
 -1.600000000000000E-002   1.93853319282425     
 -1.500000000000000E-002   1.82536324519124     
 -1.400000000000000E-002  0.884580993590022     
 -1.300000000000000E-002  0.451895887576771     
 -1.200000000000000E-002  0.514071912101102     
 -1.100000000000000E-002  0.705765555165631     
 -1.000000000000000E-002  0.730770303925377     
 -9.000000000000001E-003  0.264465126409498     
 -8.000000000000000E-003  3.098387707219918E-002
 -6.999999999999999E-003  2.643350315091221E-002
 -6.000000000000002E-003  2.143372434765483E-002
 -5.000000000000001E-003  0.000000000000000E+000
 -4.000000000000000E-003  0.000000000000000E+000
 -3.000000000000003E-003  0.000000000000000E+000
 -2.000000000000002E-003  0.000000000000000E+000
 -1.000000000000001E-003  0.000000000000000E+000
  0.000000000000000E+000  0.000000000000000E+000
  1.000000000000001E-003  2.544787384869867E-003
  1.999999999999998E-003  5.239018543862769E-002
  2.999999999999999E-003  0.212099514592341     
  4.000000000000000E-003  0.539722723652852     
  4.999999999999998E-003  0.699172620432027     
  5.999999999999998E-003  0.203605916159781     
  6.999999999999999E-003  0.953469858339190     
  8.000000000000000E-003   2.48155735646569     
  9.000000000000001E-003   2.64934535108967     
  1.000000000000000E-002  0.587194674581746     
  1.100000000000000E-002  0.000000000000000E+000
  1.200000000000000E-002  0.000000000000000E+000
  1.300000000000000E-002  0.000000000000000E+000
  1.400000000000000E-002  0.000000000000000E+000
  1.500000000000000E-002  0.000000000000000E+000
  1.600000000000000E-002  0.000000000000000E+000
  1.700000000000000E-002  0.000000000000000E+000
  1.800000000000000E-002  0.000000000000000E+000
  1.900000000000000E-002  0.000000000000000E+000
  2.000000000000000E-002  0.000000000000000E+000
  2.100000000000000E-002  0.000000000000000E+000
  2.200000000000000E-002  0.000000000000000E+000
  2.300000000000000E-002  0.000000000000000E+000
  2.400000000000000E-002  0.000000000000000E+000
  2.500000000000000E-002  0.000000000000000E+000
 -2.500000000000000E-002  0.000000000000000E+000
 -2.400000000000000E-002  0.000000000000000E+000
 -2.300000000000000E-002  0.000000000000000E+000
 -2.200000000000000E-002  0.000000000000000E+000
 -2.100000000000000E-002  0.000000000000000E+000
 -2.000000000000000E-002  0.000000000000000E+000
 -1.900000000000000E-002  0.000000000000000E+000
 -1.800000000000000E-002  0.000000000000000E+000
 -1.700000000000000E-002  0.000000000000000E+000
 -1.600000000000000E-002  0.000000000000000E+000
 -1.500000000000000E-002  0.000000000000000E+000
 -1.400000000000000E-002  0.000000000000000E+000
 -1.300000000000000E-002  0.000000000000000E+000
 -1.200000000000000E-002  0.000000000000000E+000
 -1.100000000000000E-002  0.000000000000000E+000
 -1.000000000000000E-002  0.000000000000000E+000
 -9.000000000000001E-003  0.000000000000000E+000
 -8.000000000000000E-003  0.000000000000000E+000
 -6.999999999999999E-003  0.000000000000000E+000
 -6.000000000000002E-003  0.000000000000000E+000
 -5.000000000000001E-003  0.000000000000000E+000
 -4.000000000000000E-003  0.000000000000000E+000
 -3.000000000000003E-003  0.000000000000000E+000
 -2.000000000000002E-003  0.000000000000000E+000
 -1.000000000000001E-003  0.000000000000000E+000
  0.000000000000000E+000  0.000000000000000E+000
  1.000000000000001E-003  4.159513807057235E-004
  1.999999999999998E-003  2.790097572127628E-002
  2.999999999999999E-003  7.025108609155863E-002
  4.000000000000000E-003  0.152893256700630     
  4.999999999999998E-003  0.693048923216196     
  5.999999999999998E-003  0.682118549512224     
  6.999999999999999E-003   1.06179634135865     
  8.000000000000000E-003   1.92410316870634     
  9.000000000000001E-003   2.05227160901028     
  1.000000000000000E-002   4.87810420111917     
  1.100000000000000E-002   4.13331414782169     
  1.200000000000000E-002   1.72534437398463     
  1.300000000000000E-002   1.13651371888900     
  1.400000000000000E-002  0.264677094274934     
  1.500000000000000E-002  0.000000000000000E+000
  1.600000000000000E-002  0.000000000000000E+000
  1.700000000000000E-002  0.000000000000000E+000
  1.800000000000000E-002  0.000000000000000E+000
  1.900000000000000E-002  0.000000000000000E+000
  2.000000000000000E-002  0.000000000000000E+000
  2.100000000000000E-002  0.000000000000000E+000
  2.200000000000000E-002  0.000000000000000E+000
  2.300000000000000E-002  0.000000000000000E+000
  2.400000000000000E-002  0.000000000000000E+000
  2.500000000000000E-002  0.000000000000000E+000
1
   72.1258818181818     
 5
40
 5
36
27
40
  146.51965000
