 -2.500000000000000E-002  0.000000000000000E+000
 -2.400000000000000E-002  0.000000000000000E+000
 -2.300000000000000E-002  0.000000000000000E+000
 -2.200000000000000E-002  0.000000000000000E+000
 -2.100000000000000E-002  0.000000000000000E+000
 -2.000000000000000E-002  0.000000000000000E+000
 -1.900000000000000E-002  0.000000000000000E+000
 -1.800000000000000E-002  0.000000000000000E+000
 -1.700000000000000E-002  0.000000000000000E+000
 -1.600000000000000E-002  0.000000000000000E+000
 -1.500000000000000E-002  0.000000000000000E+000
 -1.400000000000000E-002  0.000000000000000E+000
 -1.300000000000000E-002  0.000000000000000E+000
 -1.200000000000000E-002  0.000000000000000E+000
 -1.100000000000000E-002  3.899499977506597E-002
 -1.000000000000000E-002  0.548049000501196     
 -9.000000000000001E-003   1.29275364477040     
 -8.000000000000000E-003  0.728937106284218     
 -6.999999999999999E-003   1.77959084140786     
 -6.000000000000002E-003   1.79691227964640     
 -5.000000000000001E-003   2.19062047738545     
 -4.000000000000000E-003   3.51718080917784     
 -3.000000000000003E-003   23.7378835833449     
 -2.000000000000002E-003   53.9342478039390     
 -1.000000000000001E-003   69.0028649407670     
  0.000000000000000E+000   52.2482188482801     
  1.000000000000001E-003   45.1795768818541     
  1.999999999999998E-003   27.0806563738778     
  2.999999999999999E-003   27.4708893528240     
  4.000000000000000E-003   2.66315953273139     
  4.999999999999998E-003   1.37690334635773     
  5.999999999999998E-003  0.344750985093701     
  6.999999999999999E-003  0.771346461925788     
  8.000000000000000E-003  0.522267809079932     
  9.000000000000001E-003  0.203776381334693     
  1.000000000000000E-002  0.601021640153177     
  1.100000000000000E-002  0.227508505500047     
  1.200000000000000E-002  8.302645162055118E-002
  1.300000000000000E-002  4.260439436216619E-002
  1.400000000000000E-002  7.846921529168260E-002
  1.500000000000000E-002  0.127784925308470     
  1.600000000000000E-002  2.219111815195484E-002
  1.700000000000000E-002  4.228030918859957E-002
  1.800000000000000E-002  1.669221605673617E-002
  1.900000000000000E-002  3.495332145973352E-002
  2.000000000000000E-002  4.443061400136034E-003
  2.100000000000000E-002  6.908135686161058E-003
  2.200000000000000E-002  4.187050014086754E-003
  2.300000000000000E-002  0.000000000000000E+000
  2.400000000000000E-002  0.000000000000000E+000
  2.500000000000000E-002  0.000000000000000E+000
 -2.500000000000000E-002  0.000000000000000E+000
 -2.400000000000000E-002  0.000000000000000E+000
 -2.300000000000000E-002  0.000000000000000E+000
 -2.200000000000000E-002  0.000000000000000E+000
 -2.100000000000000E-002  0.000000000000000E+000
 -2.000000000000000E-002  0.000000000000000E+000
 -1.900000000000000E-002  0.000000000000000E+000
 -1.800000000000000E-002  0.000000000000000E+000
 -1.700000000000000E-002  0.000000000000000E+000
 -1.600000000000000E-002  0.000000000000000E+000
 -1.500000000000000E-002  0.000000000000000E+000
 -1.400000000000000E-002  0.000000000000000E+000
 -1.300000000000000E-002  0.000000000000000E+000
 -1.200000000000000E-002  0.000000000000000E+000
 -1.100000000000000E-002  0.000000000000000E+000
 -1.000000000000000E-002  0.000000000000000E+000
 -9.000000000000001E-003  0.000000000000000E+000
 -8.000000000000000E-003  0.000000000000000E+000
 -6.999999999999999E-003  0.000000000000000E+000
 -6.000000000000002E-003  0.000000000000000E+000
 -5.000000000000001E-003  0.000000000000000E+000
 -4.000000000000000E-003  0.000000000000000E+000
 -3.000000000000003E-003  0.000000000000000E+000
 -2.000000000000002E-003  0.000000000000000E+000
 -1.000000000000001E-003  0.000000000000000E+000
  0.000000000000000E+000  0.000000000000000E+000
  1.000000000000001E-003  0.000000000000000E+000
  1.999999999999998E-003  0.000000000000000E+000
  2.999999999999999E-003  0.000000000000000E+000
  4.000000000000000E-003  0.000000000000000E+000
  4.999999999999998E-003  0.000000000000000E+000
  5.999999999999998E-003  0.000000000000000E+000
  6.999999999999999E-003  0.000000000000000E+000
  8.000000000000000E-003  0.000000000000000E+000
  9.000000000000001E-003  0.000000000000000E+000
  1.000000000000000E-002  0.000000000000000E+000
  1.100000000000000E-002  0.000000000000000E+000
  1.200000000000000E-002  0.000000000000000E+000
  1.300000000000000E-002  0.000000000000000E+000
  1.400000000000000E-002  0.000000000000000E+000
  1.500000000000000E-002  0.000000000000000E+000
  1.600000000000000E-002  0.000000000000000E+000
  1.700000000000000E-002  0.000000000000000E+000
  1.800000000000000E-002  0.000000000000000E+000
  1.900000000000000E-002  0.000000000000000E+000
  2.000000000000000E-002  0.000000000000000E+000
  2.100000000000000E-002  0.000000000000000E+000
  2.200000000000000E-002  0.000000000000000E+000
  2.300000000000000E-002  0.000000000000000E+000
  2.400000000000000E-002  0.000000000000000E+000
  2.500000000000000E-002  0.000000000000000E+000
 -2.500000000000000E-002  0.000000000000000E+000
 -2.400000000000000E-002  0.000000000000000E+000
 -2.300000000000000E-002  0.000000000000000E+000
 -2.200000000000000E-002  0.000000000000000E+000
 -2.100000000000000E-002  0.000000000000000E+000
 -2.000000000000000E-002  0.000000000000000E+000
 -1.900000000000000E-002  0.000000000000000E+000
 -1.800000000000000E-002  0.000000000000000E+000
 -1.700000000000000E-002  0.000000000000000E+000
 -1.600000000000000E-002  0.000000000000000E+000
 -1.500000000000000E-002  0.000000000000000E+000
 -1.400000000000000E-002  0.000000000000000E+000
 -1.300000000000000E-002  0.000000000000000E+000
 -1.200000000000000E-002  0.000000000000000E+000
 -1.100000000000000E-002  9.504353138192641E-002
 -1.000000000000000E-002  0.972418090261554     
 -9.000000000000001E-003   1.66167465666173     
 -8.000000000000000E-003  0.671652646398773     
 -6.999999999999999E-003   1.15445843196442     
 -6.000000000000002E-003  0.730281305459301     
 -5.000000000000001E-003  0.484241181141849     
 -4.000000000000000E-003  0.118866887223543     
 -3.000000000000003E-003  5.615601312704100E-002
 -2.000000000000002E-003  1.697413734954215E-002
 -1.000000000000001E-003  4.000418203217414E-003
  0.000000000000000E+000  0.000000000000000E+000
  1.000000000000001E-003  1.073705487827136E-003
  1.999999999999998E-003  2.272872109283865E-002
  2.999999999999999E-003  3.688391713385964E-002
  4.000000000000000E-003  7.768832044476258E-002
  4.999999999999998E-003  0.281009712010276     
  5.999999999999998E-003  1.106661473811333E-002
  6.999999999999999E-003  0.389361503526638     
  8.000000000000000E-003  0.320326017068904     
  9.000000000000001E-003  0.193664979212321     
  1.000000000000000E-002  0.259211512098294     
  1.100000000000000E-002  0.547911137467661     
  1.200000000000000E-002  0.277854094481446     
  1.300000000000000E-002  0.196391697059882     
  1.400000000000000E-002  0.501344218537626     
  1.500000000000000E-002   1.14157359153977     
  1.600000000000000E-002  0.280265248180428     
  1.700000000000000E-002  0.764701450737792     
  1.800000000000000E-002  0.438657147064335     
  1.900000000000000E-002   1.35591979208035     
  2.000000000000000E-002  0.258773283035175     
  2.100000000000000E-002  0.614942421416821     
  2.200000000000000E-002  0.580321811860066     
  2.300000000000000E-002  0.000000000000000E+000
  2.400000000000000E-002  0.000000000000000E+000
  2.500000000000000E-002  0.000000000000000E+000
4
   112.803770588235     
15
48
 0
 0
15
48
  338.38475000
