 -2.500000000000000E-002  0.000000000000000E+000
 -2.400000000000000E-002  0.000000000000000E+000
 -2.300000000000000E-002  0.000000000000000E+000
 -2.200000000000000E-002  0.000000000000000E+000
 -2.100000000000000E-002  0.000000000000000E+000
 -2.000000000000000E-002  0.000000000000000E+000
 -1.900000000000000E-002  3.021288882033557E-003
 -1.800000000000000E-002  3.084634148679386E-002
 -1.700000000000000E-002  6.514431250207790E-002
 -1.600000000000000E-002  4.028343248957916E-002
 -1.500000000000000E-002  8.538544051968917E-002
 -1.400000000000000E-002  0.181568855152274     
 -1.300000000000000E-002  0.132648835610485     
 -1.200000000000000E-002  0.159494498047670     
 -1.100000000000000E-002  0.552711084415153     
 -1.000000000000000E-002  0.613403131576138     
 -9.000000000000001E-003  0.626169595685536     
 -8.000000000000000E-003   1.05254057554238     
 -6.999999999999999E-003   2.42158693936664     
 -6.000000000000002E-003   6.49625046231840     
 -5.000000000000001E-003   12.4907012092977     
 -4.000000000000000E-003   10.7343546995767     
 -3.000000000000003E-003   11.2188591254455     
 -2.000000000000002E-003   7.47871320189331     
 -1.000000000000001E-003   7.21672957965385     
  0.000000000000000E+000   11.2421216585801     
  1.000000000000001E-003   10.5767817639942     
  1.999999999999998E-003   5.41306910427066     
  2.999999999999999E-003   7.96456755217614     
  4.000000000000000E-003   8.30077233285249     
  4.999999999999998E-003   9.17537897466883     
  5.999999999999998E-003   10.3302946033004     
  6.999999999999999E-003   7.07293186644629     
  8.000000000000000E-003   3.14590105937139     
  9.000000000000001E-003  0.400113210340416     
  1.000000000000000E-002  0.890693401765371     
  1.100000000000000E-002  0.763340499320217     
  1.200000000000000E-002  0.131286714431386     
  1.300000000000000E-002  0.000000000000000E+000
  1.400000000000000E-002  0.000000000000000E+000
  1.500000000000000E-002  0.000000000000000E+000
  1.600000000000000E-002  0.000000000000000E+000
  1.700000000000000E-002  0.000000000000000E+000
  1.800000000000000E-002  0.000000000000000E+000
  1.900000000000000E-002  0.000000000000000E+000
  2.000000000000000E-002  0.000000000000000E+000
  2.100000000000000E-002  0.000000000000000E+000
  2.200000000000000E-002  0.000000000000000E+000
  2.300000000000000E-002  0.000000000000000E+000
  2.400000000000000E-002  0.000000000000000E+000
  2.500000000000000E-002  0.000000000000000E+000
 -2.500000000000000E-002  0.000000000000000E+000
 -2.400000000000000E-002  0.000000000000000E+000
 -2.300000000000000E-002  0.000000000000000E+000
 -2.200000000000000E-002  0.000000000000000E+000
 -2.100000000000000E-002  0.000000000000000E+000
 -2.000000000000000E-002  0.000000000000000E+000
 -1.900000000000000E-002  0.117202749886330     
 -1.800000000000000E-002  0.810615445425462     
 -1.700000000000000E-002   1.17823051045917     
 -1.600000000000000E-002  0.508764187858505     
 -1.500000000000000E-002  0.762795484396675     
 -1.400000000000000E-002   1.16005360138650     
 -1.300000000000000E-002  0.611465796629055     
 -1.200000000000000E-002  0.533760006176617     
 -1.100000000000000E-002  0.251112989231645     
 -1.000000000000000E-002  0.197919340729807     
 -9.000000000000001E-003  0.165342077011464     
 -8.000000000000000E-003  0.207440541223407     
 -6.999999999999999E-003  4.181159552985876E-002
 -6.000000000000002E-003  0.000000000000000E+000
 -5.000000000000001E-003  0.000000000000000E+000
 -4.000000000000000E-003  0.000000000000000E+000
 -3.000000000000003E-003  0.000000000000000E+000
 -2.000000000000002E-003  0.000000000000000E+000
 -1.000000000000001E-003  0.000000000000000E+000
  0.000000000000000E+000  0.000000000000000E+000
  1.000000000000001E-003  7.781904365663003E-003
  1.999999999999998E-003  2.343701991413914E-002
  2.999999999999999E-003  0.000000000000000E+000
  4.000000000000000E-003  1.587827752920935E-002
  4.999999999999998E-003  0.239192301785970     
  5.999999999999998E-003  0.497519031555696     
  6.999999999999999E-003  0.438899166005502     
  8.000000000000000E-003  0.996345056161551     
  9.000000000000001E-003  0.514295963587335     
  1.000000000000000E-002   1.58038127240661     
  1.100000000000000E-002   1.86050973511292     
  1.200000000000000E-002  0.439360594651108     
  1.300000000000000E-002  0.000000000000000E+000
  1.400000000000000E-002  0.000000000000000E+000
  1.500000000000000E-002  0.000000000000000E+000
  1.600000000000000E-002  0.000000000000000E+000
  1.700000000000000E-002  0.000000000000000E+000
  1.800000000000000E-002  0.000000000000000E+000
  1.900000000000000E-002  0.000000000000000E+000
  2.000000000000000E-002  0.000000000000000E+000
  2.100000000000000E-002  0.000000000000000E+000
  2.200000000000000E-002  0.000000000000000E+000
  2.300000000000000E-002  0.000000000000000E+000
  2.400000000000000E-002  0.000000000000000E+000
  2.500000000000000E-002  0.000000000000000E+000
 -2.500000000000000E-002  0.000000000000000E+000
 -2.400000000000000E-002  0.000000000000000E+000
 -2.300000000000000E-002  0.000000000000000E+000
 -2.200000000000000E-002  0.000000000000000E+000
 -2.100000000000000E-002  0.000000000000000E+000
 -2.000000000000000E-002  0.000000000000000E+000
 -1.900000000000000E-002  0.000000000000000E+000
 -1.800000000000000E-002  0.000000000000000E+000
 -1.700000000000000E-002  0.000000000000000E+000
 -1.600000000000000E-002  0.000000000000000E+000
 -1.500000000000000E-002  0.000000000000000E+000
 -1.400000000000000E-002  0.000000000000000E+000
 -1.300000000000000E-002  0.000000000000000E+000
 -1.200000000000000E-002  0.000000000000000E+000
 -1.100000000000000E-002  0.000000000000000E+000
 -1.000000000000000E-002  0.000000000000000E+000
 -9.000000000000001E-003  0.000000000000000E+000
 -8.000000000000000E-003  0.000000000000000E+000
 -6.999999999999999E-003  0.000000000000000E+000
 -6.000000000000002E-003  0.000000000000000E+000
 -5.000000000000001E-003  0.000000000000000E+000
 -4.000000000000000E-003  0.000000000000000E+000
 -3.000000000000003E-003  0.000000000000000E+000
 -2.000000000000002E-003  0.000000000000000E+000
 -1.000000000000001E-003  0.000000000000000E+000
  0.000000000000000E+000  0.000000000000000E+000
  1.000000000000001E-003  0.000000000000000E+000
  1.999999999999998E-003  0.000000000000000E+000
  2.999999999999999E-003  0.000000000000000E+000
  4.000000000000000E-003  0.000000000000000E+000
  4.999999999999998E-003  0.000000000000000E+000
  5.999999999999998E-003  0.000000000000000E+000
  6.999999999999999E-003  0.000000000000000E+000
  8.000000000000000E-003  0.000000000000000E+000
  9.000000000000001E-003  0.000000000000000E+000
  1.000000000000000E-002  0.000000000000000E+000
  1.100000000000000E-002  0.000000000000000E+000
  1.200000000000000E-002  0.000000000000000E+000
  1.300000000000000E-002  0.000000000000000E+000
  1.400000000000000E-002  0.000000000000000E+000
  1.500000000000000E-002  0.000000000000000E+000
  1.600000000000000E-002  0.000000000000000E+000
  1.700000000000000E-002  0.000000000000000E+000
  1.800000000000000E-002  0.000000000000000E+000
  1.900000000000000E-002  0.000000000000000E+000
  2.000000000000000E-002  0.000000000000000E+000
  2.100000000000000E-002  0.000000000000000E+000
  2.200000000000000E-002  0.000000000000000E+000
  2.300000000000000E-002  0.000000000000000E+000
  2.400000000000000E-002  0.000000000000000E+000
  2.500000000000000E-002  0.000000000000000E+000
4
   103.939822222222     
 7
38
 7
38
 0
 0
  142.60401000
