 -2.500000000000000E-002  0.000000000000000E+000
 -2.400000000000000E-002  0.000000000000000E+000
 -2.300000000000000E-002  0.000000000000000E+000
 -2.200000000000000E-002  0.000000000000000E+000
 -2.100000000000000E-002  0.000000000000000E+000
 -2.000000000000000E-002  0.000000000000000E+000
 -1.900000000000000E-002  1.369402250709311E-003
 -1.800000000000000E-002  2.751586785970964E-002
 -1.700000000000000E-002  6.617031916728842E-002
 -1.600000000000000E-002  3.925783048138772E-002
 -1.500000000000000E-002  8.273917466256317E-002
 -1.400000000000000E-002  0.178680331024554     
 -1.300000000000000E-002  0.156862085562456     
 -1.200000000000000E-002  0.135925968966333     
 -1.100000000000000E-002  0.360035759768693     
 -1.000000000000000E-002  0.683670360337783     
 -9.000000000000001E-003  0.544892142532400     
 -8.000000000000000E-003   1.04159469707653     
 -6.999999999999999E-003   1.50705168923466     
 -6.000000000000002E-003   3.12499710197322     
 -5.000000000000001E-003   13.1840566327473     
 -4.000000000000000E-003   14.5517439097929     
 -3.000000000000003E-003   15.9239768532733     
 -2.000000000000002E-003   10.1187342131058     
 -1.000000000000001E-003   9.82389113428149     
  0.000000000000000E+000   12.1637708628274     
  1.000000000000001E-003   17.9879267300677     
  1.999999999999998E-003   9.31584599987099     
  2.999999999999999E-003   5.28902070108315     
  4.000000000000000E-003   7.91755644952891     
  4.999999999999998E-003   9.56338754084403     
  5.999999999999998E-003   9.83062120872001     
  6.999999999999999E-003   7.37586219257707     
  8.000000000000000E-003   2.95198740716631     
  9.000000000000001E-003  0.435457833229737     
  1.000000000000000E-002  0.868724940986167     
  1.100000000000000E-002  0.735733904311096     
  1.200000000000000E-002  0.241266913843003     
  1.300000000000000E-002  0.000000000000000E+000
  1.400000000000000E-002  0.000000000000000E+000
  1.500000000000000E-002  0.000000000000000E+000
  1.600000000000000E-002  0.000000000000000E+000
  1.700000000000000E-002  0.000000000000000E+000
  1.800000000000000E-002  0.000000000000000E+000
  1.900000000000000E-002  0.000000000000000E+000
  2.000000000000000E-002  0.000000000000000E+000
  2.100000000000000E-002  0.000000000000000E+000
  2.200000000000000E-002  0.000000000000000E+000
  2.300000000000000E-002  0.000000000000000E+000
  2.400000000000000E-002  0.000000000000000E+000
  2.500000000000000E-002  0.000000000000000E+000
 -2.500000000000000E-002  0.000000000000000E+000
 -2.400000000000000E-002  0.000000000000000E+000
 -2.300000000000000E-002  0.000000000000000E+000
 -2.200000000000000E-002  0.000000000000000E+000
 -2.100000000000000E-002  0.000000000000000E+000
 -2.000000000000000E-002  0.000000000000000E+000
 -1.900000000000000E-002  5.312226528157529E-002
 -1.800000000000000E-002  0.723093449863931     
 -1.700000000000000E-002   1.19678734697267     
 -1.600000000000000E-002  0.495811230761352     
 -1.500000000000000E-002  0.739154924202302     
 -1.400000000000000E-002   1.14159865869138     
 -1.300000000000000E-002  0.723080603519152     
 -1.200000000000000E-002  0.454886199355592     
 -1.100000000000000E-002  0.313330857105068     
 -1.000000000000000E-002  0.231008876860785     
 -9.000000000000001E-003  0.120239677160712     
 -8.000000000000000E-003  0.237543379648767     
 -6.999999999999999E-003  5.855297600014863E-002
 -6.000000000000002E-003  2.987001755883778E-004
 -5.000000000000001E-003  0.000000000000000E+000
 -4.000000000000000E-003  0.000000000000000E+000
 -3.000000000000003E-003  0.000000000000000E+000
 -2.000000000000002E-003  0.000000000000000E+000
 -1.000000000000001E-003  0.000000000000000E+000
  0.000000000000000E+000  0.000000000000000E+000
  1.000000000000001E-003  5.662705288508370E-003
  1.999999999999998E-003  3.546745500301828E-002
  2.999999999999999E-003  2.883445847620457E-003
  4.000000000000000E-003  0.000000000000000E+000
  4.999999999999998E-003  0.228478944419981     
  5.999999999999998E-003  0.364142015368645     
  6.999999999999999E-003  0.511220899246916     
  8.000000000000000E-003   1.00277340608043     
  9.000000000000001E-003  0.535430944621268     
  1.000000000000000E-002   1.54140204124778     
  1.100000000000000E-002   1.79322346009734     
  1.200000000000000E-002  0.807417378024948     
  1.300000000000000E-002  0.000000000000000E+000
  1.400000000000000E-002  0.000000000000000E+000
  1.500000000000000E-002  0.000000000000000E+000
  1.600000000000000E-002  0.000000000000000E+000
  1.700000000000000E-002  0.000000000000000E+000
  1.800000000000000E-002  0.000000000000000E+000
  1.900000000000000E-002  0.000000000000000E+000
  2.000000000000000E-002  0.000000000000000E+000
  2.100000000000000E-002  0.000000000000000E+000
  2.200000000000000E-002  0.000000000000000E+000
  2.300000000000000E-002  0.000000000000000E+000
  2.400000000000000E-002  0.000000000000000E+000
  2.500000000000000E-002  0.000000000000000E+000
 -2.500000000000000E-002  0.000000000000000E+000
 -2.400000000000000E-002  0.000000000000000E+000
 -2.300000000000000E-002  0.000000000000000E+000
 -2.200000000000000E-002  0.000000000000000E+000
 -2.100000000000000E-002  0.000000000000000E+000
 -2.000000000000000E-002  0.000000000000000E+000
 -1.900000000000000E-002  0.000000000000000E+000
 -1.800000000000000E-002  0.000000000000000E+000
 -1.700000000000000E-002  0.000000000000000E+000
 -1.600000000000000E-002  0.000000000000000E+000
 -1.500000000000000E-002  0.000000000000000E+000
 -1.400000000000000E-002  0.000000000000000E+000
 -1.300000000000000E-002  0.000000000000000E+000
 -1.200000000000000E-002  0.000000000000000E+000
 -1.100000000000000E-002  0.000000000000000E+000
 -1.000000000000000E-002  0.000000000000000E+000
 -9.000000000000001E-003  0.000000000000000E+000
 -8.000000000000000E-003  0.000000000000000E+000
 -6.999999999999999E-003  0.000000000000000E+000
 -6.000000000000002E-003  0.000000000000000E+000
 -5.000000000000001E-003  0.000000000000000E+000
 -4.000000000000000E-003  0.000000000000000E+000
 -3.000000000000003E-003  0.000000000000000E+000
 -2.000000000000002E-003  0.000000000000000E+000
 -1.000000000000001E-003  0.000000000000000E+000
  0.000000000000000E+000  0.000000000000000E+000
  1.000000000000001E-003  0.000000000000000E+000
  1.999999999999998E-003  0.000000000000000E+000
  2.999999999999999E-003  0.000000000000000E+000
  4.000000000000000E-003  0.000000000000000E+000
  4.999999999999998E-003  0.000000000000000E+000
  5.999999999999998E-003  0.000000000000000E+000
  6.999999999999999E-003  0.000000000000000E+000
  8.000000000000000E-003  0.000000000000000E+000
  9.000000000000001E-003  0.000000000000000E+000
  1.000000000000000E-002  0.000000000000000E+000
  1.100000000000000E-002  0.000000000000000E+000
  1.200000000000000E-002  0.000000000000000E+000
  1.300000000000000E-002  0.000000000000000E+000
  1.400000000000000E-002  0.000000000000000E+000
  1.500000000000000E-002  0.000000000000000E+000
  1.600000000000000E-002  0.000000000000000E+000
  1.700000000000000E-002  0.000000000000000E+000
  1.800000000000000E-002  0.000000000000000E+000
  1.900000000000000E-002  0.000000000000000E+000
  2.000000000000000E-002  0.000000000000000E+000
  2.100000000000000E-002  0.000000000000000E+000
  2.200000000000000E-002  0.000000000000000E+000
  2.300000000000000E-002  0.000000000000000E+000
  2.400000000000000E-002  0.000000000000000E+000
  2.500000000000000E-002  0.000000000000000E+000
4
   105.116070000000     
 7
38
 7
38
 0
 0
  164.79564000
