 -2.500000000000000E-002  0.000000000000000E+000
 -2.400000000000000E-002  0.000000000000000E+000
 -2.300000000000000E-002  0.000000000000000E+000
 -2.200000000000000E-002  0.000000000000000E+000
 -2.100000000000000E-002  0.000000000000000E+000
 -2.000000000000000E-002  0.000000000000000E+000
 -1.900000000000000E-002  4.183335083816465E-003
 -1.800000000000000E-002  4.771670009096447E-002
 -1.700000000000000E-002  2.440388649081305E-002
 -1.600000000000000E-002  7.646574442073639E-002
 -1.500000000000000E-002  0.153279422978148     
 -1.400000000000000E-002  0.121870348910624     
 -1.300000000000000E-002  4.519452747967270E-002
 -1.200000000000000E-002  5.478304446838371E-002
 -1.100000000000000E-002  0.139294700444360     
 -1.000000000000000E-002  0.465260189076568     
 -9.000000000000001E-003  0.309330706202453     
 -8.000000000000000E-003   1.93190318645559     
 -6.999999999999999E-003   6.18168293309591     
 -6.000000000000002E-003   6.30344753819887     
 -5.000000000000001E-003   11.3010451509845     
 -4.000000000000000E-003   11.4186391301709     
 -3.000000000000003E-003   9.39854520559958     
 -2.000000000000002E-003   10.5578562545739     
 -1.000000000000001E-003   7.10885968156005     
  0.000000000000000E+000   3.33423607486730     
  1.000000000000001E-003   1.91068821140936     
  1.999999999999998E-003   3.12469658722968     
  2.999999999999999E-003   4.26803280248764     
  4.000000000000000E-003   3.28851213070377     
  4.999999999999998E-003   2.30455878092178     
  5.999999999999998E-003   1.00965323238104     
  6.999999999999999E-003   2.68233214714280     
  8.000000000000000E-003   2.39756365803232     
  9.000000000000001E-003   1.77583200041828     
  1.000000000000000E-002   2.19550857733488     
  1.100000000000000E-002   1.30882728111653     
  1.200000000000000E-002  0.643276565647688     
  1.300000000000000E-002  0.491173840683062     
  1.400000000000000E-002  0.267025261040904     
  1.500000000000000E-002  7.558011919083321E-003
  1.600000000000000E-002  0.000000000000000E+000
  1.700000000000000E-002  0.000000000000000E+000
  1.800000000000000E-002  0.000000000000000E+000
  1.900000000000000E-002  0.000000000000000E+000
  2.000000000000000E-002  0.000000000000000E+000
  2.100000000000000E-002  0.000000000000000E+000
  2.200000000000000E-002  0.000000000000000E+000
  2.300000000000000E-002  0.000000000000000E+000
  2.400000000000000E-002  0.000000000000000E+000
  2.500000000000000E-002  0.000000000000000E+000
 -2.500000000000000E-002  0.000000000000000E+000
 -2.400000000000000E-002  0.000000000000000E+000
 -2.300000000000000E-002  0.000000000000000E+000
 -2.200000000000000E-002  0.000000000000000E+000
 -2.100000000000000E-002  0.000000000000000E+000
 -2.000000000000000E-002  0.000000000000000E+000
 -1.900000000000000E-002  0.162281196755089     
 -1.800000000000000E-002   1.25395402612106     
 -1.700000000000000E-002  0.441380107224879     
 -1.600000000000000E-002  0.965732807631913     
 -1.500000000000000E-002   1.36933007532705     
 -1.400000000000000E-002  0.778636495986229     
 -1.300000000000000E-002  0.208331325499004     
 -1.200000000000000E-002  0.183335466186920     
 -1.100000000000000E-002  0.339506611344690     
 -1.000000000000000E-002  0.825523674202156     
 -9.000000000000001E-003  0.284777709612502     
 -8.000000000000000E-003  3.122421446381169E-002
 -6.999999999999999E-003  2.561322595920122E-002
 -6.000000000000002E-003  2.133851417265484E-002
 -5.000000000000001E-003  0.000000000000000E+000
 -4.000000000000000E-003  0.000000000000000E+000
 -3.000000000000003E-003  0.000000000000000E+000
 -2.000000000000002E-003  0.000000000000000E+000
 -1.000000000000001E-003  0.000000000000000E+000
  0.000000000000000E+000  0.000000000000000E+000
  1.000000000000001E-003  1.555728501933062E-003
  1.999999999999998E-003  4.247042930057407E-002
  2.999999999999999E-003  0.158701148357298     
  4.000000000000000E-003  0.337195033191420     
  4.999999999999998E-003  0.361235858045330     
  5.999999999999998E-003  7.185829857349070E-002
  6.999999999999999E-003  0.842452614501793     
  8.000000000000000E-003   1.14162786396285     
  9.000000000000001E-003  0.302672996927502     
  1.000000000000000E-002  0.000000000000000E+000
  1.100000000000000E-002  0.000000000000000E+000
  1.200000000000000E-002  0.000000000000000E+000
  1.300000000000000E-002  0.000000000000000E+000
  1.400000000000000E-002  0.000000000000000E+000
  1.500000000000000E-002  0.000000000000000E+000
  1.600000000000000E-002  0.000000000000000E+000
  1.700000000000000E-002  0.000000000000000E+000
  1.800000000000000E-002  0.000000000000000E+000
  1.900000000000000E-002  0.000000000000000E+000
  2.000000000000000E-002  0.000000000000000E+000
  2.100000000000000E-002  0.000000000000000E+000
  2.200000000000000E-002  0.000000000000000E+000
  2.300000000000000E-002  0.000000000000000E+000
  2.400000000000000E-002  0.000000000000000E+000
  2.500000000000000E-002  0.000000000000000E+000
 -2.500000000000000E-002  0.000000000000000E+000
 -2.400000000000000E-002  0.000000000000000E+000
 -2.300000000000000E-002  0.000000000000000E+000
 -2.200000000000000E-002  0.000000000000000E+000
 -2.100000000000000E-002  0.000000000000000E+000
 -2.000000000000000E-002  0.000000000000000E+000
 -1.900000000000000E-002  0.000000000000000E+000
 -1.800000000000000E-002  0.000000000000000E+000
 -1.700000000000000E-002  0.000000000000000E+000
 -1.600000000000000E-002  0.000000000000000E+000
 -1.500000000000000E-002  0.000000000000000E+000
 -1.400000000000000E-002  0.000000000000000E+000
 -1.300000000000000E-002  0.000000000000000E+000
 -1.200000000000000E-002  0.000000000000000E+000
 -1.100000000000000E-002  0.000000000000000E+000
 -1.000000000000000E-002  0.000000000000000E+000
 -9.000000000000001E-003  0.000000000000000E+000
 -8.000000000000000E-003  0.000000000000000E+000
 -6.999999999999999E-003  0.000000000000000E+000
 -6.000000000000002E-003  0.000000000000000E+000
 -5.000000000000001E-003  0.000000000000000E+000
 -4.000000000000000E-003  0.000000000000000E+000
 -3.000000000000003E-003  0.000000000000000E+000
 -2.000000000000002E-003  0.000000000000000E+000
 -1.000000000000001E-003  0.000000000000000E+000
  0.000000000000000E+000  0.000000000000000E+000
  1.000000000000001E-003  6.167063771072772E-004
  1.999999999999998E-003  1.215185012937534E-002
  2.999999999999999E-003  7.048952627542372E-002
  4.000000000000000E-003  0.148532392842263     
  4.999999999999998E-003  0.188228760348424     
  5.999999999999998E-003  0.147512201662307     
  6.999999999999999E-003  0.897633304432486     
  8.000000000000000E-003   1.06752017081843     
  9.000000000000001E-003   1.97993903941917     
  1.000000000000000E-002   3.89554995259987     
  1.100000000000000E-002   3.19003891483187     
  1.200000000000000E-002   2.15277208841875     
  1.300000000000000E-002   2.26414353653687     
  1.400000000000000E-002   1.70603937262194     
  1.500000000000000E-002  6.751991121441352E-002
  1.600000000000000E-002  0.000000000000000E+000
  1.700000000000000E-002  0.000000000000000E+000
  1.800000000000000E-002  0.000000000000000E+000
  1.900000000000000E-002  0.000000000000000E+000
  2.000000000000000E-002  0.000000000000000E+000
  2.100000000000000E-002  0.000000000000000E+000
  2.200000000000000E-002  0.000000000000000E+000
  2.300000000000000E-002  0.000000000000000E+000
  2.400000000000000E-002  0.000000000000000E+000
  2.500000000000000E-002  0.000000000000000E+000
1
   78.3427428571428     
 7
41
 7
35
27
41
  108.26393000
