 -2.500000000000000E-002  0.000000000000000E+000
 -2.400000000000000E-002  0.000000000000000E+000
 -2.300000000000000E-002  0.000000000000000E+000
 -2.200000000000000E-002  0.000000000000000E+000
 -2.100000000000000E-002  0.000000000000000E+000
 -2.000000000000000E-002  0.000000000000000E+000
 -1.900000000000000E-002  0.000000000000000E+000
 -1.800000000000000E-002  0.000000000000000E+000
 -1.700000000000000E-002  0.000000000000000E+000
 -1.600000000000000E-002  2.226827523446408E-002
 -1.500000000000000E-002  7.430552430615103E-002
 -1.400000000000000E-002  0.203878067889142     
 -1.300000000000000E-002  1.535445973063307E-002
 -1.200000000000000E-002  0.225530383469003     
 -1.100000000000000E-002  0.280219187202962     
 -1.000000000000000E-002  0.406255179459907     
 -9.000000000000001E-003  0.315693581820766     
 -8.000000000000000E-003  0.300849239954033     
 -6.999999999999999E-003  0.752365056541615     
 -6.000000000000002E-003  0.904327953173534     
 -5.000000000000001E-003   2.27998315268226     
 -4.000000000000000E-003   7.07350916272940     
 -3.000000000000003E-003   17.3510572176405     
 -2.000000000000002E-003   18.5429687643991     
 -1.000000000000001E-003   16.4953172611010     
  0.000000000000000E+000   12.1584346078099     
  1.000000000000001E-003   10.9453065216106     
  1.999999999999998E-003   11.7154346720693     
  2.999999999999999E-003   4.62862571098810     
  4.000000000000000E-003   1.46933038055034     
  4.999999999999998E-003   1.03149583954821     
  5.999999999999998E-003  0.926675127456559     
  6.999999999999999E-003  0.579744321018284     
  8.000000000000000E-003  0.727113538011019     
  9.000000000000001E-003  0.534283184567155     
  1.000000000000000E-002  0.245485674435360     
  1.100000000000000E-002  0.359797675216163     
  1.200000000000000E-002  0.460754044213741     
  1.300000000000000E-002  0.296871005791523     
  1.400000000000000E-002  0.320181630235564     
  1.500000000000000E-002  0.201182156012784     
  1.600000000000000E-002  6.962320502993966E-002
  1.700000000000000E-002  0.000000000000000E+000
  1.800000000000000E-002  0.000000000000000E+000
  1.900000000000000E-002  0.000000000000000E+000
  2.000000000000000E-002  0.000000000000000E+000
  2.100000000000000E-002  0.000000000000000E+000
  2.200000000000000E-002  0.000000000000000E+000
  2.300000000000000E-002  0.000000000000000E+000
  2.400000000000000E-002  0.000000000000000E+000
  2.500000000000000E-002  0.000000000000000E+000
 -2.500000000000000E-002  0.000000000000000E+000
 -2.400000000000000E-002  0.000000000000000E+000
 -2.300000000000000E-002  0.000000000000000E+000
 -2.200000000000000E-002  0.000000000000000E+000
 -2.100000000000000E-002  0.000000000000000E+000
 -2.000000000000000E-002  0.000000000000000E+000
 -1.900000000000000E-002  0.000000000000000E+000
 -1.800000000000000E-002  0.000000000000000E+000
 -1.700000000000000E-002  0.000000000000000E+000
 -1.600000000000000E-002  0.281239712321002     
 -1.500000000000000E-002  0.663812449306149     
 -1.400000000000000E-002   1.30258841308532     
 -1.300000000000000E-002  7.077881164799461E-002
 -1.200000000000000E-002  0.754753927859324     
 -1.100000000000000E-002  0.682985543438117     
 -1.000000000000000E-002  0.720829497741975     
 -9.000000000000001E-003  0.405784989510124     
 -8.000000000000000E-003  0.277206615550449     
 -6.999999999999999E-003  9.912994105090574E-002
 -6.000000000000002E-003  6.437416151712715E-002
 -5.000000000000001E-003  0.105930375168445     
 -4.000000000000000E-003  3.349037008357474E-002
 -3.000000000000003E-003  1.732516443464335E-002
 -2.000000000000002E-003  8.561264107851584E-004
 -1.000000000000001E-003  5.013429965335793E-004
  0.000000000000000E+000  0.000000000000000E+000
  1.000000000000001E-003  3.299360707918905E-003
  1.999999999999998E-003  1.043316463071873E-002
  2.999999999999999E-003  1.452869134746019E-002
  4.000000000000000E-003  8.974888250062318E-002
  4.999999999999998E-003  7.887137787162959E-002
  5.999999999999998E-003  0.287166758596982     
  6.999999999999999E-003  0.260399112038930     
  8.000000000000000E-003  0.344677176626998     
  9.000000000000001E-003  0.686754843714588     
  1.000000000000000E-002  0.435571838471917     
  1.100000000000000E-002  0.876944270619469     
  1.200000000000000E-002   1.54194711727249     
  1.300000000000000E-002   1.36847387477583     
  1.400000000000000E-002   2.04565839742208     
  1.500000000000000E-002   1.79727175047311     
  1.600000000000000E-002  0.879314178907832     
  1.700000000000000E-002  0.000000000000000E+000
  1.800000000000000E-002  0.000000000000000E+000
  1.900000000000000E-002  0.000000000000000E+000
  2.000000000000000E-002  0.000000000000000E+000
  2.100000000000000E-002  0.000000000000000E+000
  2.200000000000000E-002  0.000000000000000E+000
  2.300000000000000E-002  0.000000000000000E+000
  2.400000000000000E-002  0.000000000000000E+000
  2.500000000000000E-002  0.000000000000000E+000
 -2.500000000000000E-002  0.000000000000000E+000
 -2.400000000000000E-002  0.000000000000000E+000
 -2.300000000000000E-002  0.000000000000000E+000
 -2.200000000000000E-002  0.000000000000000E+000
 -2.100000000000000E-002  0.000000000000000E+000
 -2.000000000000000E-002  0.000000000000000E+000
 -1.900000000000000E-002  0.000000000000000E+000
 -1.800000000000000E-002  0.000000000000000E+000
 -1.700000000000000E-002  0.000000000000000E+000
 -1.600000000000000E-002  0.000000000000000E+000
 -1.500000000000000E-002  0.000000000000000E+000
 -1.400000000000000E-002  0.000000000000000E+000
 -1.300000000000000E-002  0.000000000000000E+000
 -1.200000000000000E-002  0.000000000000000E+000
 -1.100000000000000E-002  0.000000000000000E+000
 -1.000000000000000E-002  0.000000000000000E+000
 -9.000000000000001E-003  0.000000000000000E+000
 -8.000000000000000E-003  0.000000000000000E+000
 -6.999999999999999E-003  0.000000000000000E+000
 -6.000000000000002E-003  0.000000000000000E+000
 -5.000000000000001E-003  0.000000000000000E+000
 -4.000000000000000E-003  0.000000000000000E+000
 -3.000000000000003E-003  0.000000000000000E+000
 -2.000000000000002E-003  0.000000000000000E+000
 -1.000000000000001E-003  0.000000000000000E+000
  0.000000000000000E+000  0.000000000000000E+000
  1.000000000000001E-003  0.000000000000000E+000
  1.999999999999998E-003  0.000000000000000E+000
  2.999999999999999E-003  0.000000000000000E+000
  4.000000000000000E-003  0.000000000000000E+000
  4.999999999999998E-003  0.000000000000000E+000
  5.999999999999998E-003  0.000000000000000E+000
  6.999999999999999E-003  0.000000000000000E+000
  8.000000000000000E-003  0.000000000000000E+000
  9.000000000000001E-003  0.000000000000000E+000
  1.000000000000000E-002  0.000000000000000E+000
  1.100000000000000E-002  0.000000000000000E+000
  1.200000000000000E-002  0.000000000000000E+000
  1.300000000000000E-002  0.000000000000000E+000
  1.400000000000000E-002  0.000000000000000E+000
  1.500000000000000E-002  0.000000000000000E+000
  1.600000000000000E-002  0.000000000000000E+000
  1.700000000000000E-002  0.000000000000000E+000
  1.800000000000000E-002  0.000000000000000E+000
  1.900000000000000E-002  0.000000000000000E+000
  2.000000000000000E-002  0.000000000000000E+000
  2.100000000000000E-002  0.000000000000000E+000
  2.200000000000000E-002  0.000000000000000E+000
  2.300000000000000E-002  0.000000000000000E+000
  2.400000000000000E-002  0.000000000000000E+000
  2.500000000000000E-002  0.000000000000000E+000
4
   96.2958833333333     
10
42
10
42
 0
 0
  113.87358000
