 -2.500000000000000E-002  0.000000000000000E+000
 -2.400000000000000E-002  0.000000000000000E+000
 -2.300000000000000E-002  0.000000000000000E+000
 -2.200000000000000E-002  0.000000000000000E+000
 -2.100000000000000E-002  0.000000000000000E+000
 -2.000000000000000E-002  0.000000000000000E+000
 -1.900000000000000E-002  0.000000000000000E+000
 -1.800000000000000E-002  0.000000000000000E+000
 -1.700000000000000E-002  0.000000000000000E+000
 -1.600000000000000E-002  5.978442195039373E-003
 -1.500000000000000E-002  5.461747571107359E-002
 -1.400000000000000E-002  0.111991286593271     
 -1.300000000000000E-002  0.113831819316947     
 -1.200000000000000E-002  0.152023210166298     
 -1.100000000000000E-002  0.225324495953387     
 -1.000000000000000E-002  0.237784413644183     
 -9.000000000000001E-003  0.362275522421000     
 -8.000000000000000E-003  0.583212981066145     
 -6.999999999999999E-003  0.564036369220503     
 -6.000000000000002E-003  0.776830128685671     
 -5.000000000000001E-003   2.52559109133231     
 -4.000000000000000E-003   7.40679043791128     
 -3.000000000000003E-003   26.5996855395483     
 -2.000000000000002E-003   62.5822805711312     
 -1.000000000000001E-003   74.5357839405788     
  0.000000000000000E+000   58.8291126622791     
  1.000000000000001E-003   48.6481009661383     
  1.999999999999998E-003   28.1257797213214     
  2.999999999999999E-003   29.0949472657490     
  4.000000000000000E-003   3.67641128555262     
  4.999999999999998E-003   1.53375014213800     
  5.999999999999998E-003  0.830886166733667     
  6.999999999999999E-003  0.262339601270936     
  8.000000000000000E-003  0.603536997183567     
  9.000000000000001E-003  0.499487686686092     
  1.000000000000000E-002  0.481614577548539     
  1.100000000000000E-002  0.339508041952603     
  1.200000000000000E-002  0.340102143449723     
  1.300000000000000E-002  0.380149829762289     
  1.400000000000000E-002  0.327943585558033     
  1.500000000000000E-002  0.180209235068310     
  1.600000000000000E-002  6.460807033709241E-002
  1.700000000000000E-002  0.000000000000000E+000
  1.800000000000000E-002  0.000000000000000E+000
  1.900000000000000E-002  0.000000000000000E+000
  2.000000000000000E-002  0.000000000000000E+000
  2.100000000000000E-002  0.000000000000000E+000
  2.200000000000000E-002  0.000000000000000E+000
  2.300000000000000E-002  0.000000000000000E+000
  2.400000000000000E-002  0.000000000000000E+000
  2.500000000000000E-002  0.000000000000000E+000
 -2.500000000000000E-002  0.000000000000000E+000
 -2.400000000000000E-002  0.000000000000000E+000
 -2.300000000000000E-002  0.000000000000000E+000
 -2.200000000000000E-002  0.000000000000000E+000
 -2.100000000000000E-002  0.000000000000000E+000
 -2.000000000000000E-002  0.000000000000000E+000
 -1.900000000000000E-002  0.000000000000000E+000
 -1.800000000000000E-002  0.000000000000000E+000
 -1.700000000000000E-002  0.000000000000000E+000
 -1.600000000000000E-002  7.550541500665445E-002
 -1.500000000000000E-002  0.487928194642799     
 -1.400000000000000E-002  0.715518612635831     
 -1.300000000000000E-002  0.524725782627754     
 -1.200000000000000E-002  0.508756794689558     
 -1.100000000000000E-002  0.549189278774043     
 -1.000000000000000E-002  0.421907284199738     
 -9.000000000000001E-003  0.465660303315391     
 -8.000000000000000E-003  0.195350238641533     
 -6.999999999999999E-003  0.115416218945364     
 -6.000000000000002E-003  6.450220184553686E-002
 -5.000000000000001E-003  5.635764630591990E-002
 -4.000000000000000E-003  3.960285878925832E-002
 -3.000000000000003E-003  1.136000056141371E-002
 -2.000000000000002E-003  0.000000000000000E+000
 -1.000000000000001E-003  0.000000000000000E+000
  0.000000000000000E+000  0.000000000000000E+000
  1.000000000000001E-003  1.704718705171438E-003
  1.999999999999998E-003  9.108685786244098E-003
  2.999999999999999E-003  2.852040465861248E-002
  4.000000000000000E-003  0.107712730645751     
  4.999999999999998E-003  0.143525729625522     
  5.999999999999998E-003  0.296486083448227     
  6.999999999999999E-003  0.170185279491447     
  8.000000000000000E-003  0.211893590369450     
  9.000000000000001E-003  0.614421273604979     
  1.000000000000000E-002  0.854541705784670     
  1.100000000000000E-002  0.827491817563013     
  1.200000000000000E-002   1.13817670459170     
  1.300000000000000E-002   1.75236079098779     
  1.400000000000000E-002   2.09524996541474     
  1.500000000000000E-002   1.60990901868086     
  1.600000000000000E-002  0.815974965456558     
  1.700000000000000E-002  0.000000000000000E+000
  1.800000000000000E-002  0.000000000000000E+000
  1.900000000000000E-002  0.000000000000000E+000
  2.000000000000000E-002  0.000000000000000E+000
  2.100000000000000E-002  0.000000000000000E+000
  2.200000000000000E-002  0.000000000000000E+000
  2.300000000000000E-002  0.000000000000000E+000
  2.400000000000000E-002  0.000000000000000E+000
  2.500000000000000E-002  0.000000000000000E+000
 -2.500000000000000E-002  0.000000000000000E+000
 -2.400000000000000E-002  0.000000000000000E+000
 -2.300000000000000E-002  0.000000000000000E+000
 -2.200000000000000E-002  0.000000000000000E+000
 -2.100000000000000E-002  0.000000000000000E+000
 -2.000000000000000E-002  0.000000000000000E+000
 -1.900000000000000E-002  0.000000000000000E+000
 -1.800000000000000E-002  0.000000000000000E+000
 -1.700000000000000E-002  0.000000000000000E+000
 -1.600000000000000E-002  0.000000000000000E+000
 -1.500000000000000E-002  0.000000000000000E+000
 -1.400000000000000E-002  0.000000000000000E+000
 -1.300000000000000E-002  0.000000000000000E+000
 -1.200000000000000E-002  0.000000000000000E+000
 -1.100000000000000E-002  0.000000000000000E+000
 -1.000000000000000E-002  0.000000000000000E+000
 -9.000000000000001E-003  0.000000000000000E+000
 -8.000000000000000E-003  0.000000000000000E+000
 -6.999999999999999E-003  0.000000000000000E+000
 -6.000000000000002E-003  0.000000000000000E+000
 -5.000000000000001E-003  0.000000000000000E+000
 -4.000000000000000E-003  0.000000000000000E+000
 -3.000000000000003E-003  0.000000000000000E+000
 -2.000000000000002E-003  0.000000000000000E+000
 -1.000000000000001E-003  0.000000000000000E+000
  0.000000000000000E+000  0.000000000000000E+000
  1.000000000000001E-003  0.000000000000000E+000
  1.999999999999998E-003  0.000000000000000E+000
  2.999999999999999E-003  0.000000000000000E+000
  4.000000000000000E-003  0.000000000000000E+000
  4.999999999999998E-003  0.000000000000000E+000
  5.999999999999998E-003  0.000000000000000E+000
  6.999999999999999E-003  0.000000000000000E+000
  8.000000000000000E-003  0.000000000000000E+000
  9.000000000000001E-003  0.000000000000000E+000
  1.000000000000000E-002  0.000000000000000E+000
  1.100000000000000E-002  0.000000000000000E+000
  1.200000000000000E-002  0.000000000000000E+000
  1.300000000000000E-002  0.000000000000000E+000
  1.400000000000000E-002  0.000000000000000E+000
  1.500000000000000E-002  0.000000000000000E+000
  1.600000000000000E-002  0.000000000000000E+000
  1.700000000000000E-002  0.000000000000000E+000
  1.800000000000000E-002  0.000000000000000E+000
  1.900000000000000E-002  0.000000000000000E+000
  2.000000000000000E-002  0.000000000000000E+000
  2.100000000000000E-002  0.000000000000000E+000
  2.200000000000000E-002  0.000000000000000E+000
  2.300000000000000E-002  0.000000000000000E+000
  2.400000000000000E-002  0.000000000000000E+000
  2.500000000000000E-002  0.000000000000000E+000
4
   109.233494444444     
10
42
10
42
 0
 0
  375.76020000
