 -2.500000000000000E-002  0.000000000000000E+000
 -2.400000000000000E-002  0.000000000000000E+000
 -2.300000000000000E-002  0.000000000000000E+000
 -2.200000000000000E-002  0.000000000000000E+000
 -2.100000000000000E-002  0.000000000000000E+000
 -2.000000000000000E-002  0.000000000000000E+000
 -1.900000000000000E-002  0.000000000000000E+000
 -1.800000000000000E-002  0.000000000000000E+000
 -1.700000000000000E-002  0.000000000000000E+000
 -1.600000000000000E-002  0.000000000000000E+000
 -1.500000000000000E-002  0.000000000000000E+000
 -1.400000000000000E-002  0.000000000000000E+000
 -1.300000000000000E-002  0.000000000000000E+000
 -1.200000000000000E-002  0.000000000000000E+000
 -1.100000000000000E-002  0.330198457828622     
 -1.000000000000000E-002   2.25965020595350     
 -9.000000000000001E-003   2.37989863551794     
 -8.000000000000000E-003   2.90949720871719     
 -6.999999999999999E-003   4.26203605755012     
 -6.000000000000002E-003   4.76225727896768     
 -5.000000000000001E-003   7.02126477505802     
 -4.000000000000000E-003   14.4194864357893     
 -3.000000000000003E-003   14.6445398044858     
 -2.000000000000002E-003   18.3596018310465     
 -1.000000000000001E-003   13.1310768355099     
  0.000000000000000E+000   10.0374146390884     
  1.000000000000001E-003   9.13127947638355     
  1.999999999999998E-003   4.93243793947077     
  2.999999999999999E-003   3.27311950760449     
  4.000000000000000E-003   4.89113640756597     
  4.999999999999998E-003   1.37877389685600     
  5.999999999999998E-003   1.03164162925682     
  6.999999999999999E-003   1.90765546406083     
  8.000000000000000E-003   1.02398367217760     
  9.000000000000001E-003   1.30421594878955     
  1.000000000000000E-002  0.762008135875421     
  1.100000000000000E-002  0.541485872465131     
  1.200000000000000E-002  0.126331888499088     
  1.300000000000000E-002  7.147057380094711E-002
  1.400000000000000E-002  0.428011376583213     
  1.500000000000000E-002  0.372171754603429     
  1.600000000000000E-002  6.739453731176775E-002
  1.700000000000000E-002  8.612283224555978E-002
  1.800000000000000E-002  5.315131499377566E-002
  1.900000000000000E-002  4.938165337401581E-002
  2.000000000000000E-002  2.513630274118655E-002
  2.100000000000000E-002  1.569359184482361E-002
  2.200000000000000E-002  3.016077663275663E-003
  2.300000000000000E-002  0.000000000000000E+000
  2.400000000000000E-002  0.000000000000000E+000
  2.500000000000000E-002  0.000000000000000E+000
 -2.500000000000000E-002  0.000000000000000E+000
 -2.400000000000000E-002  0.000000000000000E+000
 -2.300000000000000E-002  0.000000000000000E+000
 -2.200000000000000E-002  0.000000000000000E+000
 -2.100000000000000E-002  0.000000000000000E+000
 -2.000000000000000E-002  0.000000000000000E+000
 -1.900000000000000E-002  0.000000000000000E+000
 -1.800000000000000E-002  0.000000000000000E+000
 -1.700000000000000E-002  0.000000000000000E+000
 -1.600000000000000E-002  0.000000000000000E+000
 -1.500000000000000E-002  0.000000000000000E+000
 -1.400000000000000E-002  0.000000000000000E+000
 -1.300000000000000E-002  0.000000000000000E+000
 -1.200000000000000E-002  0.000000000000000E+000
 -1.100000000000000E-002  0.000000000000000E+000
 -1.000000000000000E-002  0.000000000000000E+000
 -9.000000000000001E-003  0.000000000000000E+000
 -8.000000000000000E-003  0.000000000000000E+000
 -6.999999999999999E-003  0.000000000000000E+000
 -6.000000000000002E-003  0.000000000000000E+000
 -5.000000000000001E-003  0.000000000000000E+000
 -4.000000000000000E-003  0.000000000000000E+000
 -3.000000000000003E-003  0.000000000000000E+000
 -2.000000000000002E-003  0.000000000000000E+000
 -1.000000000000001E-003  0.000000000000000E+000
  0.000000000000000E+000  0.000000000000000E+000
  1.000000000000001E-003  0.000000000000000E+000
  1.999999999999998E-003  0.000000000000000E+000
  2.999999999999999E-003  0.000000000000000E+000
  4.000000000000000E-003  0.000000000000000E+000
  4.999999999999998E-003  0.000000000000000E+000
  5.999999999999998E-003  0.000000000000000E+000
  6.999999999999999E-003  0.000000000000000E+000
  8.000000000000000E-003  0.000000000000000E+000
  9.000000000000001E-003  0.000000000000000E+000
  1.000000000000000E-002  0.000000000000000E+000
  1.100000000000000E-002  0.000000000000000E+000
  1.200000000000000E-002  0.000000000000000E+000
  1.300000000000000E-002  0.000000000000000E+000
  1.400000000000000E-002  0.000000000000000E+000
  1.500000000000000E-002  0.000000000000000E+000
  1.600000000000000E-002  0.000000000000000E+000
  1.700000000000000E-002  0.000000000000000E+000
  1.800000000000000E-002  0.000000000000000E+000
  1.900000000000000E-002  0.000000000000000E+000
  2.000000000000000E-002  0.000000000000000E+000
  2.100000000000000E-002  0.000000000000000E+000
  2.200000000000000E-002  0.000000000000000E+000
  2.300000000000000E-002  0.000000000000000E+000
  2.400000000000000E-002  0.000000000000000E+000
  2.500000000000000E-002  0.000000000000000E+000
 -2.500000000000000E-002  0.000000000000000E+000
 -2.400000000000000E-002  0.000000000000000E+000
 -2.300000000000000E-002  0.000000000000000E+000
 -2.200000000000000E-002  0.000000000000000E+000
 -2.100000000000000E-002  0.000000000000000E+000
 -2.000000000000000E-002  0.000000000000000E+000
 -1.900000000000000E-002  0.000000000000000E+000
 -1.800000000000000E-002  0.000000000000000E+000
 -1.700000000000000E-002  0.000000000000000E+000
 -1.600000000000000E-002  0.000000000000000E+000
 -1.500000000000000E-002  0.000000000000000E+000
 -1.400000000000000E-002  0.000000000000000E+000
 -1.300000000000000E-002  0.000000000000000E+000
 -1.200000000000000E-002  0.000000000000000E+000
 -1.100000000000000E-002  0.804801325039762     
 -1.000000000000000E-002   4.00935817038798     
 -9.000000000000001E-003   3.05906486054916     
 -8.000000000000000E-003   2.68085062905660     
 -6.999999999999999E-003   2.74751330660684     
 -6.000000000000002E-003   1.80212237439947     
 -5.000000000000001E-003  0.623646908263015     
 -4.000000000000000E-003  0.310626245442451     
 -3.000000000000003E-003  9.212157592922920E-002
 -2.000000000000002E-003  3.383720135474604E-002
 -1.000000000000001E-003  8.896710812562542E-003
  0.000000000000000E+000  0.000000000000000E+000
  1.000000000000001E-003  7.390325380758274E-003
  1.999999999999998E-003  3.812938078328692E-002
  2.999999999999999E-003  0.113034275094744     
  4.000000000000000E-003  0.251603794298482     
  4.999999999999998E-003  0.104782496979186     
  5.999999999999998E-003  0.268606073209820     
  6.999999999999999E-003  0.764538953501010     
  8.000000000000000E-003  0.553222134637755     
  9.000000000000001E-003  0.998273145602517     
  1.000000000000000E-002   1.35205154205938     
  1.100000000000000E-002   1.31977765891454     
  1.200000000000000E-002  0.422778907178498     
  1.300000000000000E-002  0.329454918647454     
  1.400000000000000E-002   2.73458869597068     
  1.500000000000000E-002   3.32481664442570     
  1.600000000000000E-002  0.851166966727353     
  1.700000000000000E-002   1.55765783230329     
  1.800000000000000E-002   1.39677105296505     
  1.900000000000000E-002   1.91562799697348     
  2.000000000000000E-002   1.46399137844545     
  2.100000000000000E-002   1.39699852582747     
  2.200000000000000E-002  0.418025972552078     
  2.300000000000000E-002  0.000000000000000E+000
  2.400000000000000E-002  0.000000000000000E+000
  2.500000000000000E-002  0.000000000000000E+000
4
   101.261166666667     
15
48
 0
 0
15
48
  150.85828000
