 -2.500000000000000E-002  0.000000000000000E+000
 -2.400000000000000E-002  0.000000000000000E+000
 -2.300000000000000E-002  0.000000000000000E+000
 -2.200000000000000E-002  0.000000000000000E+000
 -2.100000000000000E-002  0.000000000000000E+000
 -2.000000000000000E-002  0.000000000000000E+000
 -1.900000000000000E-002  0.000000000000000E+000
 -1.800000000000000E-002  0.000000000000000E+000
 -1.700000000000000E-002  0.000000000000000E+000
 -1.600000000000000E-002  0.000000000000000E+000
 -1.500000000000000E-002  0.000000000000000E+000
 -1.400000000000000E-002  0.000000000000000E+000
 -1.300000000000000E-002  0.000000000000000E+000
 -1.200000000000000E-002  0.000000000000000E+000
 -1.100000000000000E-002  6.328216985323321E-002
 -1.000000000000000E-002  0.548179065581271     
 -9.000000000000001E-003   1.48239625297284     
 -8.000000000000000E-003  0.647398451547522     
 -6.999999999999999E-003   1.69728476557195     
 -6.000000000000002E-003   1.68130369700423     
 -5.000000000000001E-003   2.42728231610885     
 -4.000000000000000E-003   3.47588967323434     
 -3.000000000000003E-003   13.0657404953305     
 -2.000000000000002E-003   19.3143275033484     
 -1.000000000000001E-003   21.8066876360781     
  0.000000000000000E+000   14.7428965364728     
  1.000000000000001E-003   13.5866353222989     
  1.999999999999998E-003   11.3721026689216     
  2.999999999999999E-003   6.72148465477953     
  4.000000000000000E-003   1.77987113311305     
  4.999999999999998E-003  0.907322392954405     
  5.999999999999998E-003  0.484151971676401     
  6.999999999999999E-003  0.701787622247475     
  8.000000000000000E-003  0.684277418532723     
  9.000000000000001E-003  4.689876968699012E-003
  1.000000000000000E-002  0.284661619286540     
  1.100000000000000E-002  0.181373469280207     
  1.200000000000000E-002  9.359248047133539E-002
  1.300000000000000E-002  3.186812375093490E-002
  1.400000000000000E-002  3.734634907234941E-002
  1.500000000000000E-002  0.217185656065480     
  1.600000000000000E-002  2.784163713485461E-002
  1.700000000000000E-002  2.269301125852215E-002
  1.800000000000000E-002  1.286551638048521E-002
  1.900000000000000E-002  1.875458154340222E-002
  2.000000000000000E-002  9.243714882774673E-003
  2.100000000000000E-002  8.585809477227892E-003
  2.200000000000000E-002  3.019677769011262E-003
  2.300000000000000E-002  0.000000000000000E+000
  2.400000000000000E-002  0.000000000000000E+000
  2.500000000000000E-002  0.000000000000000E+000
 -2.500000000000000E-002  0.000000000000000E+000
 -2.400000000000000E-002  0.000000000000000E+000
 -2.300000000000000E-002  0.000000000000000E+000
 -2.200000000000000E-002  0.000000000000000E+000
 -2.100000000000000E-002  0.000000000000000E+000
 -2.000000000000000E-002  0.000000000000000E+000
 -1.900000000000000E-002  0.000000000000000E+000
 -1.800000000000000E-002  0.000000000000000E+000
 -1.700000000000000E-002  0.000000000000000E+000
 -1.600000000000000E-002  0.000000000000000E+000
 -1.500000000000000E-002  0.000000000000000E+000
 -1.400000000000000E-002  0.000000000000000E+000
 -1.300000000000000E-002  0.000000000000000E+000
 -1.200000000000000E-002  0.000000000000000E+000
 -1.100000000000000E-002  0.000000000000000E+000
 -1.000000000000000E-002  0.000000000000000E+000
 -9.000000000000001E-003  0.000000000000000E+000
 -8.000000000000000E-003  0.000000000000000E+000
 -6.999999999999999E-003  0.000000000000000E+000
 -6.000000000000002E-003  0.000000000000000E+000
 -5.000000000000001E-003  0.000000000000000E+000
 -4.000000000000000E-003  0.000000000000000E+000
 -3.000000000000003E-003  0.000000000000000E+000
 -2.000000000000002E-003  0.000000000000000E+000
 -1.000000000000001E-003  0.000000000000000E+000
  0.000000000000000E+000  0.000000000000000E+000
  1.000000000000001E-003  0.000000000000000E+000
  1.999999999999998E-003  0.000000000000000E+000
  2.999999999999999E-003  0.000000000000000E+000
  4.000000000000000E-003  0.000000000000000E+000
  4.999999999999998E-003  0.000000000000000E+000
  5.999999999999998E-003  0.000000000000000E+000
  6.999999999999999E-003  0.000000000000000E+000
  8.000000000000000E-003  0.000000000000000E+000
  9.000000000000001E-003  0.000000000000000E+000
  1.000000000000000E-002  0.000000000000000E+000
  1.100000000000000E-002  0.000000000000000E+000
  1.200000000000000E-002  0.000000000000000E+000
  1.300000000000000E-002  0.000000000000000E+000
  1.400000000000000E-002  0.000000000000000E+000
  1.500000000000000E-002  0.000000000000000E+000
  1.600000000000000E-002  0.000000000000000E+000
  1.700000000000000E-002  0.000000000000000E+000
  1.800000000000000E-002  0.000000000000000E+000
  1.900000000000000E-002  0.000000000000000E+000
  2.000000000000000E-002  0.000000000000000E+000
  2.100000000000000E-002  0.000000000000000E+000
  2.200000000000000E-002  0.000000000000000E+000
  2.300000000000000E-002  0.000000000000000E+000
  2.400000000000000E-002  0.000000000000000E+000
  2.500000000000000E-002  0.000000000000000E+000
 -2.500000000000000E-002  0.000000000000000E+000
 -2.400000000000000E-002  0.000000000000000E+000
 -2.300000000000000E-002  0.000000000000000E+000
 -2.200000000000000E-002  0.000000000000000E+000
 -2.100000000000000E-002  0.000000000000000E+000
 -2.000000000000000E-002  0.000000000000000E+000
 -1.900000000000000E-002  0.000000000000000E+000
 -1.800000000000000E-002  0.000000000000000E+000
 -1.700000000000000E-002  0.000000000000000E+000
 -1.600000000000000E-002  0.000000000000000E+000
 -1.500000000000000E-002  0.000000000000000E+000
 -1.400000000000000E-002  0.000000000000000E+000
 -1.300000000000000E-002  0.000000000000000E+000
 -1.200000000000000E-002  0.000000000000000E+000
 -1.100000000000000E-002  0.154239285320062     
 -1.000000000000000E-002  0.972648868233343     
 -9.000000000000001E-003   1.90543673549863     
 -8.000000000000000E-003  0.596521811700472     
 -6.999999999999999E-003   1.10106472986181     
 -6.000000000000002E-003  0.669861508544509     
 -5.000000000000001E-003  0.597279922676533     
 -4.000000000000000E-003  8.906973457500031E-002
 -3.000000000000003E-003  4.089569345066962E-002
 -2.000000000000002E-003  1.076696468747894E-002
 -1.000000000000001E-003  4.736405013459943E-003
  0.000000000000000E+000  0.000000000000000E+000
  1.000000000000001E-003  4.709634166170750E-003
  1.999999999999998E-003  1.555939408434340E-002
  2.999999999999999E-003  4.224653796632132E-002
  4.000000000000000E-003  8.472110265870889E-002
  4.999999999999998E-003  4.651681544225866E-002
  5.999999999999998E-003  5.060972106735087E-002
  6.999999999999999E-003  0.366778536432945     
  8.000000000000000E-003  0.435144974023122     
  9.000000000000001E-003  0.000000000000000E+000
  1.000000000000000E-002  0.505082771694198     
  1.100000000000000E-002  0.442066293597077     
  1.200000000000000E-002  0.313214083030839     
  1.300000000000000E-002  0.146901158888865     
  1.400000000000000E-002  0.238607919313487     
  1.500000000000000E-002   1.94023989001118     
  1.600000000000000E-002  0.351629119718876     
  1.700000000000000E-002  0.410436417425256     
  1.800000000000000E-002  0.338094755770648     
  1.900000000000000E-002  0.727533385809390     
  2.000000000000000E-002  0.538373484459042     
  2.100000000000000E-002  0.764284129555663     
  2.200000000000000E-002  0.418524944352353     
  2.300000000000000E-002  0.000000000000000E+000
  2.400000000000000E-002  0.000000000000000E+000
  2.500000000000000E-002  0.000000000000000E+000
4
   108.663014285714     
15
48
 0
 0
15
48
  118.26214000
