 -2.500000000000000E-002  0.000000000000000E+000
 -2.400000000000000E-002  0.000000000000000E+000
 -2.300000000000000E-002  0.000000000000000E+000
 -2.200000000000000E-002  0.000000000000000E+000
 -2.100000000000000E-002  0.000000000000000E+000
 -2.000000000000000E-002  0.000000000000000E+000
 -1.900000000000000E-002  0.000000000000000E+000
 -1.800000000000000E-002  0.000000000000000E+000
 -1.700000000000000E-002  5.896438046010319E-003
 -1.600000000000000E-002  4.405727730882331E-002
 -1.500000000000000E-002  0.173163537808493     
 -1.400000000000000E-002  5.257219341655854E-002
 -1.300000000000000E-002  0.128092946347234     
 -1.200000000000000E-002  0.184419653294693     
 -1.100000000000000E-002  0.320870361307692     
 -1.000000000000000E-002  0.369128837418264     
 -9.000000000000001E-003  0.345951130049590     
 -8.000000000000000E-003  0.728999656429919     
 -6.999999999999999E-003  0.959582509773145     
 -6.000000000000002E-003   2.13222606283581     
 -5.000000000000001E-003   6.68073364329815     
 -4.000000000000000E-003   17.0567787762781     
 -3.000000000000003E-003   19.8255528531212     
 -2.000000000000002E-003   14.3045828648909     
 -1.000000000000001E-003   13.5237100891274     
  0.000000000000000E+000   10.0213438425681     
  1.000000000000001E-003   10.3528440255247     
  1.999999999999998E-003   6.05069204183059     
  2.999999999999999E-003   2.84713130809637     
  4.000000000000000E-003   1.81746459361781     
  4.999999999999998E-003   1.89450225806514     
  5.999999999999998E-003   1.39209724594489     
  6.999999999999999E-003   1.17958485962617     
  8.000000000000000E-003  0.874233508887044     
  9.000000000000001E-003  0.982934876185690     
  1.000000000000000E-002   1.56940073877772     
  1.100000000000000E-002  0.835831231005701     
  1.200000000000000E-002  0.688750657650941     
  1.300000000000000E-002  0.708523055936557     
  1.400000000000000E-002  0.334243545740112     
  1.500000000000000E-002  0.118791952729906     
  1.600000000000000E-002  2.095794767940802E-003
  1.700000000000000E-002  0.000000000000000E+000
  1.800000000000000E-002  0.000000000000000E+000
  1.900000000000000E-002  0.000000000000000E+000
  2.000000000000000E-002  0.000000000000000E+000
  2.100000000000000E-002  0.000000000000000E+000
  2.200000000000000E-002  0.000000000000000E+000
  2.300000000000000E-002  0.000000000000000E+000
  2.400000000000000E-002  0.000000000000000E+000
  2.500000000000000E-002  0.000000000000000E+000
 -2.500000000000000E-002  0.000000000000000E+000
 -2.400000000000000E-002  0.000000000000000E+000
 -2.300000000000000E-002  0.000000000000000E+000
 -2.200000000000000E-002  0.000000000000000E+000
 -2.100000000000000E-002  0.000000000000000E+000
 -2.000000000000000E-002  0.000000000000000E+000
 -1.900000000000000E-002  0.000000000000000E+000
 -1.800000000000000E-002  0.000000000000000E+000
 -1.700000000000000E-002  0.106645736857227     
 -1.600000000000000E-002  0.556426389808734     
 -1.500000000000000E-002   1.54696589838419     
 -1.400000000000000E-002  0.335886692982225     
 -1.300000000000000E-002  0.590464704196644     
 -1.200000000000000E-002  0.617173861710543     
 -1.100000000000000E-002  0.782065711767942     
 -1.000000000000000E-002  0.654955229941985     
 -9.000000000000001E-003  0.281793174144496     
 -8.000000000000000E-003  8.623680776052250E-002
 -6.999999999999999E-003  7.953013287835420E-002
 -6.000000000000002E-003  0.151160342558534     
 -5.000000000000001E-003  5.509202076550396E-002
 -4.000000000000000E-003  3.403298822943004E-002
 -3.000000000000003E-003  2.821431469151737E-003
 -2.000000000000002E-003  1.721983360535532E-003
 -1.000000000000001E-003  0.000000000000000E+000
  0.000000000000000E+000  0.000000000000000E+000
  1.000000000000001E-003  1.664219646042717E-003
  1.999999999999998E-003  1.223896039585119E-002
  2.999999999999999E-003  4.076863500840766E-002
  4.000000000000000E-003  5.650794534194171E-002
  4.999999999999998E-003  0.195606378428605     
  5.999999999999998E-003  0.247911463246229     
  6.999999999999999E-003  0.261092215607720     
  8.000000000000000E-003  0.429089931507972     
  9.000000000000001E-003  0.466293842558730     
  1.000000000000000E-002   1.07097694661458     
  1.100000000000000E-002  0.833747757873542     
  1.200000000000000E-002   1.63031120593343     
  1.300000000000000E-002   1.57603575450874     
  1.400000000000000E-002   1.89579050571084     
  1.500000000000000E-002   1.06123438110201     
  1.600000000000000E-002  2.646907815775965E-002
  1.700000000000000E-002  0.000000000000000E+000
  1.800000000000000E-002  0.000000000000000E+000
  1.900000000000000E-002  0.000000000000000E+000
  2.000000000000000E-002  0.000000000000000E+000
  2.100000000000000E-002  0.000000000000000E+000
  2.200000000000000E-002  0.000000000000000E+000
  2.300000000000000E-002  0.000000000000000E+000
  2.400000000000000E-002  0.000000000000000E+000
  2.500000000000000E-002  0.000000000000000E+000
 -2.500000000000000E-002  0.000000000000000E+000
 -2.400000000000000E-002  0.000000000000000E+000
 -2.300000000000000E-002  0.000000000000000E+000
 -2.200000000000000E-002  0.000000000000000E+000
 -2.100000000000000E-002  0.000000000000000E+000
 -2.000000000000000E-002  0.000000000000000E+000
 -1.900000000000000E-002  0.000000000000000E+000
 -1.800000000000000E-002  0.000000000000000E+000
 -1.700000000000000E-002  0.000000000000000E+000
 -1.600000000000000E-002  0.000000000000000E+000
 -1.500000000000000E-002  0.000000000000000E+000
 -1.400000000000000E-002  0.000000000000000E+000
 -1.300000000000000E-002  0.000000000000000E+000
 -1.200000000000000E-002  0.000000000000000E+000
 -1.100000000000000E-002  0.000000000000000E+000
 -1.000000000000000E-002  0.000000000000000E+000
 -9.000000000000001E-003  0.000000000000000E+000
 -8.000000000000000E-003  0.000000000000000E+000
 -6.999999999999999E-003  0.000000000000000E+000
 -6.000000000000002E-003  0.000000000000000E+000
 -5.000000000000001E-003  0.000000000000000E+000
 -4.000000000000000E-003  0.000000000000000E+000
 -3.000000000000003E-003  0.000000000000000E+000
 -2.000000000000002E-003  0.000000000000000E+000
 -1.000000000000001E-003  0.000000000000000E+000
  0.000000000000000E+000  0.000000000000000E+000
  1.000000000000001E-003  0.000000000000000E+000
  1.999999999999998E-003  0.000000000000000E+000
  2.999999999999999E-003  0.000000000000000E+000
  4.000000000000000E-003  0.000000000000000E+000
  4.999999999999998E-003  0.000000000000000E+000
  5.999999999999998E-003  3.008931147411738E-002
  6.999999999999999E-003  0.135260948634553     
  8.000000000000000E-003  0.251440427394998     
  9.000000000000001E-003  0.797147169202470     
  1.000000000000000E-002   1.71365301870176     
  1.100000000000000E-002   1.20344553081267     
  1.200000000000000E-002  0.674643258213905     
  1.300000000000000E-002   1.69001338067158     
  1.400000000000000E-002  0.239710258728225     
  1.500000000000000E-002  0.000000000000000E+000
  1.600000000000000E-002  0.000000000000000E+000
  1.700000000000000E-002  0.000000000000000E+000
  1.800000000000000E-002  0.000000000000000E+000
  1.900000000000000E-002  0.000000000000000E+000
  2.000000000000000E-002  0.000000000000000E+000
  2.100000000000000E-002  0.000000000000000E+000
  2.200000000000000E-002  0.000000000000000E+000
  2.300000000000000E-002  0.000000000000000E+000
  2.400000000000000E-002  0.000000000000000E+000
  2.500000000000000E-002  0.000000000000000E+000
4
   96.1991000000000     
 9
42
 9
42
32
40
  124.71127000
