 -2.500000000000000E-002  0.000000000000000E+000
 -2.400000000000000E-002  0.000000000000000E+000
 -2.300000000000000E-002  0.000000000000000E+000
 -2.200000000000000E-002  0.000000000000000E+000
 -2.100000000000000E-002  0.000000000000000E+000
 -2.000000000000000E-002  2.477451727983053E-003
 -1.900000000000000E-002  3.117547410774307E-002
 -1.800000000000000E-002  2.429995086358162E-002
 -1.700000000000000E-002  4.540215405652278E-002
 -1.600000000000000E-002  0.134935658695242     
 -1.500000000000000E-002  6.812043824122882E-002
 -1.400000000000000E-002  2.714407191213710E-002
 -1.300000000000000E-002  3.846953095335055E-002
 -1.200000000000000E-002  0.180017524496959     
 -1.100000000000000E-002  0.504518375227115     
 -1.000000000000000E-002  0.512639067311450     
 -9.000000000000001E-003  0.389396509744257     
 -8.000000000000000E-003  0.877079529310290     
 -6.999999999999999E-003  0.551517383429952     
 -6.000000000000002E-003   3.01978467402705     
 -5.000000000000001E-003   10.4241490904467     
 -4.000000000000000E-003   11.3702129362495     
 -3.000000000000003E-003   11.5497406975156     
 -2.000000000000002E-003   9.91052869228580     
 -1.000000000000001E-003   8.12123703334298     
  0.000000000000000E+000   12.9890663953133     
  1.000000000000001E-003   8.93407685405562     
  1.999999999999998E-003   4.72068507796213     
  2.999999999999999E-003   4.69278643247594     
  4.000000000000000E-003   2.56107092287195     
  4.999999999999998E-003   2.42777935158324     
  5.999999999999998E-003   2.73957262723789     
  6.999999999999999E-003   3.62601663997344     
  8.000000000000000E-003   1.62220641112720     
  9.000000000000001E-003   2.50905414384320     
  1.000000000000000E-002   1.23995106593375     
  1.100000000000000E-002  0.523697983271146     
  1.200000000000000E-002  0.535426525494572     
  1.300000000000000E-002  0.246265795922395     
  1.400000000000000E-002  0.290429810625375     
  1.500000000000000E-002  6.811741440989362E-002
  1.600000000000000E-002  0.000000000000000E+000
  1.700000000000000E-002  0.000000000000000E+000
  1.800000000000000E-002  0.000000000000000E+000
  1.900000000000000E-002  0.000000000000000E+000
  2.000000000000000E-002  0.000000000000000E+000
  2.100000000000000E-002  0.000000000000000E+000
  2.200000000000000E-002  0.000000000000000E+000
  2.300000000000000E-002  0.000000000000000E+000
  2.400000000000000E-002  0.000000000000000E+000
  2.500000000000000E-002  0.000000000000000E+000
 -2.500000000000000E-002  0.000000000000000E+000
 -2.400000000000000E-002  0.000000000000000E+000
 -2.300000000000000E-002  0.000000000000000E+000
 -2.200000000000000E-002  0.000000000000000E+000
 -2.100000000000000E-002  0.000000000000000E+000
 -2.000000000000000E-002  0.144292022881276     
 -1.900000000000000E-002   1.20936839776084     
 -1.800000000000000E-002  0.638581904487190     
 -1.700000000000000E-002  0.821164597419863     
 -1.600000000000000E-002   1.70418523364403     
 -1.500000000000000E-002  0.608557646002306     
 -1.400000000000000E-002  0.173424998200052     
 -1.300000000000000E-002  0.177331389921958     
 -1.200000000000000E-002  0.602441815633526     
 -1.100000000000000E-002   1.22967581241833     
 -1.000000000000000E-002  0.803259695266322     
 -9.000000000000001E-003  0.142475282082969     
 -8.000000000000000E-003  0.328821704758255     
 -6.999999999999999E-003  0.221752628126325     
 -6.000000000000002E-003  0.143866900867789     
 -5.000000000000001E-003  0.209689627593474     
 -4.000000000000000E-003  5.367960545209716E-002
 -3.000000000000003E-003  1.972790133628305E-002
 -2.000000000000002E-003  1.192651057920107E-002
 -1.000000000000001E-003  4.226777435180555E-003
  0.000000000000000E+000  0.000000000000000E+000
  1.000000000000001E-003  1.111084657690792E-002
  1.999999999999998E-003  5.110996316264400E-002
  2.999999999999999E-003  0.167850400410611     
  4.000000000000000E-003  0.318516845347188     
  4.999999999999998E-003  0.606910130763167     
  5.999999999999998E-003  0.709414848338549     
  6.999999999999999E-003  0.889435572907201     
  8.000000000000000E-003  0.804797797280602     
  9.000000000000001E-003  0.986684056820604     
  1.000000000000000E-002  0.213714283403562     
  1.100000000000000E-002  0.588161499275733     
  1.200000000000000E-002   1.77527828113999     
  1.300000000000000E-002   1.13520115267618     
  1.400000000000000E-002   1.85557235288732     
  1.500000000000000E-002  0.608530632440344     
  1.600000000000000E-002  0.000000000000000E+000
  1.700000000000000E-002  0.000000000000000E+000
  1.800000000000000E-002  0.000000000000000E+000
  1.900000000000000E-002  0.000000000000000E+000
  2.000000000000000E-002  0.000000000000000E+000
  2.100000000000000E-002  0.000000000000000E+000
  2.200000000000000E-002  0.000000000000000E+000
  2.300000000000000E-002  0.000000000000000E+000
  2.400000000000000E-002  0.000000000000000E+000
  2.500000000000000E-002  0.000000000000000E+000
 -2.500000000000000E-002  0.000000000000000E+000
 -2.400000000000000E-002  0.000000000000000E+000
 -2.300000000000000E-002  0.000000000000000E+000
 -2.200000000000000E-002  0.000000000000000E+000
 -2.100000000000000E-002  0.000000000000000E+000
 -2.000000000000000E-002  0.000000000000000E+000
 -1.900000000000000E-002  0.000000000000000E+000
 -1.800000000000000E-002  0.000000000000000E+000
 -1.700000000000000E-002  0.000000000000000E+000
 -1.600000000000000E-002  0.000000000000000E+000
 -1.500000000000000E-002  0.000000000000000E+000
 -1.400000000000000E-002  0.000000000000000E+000
 -1.300000000000000E-002  0.000000000000000E+000
 -1.200000000000000E-002  0.000000000000000E+000
 -1.100000000000000E-002  0.000000000000000E+000
 -1.000000000000000E-002  0.000000000000000E+000
 -9.000000000000001E-003  0.000000000000000E+000
 -8.000000000000000E-003  0.000000000000000E+000
 -6.999999999999999E-003  0.000000000000000E+000
 -6.000000000000002E-003  0.000000000000000E+000
 -5.000000000000001E-003  0.000000000000000E+000
 -4.000000000000000E-003  0.000000000000000E+000
 -3.000000000000003E-003  0.000000000000000E+000
 -2.000000000000002E-003  0.000000000000000E+000
 -1.000000000000001E-003  0.000000000000000E+000
  0.000000000000000E+000  0.000000000000000E+000
  1.000000000000001E-003  6.640561044792452E-003
  1.999999999999998E-003  6.634819146779126E-002
  2.999999999999999E-003  0.212529574453676     
  4.000000000000000E-003  8.481258705098467E-002
  4.999999999999998E-003  8.136360126243089E-002
  5.999999999999998E-003  0.331274845232328     
  6.999999999999999E-003  0.890200890122269     
  8.000000000000000E-003  0.689925436926401     
  9.000000000000001E-003   2.23839420916008     
  1.000000000000000E-002   1.98636426149006     
  1.100000000000000E-002  0.688261272741031     
  1.200000000000000E-002  1.656575770385262E-002
  1.300000000000000E-002  0.000000000000000E+000
  1.400000000000000E-002  0.000000000000000E+000
  1.500000000000000E-002  0.000000000000000E+000
  1.600000000000000E-002  0.000000000000000E+000
  1.700000000000000E-002  0.000000000000000E+000
  1.800000000000000E-002  0.000000000000000E+000
  1.900000000000000E-002  0.000000000000000E+000
  2.000000000000000E-002  0.000000000000000E+000
  2.100000000000000E-002  0.000000000000000E+000
  2.200000000000000E-002  0.000000000000000E+000
  2.300000000000000E-002  0.000000000000000E+000
  2.400000000000000E-002  0.000000000000000E+000
  2.500000000000000E-002  0.000000000000000E+000
1
   75.9388000000000     
 6
41
 6
41
27
38
  127.96471000
