 -2.500000000000000E-002  0.000000000000000E+000
 -2.400000000000000E-002  0.000000000000000E+000
 -2.300000000000000E-002  0.000000000000000E+000
 -2.200000000000000E-002  0.000000000000000E+000
 -2.100000000000000E-002  0.000000000000000E+000
 -2.000000000000000E-002  0.000000000000000E+000
 -1.900000000000000E-002  0.000000000000000E+000
 -1.800000000000000E-002  0.000000000000000E+000
 -1.700000000000000E-002  0.000000000000000E+000
 -1.600000000000000E-002  2.413012691962102E-002
 -1.500000000000000E-002  7.224076608665819E-002
 -1.400000000000000E-002  0.218248266517943     
 -1.300000000000000E-002  3.334571588234237E-002
 -1.200000000000000E-002  0.163739478086317     
 -1.100000000000000E-002  0.285740511958362     
 -1.000000000000000E-002  0.429601222906924     
 -9.000000000000001E-003  0.361762504835655     
 -8.000000000000000E-003  0.249348009491846     
 -6.999999999999999E-003  0.779064449472088     
 -6.000000000000002E-003  0.960937874595307     
 -5.000000000000001E-003   4.05266475069852     
 -4.000000000000000E-003   9.60899640873695     
 -3.000000000000003E-003   10.3713167588428     
 -2.000000000000002E-003   9.43943012878477     
 -1.000000000000001E-003   7.87912896462622     
  0.000000000000000E+000   6.44049805564293     
  1.000000000000001E-003   7.19317402417488     
  1.999999999999998E-003   4.97218753330146     
  2.999999999999999E-003   1.30143320109871     
  4.000000000000000E-003   1.33941522426525     
  4.999999999999998E-003   1.58160652646602     
  5.999999999999998E-003  0.765200019468123     
  6.999999999999999E-003  0.302728506922937     
  8.000000000000000E-003  0.751023232851736     
  9.000000000000001E-003  0.499196628843103     
  1.000000000000000E-002  0.439904960346506     
  1.100000000000000E-002  0.320386173217154     
  1.200000000000000E-002  0.352727532917505     
  1.300000000000000E-002  0.431210559201136     
  1.400000000000000E-002  0.275637943861968     
  1.500000000000000E-002  0.198614705104452     
  1.600000000000000E-002  6.538612109560024E-002
  1.700000000000000E-002  0.000000000000000E+000
  1.800000000000000E-002  0.000000000000000E+000
  1.900000000000000E-002  0.000000000000000E+000
  2.000000000000000E-002  0.000000000000000E+000
  2.100000000000000E-002  0.000000000000000E+000
  2.200000000000000E-002  0.000000000000000E+000
  2.300000000000000E-002  0.000000000000000E+000
  2.400000000000000E-002  0.000000000000000E+000
  2.500000000000000E-002  0.000000000000000E+000
 -2.500000000000000E-002  0.000000000000000E+000
 -2.400000000000000E-002  0.000000000000000E+000
 -2.300000000000000E-002  0.000000000000000E+000
 -2.200000000000000E-002  0.000000000000000E+000
 -2.100000000000000E-002  0.000000000000000E+000
 -2.000000000000000E-002  0.000000000000000E+000
 -1.900000000000000E-002  0.000000000000000E+000
 -1.800000000000000E-002  0.000000000000000E+000
 -1.700000000000000E-002  0.000000000000000E+000
 -1.600000000000000E-002  0.304754179732808     
 -1.500000000000000E-002  0.645366819271168     
 -1.400000000000000E-002   1.39440041827751     
 -1.300000000000000E-002  0.153712353616401     
 -1.200000000000000E-002  0.547966142434499     
 -1.100000000000000E-002  0.696442812464571     
 -1.000000000000000E-002  0.762253010900744     
 -9.000000000000001E-003  0.465000882764974     
 -8.000000000000000E-003  0.213024930979551     
 -6.999999999999999E-003  7.955898341528513E-002
 -6.000000000000002E-003  6.172343038930997E-002
 -5.000000000000001E-003  0.116073537552770     
 -4.000000000000000E-003  4.181539799811632E-002
 -3.000000000000003E-003  1.583546783053051E-002
 -2.000000000000002E-003  6.923291511482178E-004
 -1.000000000000001E-003  5.717427074635054E-004
  0.000000000000000E+000  0.000000000000000E+000
  1.000000000000001E-003  3.007764315766524E-003
  1.999999999999998E-003  1.065400302326774E-002
  2.999999999999999E-003  2.255735265715359E-002
  4.000000000000000E-003  8.561632562818859E-002
  4.999999999999998E-003  7.764589897711359E-002
  5.999999999999998E-003  0.307400768549854     
  6.999999999999999E-003  0.196386421688200     
  8.000000000000000E-003  0.378781354691245     
  9.000000000000001E-003  0.574515169855032     
  1.000000000000000E-002  0.780535209526033     
  1.100000000000000E-002  0.780885587489361     
  1.200000000000000E-002   1.18042849410667     
  1.300000000000000E-002   1.98773330262043     
  1.400000000000000E-002   1.76106628632801     
  1.500000000000000E-002   1.77433528791736     
  1.600000000000000E-002  0.825801445917659     
  1.700000000000000E-002  0.000000000000000E+000
  1.800000000000000E-002  0.000000000000000E+000
  1.900000000000000E-002  0.000000000000000E+000
  2.000000000000000E-002  0.000000000000000E+000
  2.100000000000000E-002  0.000000000000000E+000
  2.200000000000000E-002  0.000000000000000E+000
  2.300000000000000E-002  0.000000000000000E+000
  2.400000000000000E-002  0.000000000000000E+000
  2.500000000000000E-002  0.000000000000000E+000
 -2.500000000000000E-002  0.000000000000000E+000
 -2.400000000000000E-002  0.000000000000000E+000
 -2.300000000000000E-002  0.000000000000000E+000
 -2.200000000000000E-002  0.000000000000000E+000
 -2.100000000000000E-002  0.000000000000000E+000
 -2.000000000000000E-002  0.000000000000000E+000
 -1.900000000000000E-002  0.000000000000000E+000
 -1.800000000000000E-002  0.000000000000000E+000
 -1.700000000000000E-002  0.000000000000000E+000
 -1.600000000000000E-002  0.000000000000000E+000
 -1.500000000000000E-002  0.000000000000000E+000
 -1.400000000000000E-002  0.000000000000000E+000
 -1.300000000000000E-002  0.000000000000000E+000
 -1.200000000000000E-002  0.000000000000000E+000
 -1.100000000000000E-002  0.000000000000000E+000
 -1.000000000000000E-002  0.000000000000000E+000
 -9.000000000000001E-003  0.000000000000000E+000
 -8.000000000000000E-003  0.000000000000000E+000
 -6.999999999999999E-003  0.000000000000000E+000
 -6.000000000000002E-003  0.000000000000000E+000
 -5.000000000000001E-003  0.000000000000000E+000
 -4.000000000000000E-003  0.000000000000000E+000
 -3.000000000000003E-003  0.000000000000000E+000
 -2.000000000000002E-003  0.000000000000000E+000
 -1.000000000000001E-003  0.000000000000000E+000
  0.000000000000000E+000  0.000000000000000E+000
  1.000000000000001E-003  0.000000000000000E+000
  1.999999999999998E-003  0.000000000000000E+000
  2.999999999999999E-003  0.000000000000000E+000
  4.000000000000000E-003  0.000000000000000E+000
  4.999999999999998E-003  0.000000000000000E+000
  5.999999999999998E-003  0.000000000000000E+000
  6.999999999999999E-003  0.000000000000000E+000
  8.000000000000000E-003  0.000000000000000E+000
  9.000000000000001E-003  0.000000000000000E+000
  1.000000000000000E-002  0.000000000000000E+000
  1.100000000000000E-002  0.000000000000000E+000
  1.200000000000000E-002  0.000000000000000E+000
  1.300000000000000E-002  0.000000000000000E+000
  1.400000000000000E-002  0.000000000000000E+000
  1.500000000000000E-002  0.000000000000000E+000
  1.600000000000000E-002  0.000000000000000E+000
  1.700000000000000E-002  0.000000000000000E+000
  1.800000000000000E-002  0.000000000000000E+000
  1.900000000000000E-002  0.000000000000000E+000
  2.000000000000000E-002  0.000000000000000E+000
  2.100000000000000E-002  0.000000000000000E+000
  2.200000000000000E-002  0.000000000000000E+000
  2.300000000000000E-002  0.000000000000000E+000
  2.400000000000000E-002  0.000000000000000E+000
  2.500000000000000E-002  0.000000000000000E+000
4
   86.5926750000000     
10
42
10
42
 0
 0
   70.19948000
