 -2.500000000000000E-002  0.000000000000000E+000
 -2.400000000000000E-002  0.000000000000000E+000
 -2.300000000000000E-002  0.000000000000000E+000
 -2.200000000000000E-002  0.000000000000000E+000
 -2.100000000000000E-002  0.000000000000000E+000
 -2.000000000000000E-002  0.000000000000000E+000
 -1.900000000000000E-002  0.000000000000000E+000
 -1.800000000000000E-002  0.000000000000000E+000
 -1.700000000000000E-002  0.000000000000000E+000
 -1.600000000000000E-002  1.373431968602931E-002
 -1.500000000000000E-002  5.084181236668697E-002
 -1.400000000000000E-002  0.206637170679883     
 -1.300000000000000E-002  8.026566891932475E-002
 -1.200000000000000E-002  0.154190778671058     
 -1.100000000000000E-002  0.172698050298071     
 -1.000000000000000E-002  0.439202194090403     
 -9.000000000000001E-003  0.387242423032549     
 -8.000000000000000E-003  0.322461428284477     
 -6.999999999999999E-003  0.317026853717617     
 -6.000000000000002E-003   1.22044012924725     
 -5.000000000000001E-003  0.926227564031728     
 -4.000000000000000E-003   4.49899794205755     
 -3.000000000000003E-003   20.4420055995075     
 -2.000000000000002E-003   24.5016437294634     
 -1.000000000000001E-003   24.5740232619912     
  0.000000000000000E+000   15.6708928713997     
  1.000000000000001E-003   16.8856586782439     
  1.999999999999998E-003   15.1945235676383     
  2.999999999999999E-003   8.67875135582603     
  4.000000000000000E-003   2.30016358911231     
  4.999999999999998E-003  0.945949163396731     
  5.999999999999998E-003  0.508913893153177     
  6.999999999999999E-003   1.14572397463274     
  8.000000000000000E-003  0.447128989725857     
  9.000000000000001E-003  0.352675702225401     
  1.000000000000000E-002  0.180036500549408     
  1.100000000000000E-002  0.451510318228006     
  1.200000000000000E-002  0.512195607870843     
  1.300000000000000E-002  0.324591118434985     
  1.400000000000000E-002  0.186068523103650     
  1.500000000000000E-002  0.120585808292060     
  1.600000000000000E-002  6.097485666514787E-002
  1.700000000000000E-002  1.009374707506284E-002
  1.800000000000000E-002  0.000000000000000E+000
  1.900000000000000E-002  0.000000000000000E+000
  2.000000000000000E-002  0.000000000000000E+000
  2.100000000000000E-002  0.000000000000000E+000
  2.200000000000000E-002  0.000000000000000E+000
  2.300000000000000E-002  0.000000000000000E+000
  2.400000000000000E-002  0.000000000000000E+000
  2.500000000000000E-002  0.000000000000000E+000
 -2.500000000000000E-002  0.000000000000000E+000
 -2.400000000000000E-002  0.000000000000000E+000
 -2.300000000000000E-002  0.000000000000000E+000
 -2.200000000000000E-002  0.000000000000000E+000
 -2.100000000000000E-002  0.000000000000000E+000
 -2.000000000000000E-002  0.000000000000000E+000
 -1.900000000000000E-002  0.000000000000000E+000
 -1.800000000000000E-002  0.000000000000000E+000
 -1.700000000000000E-002  0.000000000000000E+000
 -1.600000000000000E-002  0.173459151045765     
 -1.500000000000000E-002  0.454198100470174     
 -1.400000000000000E-002   1.32021647559808     
 -1.300000000000000E-002  0.369997301234053     
 -1.200000000000000E-002  0.516010721267910     
 -1.100000000000000E-002  0.420921468336499     
 -1.000000000000000E-002  0.779288272445526     
 -9.000000000000001E-003  0.497752161009571     
 -8.000000000000000E-003  0.297120382268413     
 -6.999999999999999E-003  0.101631198871618     
 -6.000000000000002E-003  8.374775424095689E-002
 -5.000000000000001E-003  7.494195098651346E-002
 -4.000000000000000E-003  6.257098655311027E-002
 -3.000000000000003E-003  2.351458835380171E-002
 -2.000000000000002E-003  2.470930335972472E-003
 -1.000000000000001E-003  2.853399440746185E-004
  0.000000000000000E+000  0.000000000000000E+000
  1.000000000000001E-003  4.236441086839656E-003
  1.999999999999998E-003  8.221630261852622E-003
  2.999999999999999E-003  2.415067102956300E-002
  4.000000000000000E-003  7.561428471859895E-002
  4.999999999999998E-003  8.308682460547691E-002
  5.999999999999998E-003  0.100806979489498     
  6.999999999999999E-003  0.236132272922376     
  8.000000000000000E-003  0.342709073497565     
  9.000000000000001E-003  0.453320923734397     
  1.000000000000000E-002  0.319443607928352     
  1.100000000000000E-002   1.10047789068604     
  1.200000000000000E-002   1.71410007346502     
  1.300000000000000E-002   1.49625412012946     
  1.400000000000000E-002   1.18880223235439     
  1.500000000000000E-002   1.07725988748979     
  1.600000000000000E-002  0.770088880560455     
  1.700000000000000E-002  0.182560231460232     
  1.800000000000000E-002  0.000000000000000E+000
  1.900000000000000E-002  0.000000000000000E+000
  2.000000000000000E-002  0.000000000000000E+000
  2.100000000000000E-002  0.000000000000000E+000
  2.200000000000000E-002  0.000000000000000E+000
  2.300000000000000E-002  0.000000000000000E+000
  2.400000000000000E-002  0.000000000000000E+000
  2.500000000000000E-002  0.000000000000000E+000
 -2.500000000000000E-002  0.000000000000000E+000
 -2.400000000000000E-002  0.000000000000000E+000
 -2.300000000000000E-002  0.000000000000000E+000
 -2.200000000000000E-002  0.000000000000000E+000
 -2.100000000000000E-002  0.000000000000000E+000
 -2.000000000000000E-002  0.000000000000000E+000
 -1.900000000000000E-002  0.000000000000000E+000
 -1.800000000000000E-002  0.000000000000000E+000
 -1.700000000000000E-002  0.000000000000000E+000
 -1.600000000000000E-002  0.000000000000000E+000
 -1.500000000000000E-002  0.000000000000000E+000
 -1.400000000000000E-002  0.000000000000000E+000
 -1.300000000000000E-002  0.000000000000000E+000
 -1.200000000000000E-002  0.000000000000000E+000
 -1.100000000000000E-002  0.000000000000000E+000
 -1.000000000000000E-002  0.000000000000000E+000
 -9.000000000000001E-003  0.000000000000000E+000
 -8.000000000000000E-003  0.000000000000000E+000
 -6.999999999999999E-003  0.000000000000000E+000
 -6.000000000000002E-003  0.000000000000000E+000
 -5.000000000000001E-003  0.000000000000000E+000
 -4.000000000000000E-003  0.000000000000000E+000
 -3.000000000000003E-003  0.000000000000000E+000
 -2.000000000000002E-003  0.000000000000000E+000
 -1.000000000000001E-003  0.000000000000000E+000
  0.000000000000000E+000  0.000000000000000E+000
  1.000000000000001E-003  0.000000000000000E+000
  1.999999999999998E-003  0.000000000000000E+000
  2.999999999999999E-003  0.000000000000000E+000
  4.000000000000000E-003  0.000000000000000E+000
  4.999999999999998E-003  0.000000000000000E+000
  5.999999999999998E-003  0.000000000000000E+000
  6.999999999999999E-003  0.000000000000000E+000
  8.000000000000000E-003  0.000000000000000E+000
  9.000000000000001E-003  0.000000000000000E+000
  1.000000000000000E-002  0.000000000000000E+000
  1.100000000000000E-002  0.000000000000000E+000
  1.200000000000000E-002  0.000000000000000E+000
  1.300000000000000E-002  0.000000000000000E+000
  1.400000000000000E-002  0.000000000000000E+000
  1.500000000000000E-002  0.000000000000000E+000
  1.600000000000000E-002  0.000000000000000E+000
  1.700000000000000E-002  0.000000000000000E+000
  1.800000000000000E-002  0.000000000000000E+000
  1.900000000000000E-002  0.000000000000000E+000
  2.000000000000000E-002  0.000000000000000E+000
  2.100000000000000E-002  0.000000000000000E+000
  2.200000000000000E-002  0.000000000000000E+000
  2.300000000000000E-002  0.000000000000000E+000
  2.400000000000000E-002  0.000000000000000E+000
  2.500000000000000E-002  0.000000000000000E+000
4
   102.764688888889     
10
43
10
43
 0
 0
  160.68010000
