 -2.500000000000000E-002  0.000000000000000E+000
 -2.400000000000000E-002  0.000000000000000E+000
 -2.300000000000000E-002  0.000000000000000E+000
 -2.200000000000000E-002  0.000000000000000E+000
 -2.100000000000000E-002  0.000000000000000E+000
 -2.000000000000000E-002  0.000000000000000E+000
 -1.900000000000000E-002  0.000000000000000E+000
 -1.800000000000000E-002  1.929174577191092E-002
 -1.700000000000000E-002  6.470988595488840E-002
 -1.600000000000000E-002  3.625503954218687E-003
 -1.500000000000000E-002  0.179348476469325     
 -1.400000000000000E-002  0.162237669332567     
 -1.300000000000000E-002  0.120166469982144     
 -1.200000000000000E-002  4.918534691422331E-002
 -1.100000000000000E-002  9.268639950529237E-002
 -1.000000000000000E-002  0.159046669382460     
 -9.000000000000001E-003  0.489527702653459     
 -8.000000000000000E-003  0.537598515464967     
 -6.999999999999999E-003   1.12575133508444     
 -6.000000000000002E-003   4.23264729294626     
 -5.000000000000001E-003   3.73270723043677     
 -4.000000000000000E-003   6.52798618680643     
 -3.000000000000003E-003   19.5247794404465     
 -2.000000000000002E-003   32.0344942257223     
 -1.000000000000001E-003   32.3613379066381     
  0.000000000000000E+000   23.5987973990449     
  1.000000000000001E-003   21.0026587701103     
  1.999999999999998E-003   15.3485618054638     
  2.999999999999999E-003   8.72065351907619     
  4.000000000000000E-003   2.56442311812057     
  4.999999999999998E-003   1.58984993424528     
  5.999999999999998E-003   2.13362520211887     
  6.999999999999999E-003   1.29394310238023     
  8.000000000000000E-003   2.40668625156815     
  9.000000000000001E-003  0.974741191736915     
  1.000000000000000E-002   1.03890960074861     
  1.100000000000000E-002   1.77261674859225     
  1.200000000000000E-002  0.661881411363228     
  1.300000000000000E-002  0.252327812100041     
  1.400000000000000E-002  1.980902480211960E-002
  1.500000000000000E-002  0.000000000000000E+000
  1.600000000000000E-002  0.000000000000000E+000
  1.700000000000000E-002  0.000000000000000E+000
  1.800000000000000E-002  0.000000000000000E+000
  1.900000000000000E-002  0.000000000000000E+000
  2.000000000000000E-002  0.000000000000000E+000
  2.100000000000000E-002  0.000000000000000E+000
  2.200000000000000E-002  0.000000000000000E+000
  2.300000000000000E-002  0.000000000000000E+000
  2.400000000000000E-002  0.000000000000000E+000
  2.500000000000000E-002  0.000000000000000E+000
 -2.500000000000000E-002  0.000000000000000E+000
 -2.400000000000000E-002  0.000000000000000E+000
 -2.300000000000000E-002  0.000000000000000E+000
 -2.200000000000000E-002  0.000000000000000E+000
 -2.100000000000000E-002  0.000000000000000E+000
 -2.000000000000000E-002  0.000000000000000E+000
 -1.900000000000000E-002  0.000000000000000E+000
 -1.800000000000000E-002  0.506970562412643     
 -1.700000000000000E-002   1.17037326870171     
 -1.600000000000000E-002  4.578871414006301E-002
 -1.500000000000000E-002   1.60221938484557     
 -1.400000000000000E-002   1.03654557072553     
 -1.300000000000000E-002  0.553926357193936     
 -1.200000000000000E-002  0.164602361799893     
 -1.100000000000000E-002  0.225906982199595     
 -1.000000000000000E-002  0.282200785626677     
 -9.000000000000001E-003  0.629227216278753     
 -8.000000000000000E-003  0.271025301714044     
 -6.999999999999999E-003  2.592017191232984E-002
 -6.000000000000002E-003  1.349060734276606E-002
 -5.000000000000001E-003  2.019013524448550E-002
 -4.000000000000000E-003  0.000000000000000E+000
 -3.000000000000003E-003  0.000000000000000E+000
 -2.000000000000002E-003  0.000000000000000E+000
 -1.000000000000001E-003  0.000000000000000E+000
  0.000000000000000E+000  0.000000000000000E+000
  1.000000000000001E-003  0.000000000000000E+000
  1.999999999999998E-003  1.211670392993929E-002
  2.999999999999999E-003  0.113675917206099     
  4.000000000000000E-003  0.131071843311846     
  4.999999999999998E-003  0.275635772673468     
  5.999999999999998E-003  0.583505685703287     
  6.999999999999999E-003  0.580559951627513     
  8.000000000000000E-003   1.19127846860510     
  9.000000000000001E-003  0.432988203301412     
  1.000000000000000E-002  0.000000000000000E+000
  1.100000000000000E-002  0.000000000000000E+000
  1.200000000000000E-002  0.000000000000000E+000
  1.300000000000000E-002  0.000000000000000E+000
  1.400000000000000E-002  0.000000000000000E+000
  1.500000000000000E-002  0.000000000000000E+000
  1.600000000000000E-002  0.000000000000000E+000
  1.700000000000000E-002  0.000000000000000E+000
  1.800000000000000E-002  0.000000000000000E+000
  1.900000000000000E-002  0.000000000000000E+000
  2.000000000000000E-002  0.000000000000000E+000
  2.100000000000000E-002  0.000000000000000E+000
  2.200000000000000E-002  0.000000000000000E+000
  2.300000000000000E-002  0.000000000000000E+000
  2.400000000000000E-002  0.000000000000000E+000
  2.500000000000000E-002  0.000000000000000E+000
 -2.500000000000000E-002  0.000000000000000E+000
 -2.400000000000000E-002  0.000000000000000E+000
 -2.300000000000000E-002  0.000000000000000E+000
 -2.200000000000000E-002  0.000000000000000E+000
 -2.100000000000000E-002  0.000000000000000E+000
 -2.000000000000000E-002  0.000000000000000E+000
 -1.900000000000000E-002  0.000000000000000E+000
 -1.800000000000000E-002  0.000000000000000E+000
 -1.700000000000000E-002  0.000000000000000E+000
 -1.600000000000000E-002  0.000000000000000E+000
 -1.500000000000000E-002  0.000000000000000E+000
 -1.400000000000000E-002  0.000000000000000E+000
 -1.300000000000000E-002  0.000000000000000E+000
 -1.200000000000000E-002  0.000000000000000E+000
 -1.100000000000000E-002  0.000000000000000E+000
 -1.000000000000000E-002  0.000000000000000E+000
 -9.000000000000001E-003  0.000000000000000E+000
 -8.000000000000000E-003  0.000000000000000E+000
 -6.999999999999999E-003  0.000000000000000E+000
 -6.000000000000002E-003  0.000000000000000E+000
 -5.000000000000001E-003  0.000000000000000E+000
 -4.000000000000000E-003  0.000000000000000E+000
 -3.000000000000003E-003  0.000000000000000E+000
 -2.000000000000002E-003  0.000000000000000E+000
 -1.000000000000001E-003  0.000000000000000E+000
  0.000000000000000E+000  0.000000000000000E+000
  1.000000000000001E-003  6.034332394711763E-004
  1.999999999999998E-003  2.754077817517812E-003
  2.999999999999999E-003  2.566374049065280E-002
  4.000000000000000E-003  0.142024476446141     
  4.999999999999998E-003  0.140248054513850     
  5.999999999999998E-003  0.363607931454090     
  6.999999999999999E-003  0.258848461962254     
  8.000000000000000E-003   1.02627524896765     
  9.000000000000001E-003  0.819920842181224     
  1.000000000000000E-002   1.84336526294267     
  1.100000000000000E-002   4.32044509667320     
  1.200000000000000E-002   2.21503456571796     
  1.300000000000000E-002   1.16314497543334     
  1.400000000000000E-002  0.126560970725851     
  1.500000000000000E-002  0.000000000000000E+000
  1.600000000000000E-002  0.000000000000000E+000
  1.700000000000000E-002  0.000000000000000E+000
  1.800000000000000E-002  0.000000000000000E+000
  1.900000000000000E-002  0.000000000000000E+000
  2.000000000000000E-002  0.000000000000000E+000
  2.100000000000000E-002  0.000000000000000E+000
  2.200000000000000E-002  0.000000000000000E+000
  2.300000000000000E-002  0.000000000000000E+000
  2.400000000000000E-002  0.000000000000000E+000
  2.500000000000000E-002  0.000000000000000E+000
1
   93.7538454545455     
 8
40
 8
35
27
40
  205.18340000
