 -2.500000000000000E-002  0.000000000000000E+000
 -2.400000000000000E-002  0.000000000000000E+000
 -2.300000000000000E-002  0.000000000000000E+000
 -2.200000000000000E-002  0.000000000000000E+000
 -2.100000000000000E-002  0.000000000000000E+000
 -2.000000000000000E-002  0.000000000000000E+000
 -1.900000000000000E-002  0.000000000000000E+000
 -1.800000000000000E-002  0.000000000000000E+000
 -1.700000000000000E-002  0.000000000000000E+000
 -1.600000000000000E-002  0.000000000000000E+000
 -1.500000000000000E-002  0.000000000000000E+000
 -1.400000000000000E-002  0.000000000000000E+000
 -1.300000000000000E-002  0.000000000000000E+000
 -1.200000000000000E-002  0.000000000000000E+000
 -1.100000000000000E-002  0.000000000000000E+000
 -1.000000000000000E-002  0.000000000000000E+000
 -9.000000000000001E-003  0.000000000000000E+000
 -8.000000000000000E-003  0.453087382329070     
 -6.999999999999999E-003   7.13385774883004     
 -6.000000000000002E-003   15.5195113731632     
 -5.000000000000001E-003   13.5203421113447     
 -4.000000000000000E-003   11.7329280420811     
 -3.000000000000003E-003   14.1540648662837     
 -2.000000000000002E-003   13.8494596232647     
 -1.000000000000001E-003   9.88742540751095     
  0.000000000000000E+000   10.0663874588398     
  1.000000000000001E-003   13.7565358092797     
  1.999999999999998E-003   13.9237918076635     
  2.999999999999999E-003   12.9793622480055     
  4.000000000000000E-003   12.9813379678988     
  4.999999999999998E-003   6.66160045006507     
  5.999999999999998E-003   2.45910411940514     
  6.999999999999999E-003   1.94056143396297     
  8.000000000000000E-003   1.86320135775631     
  9.000000000000001E-003   1.87358101944908     
  1.000000000000000E-002   1.43190380116209     
  1.100000000000000E-002  0.490824450764277     
  1.200000000000000E-002  0.000000000000000E+000
  1.300000000000000E-002  0.000000000000000E+000
  1.400000000000000E-002  0.000000000000000E+000
  1.500000000000000E-002  0.000000000000000E+000
  1.600000000000000E-002  0.000000000000000E+000
  1.700000000000000E-002  0.000000000000000E+000
  1.800000000000000E-002  0.000000000000000E+000
  1.900000000000000E-002  0.000000000000000E+000
  2.000000000000000E-002  0.000000000000000E+000
  2.100000000000000E-002  0.000000000000000E+000
  2.200000000000000E-002  0.000000000000000E+000
  2.300000000000000E-002  0.000000000000000E+000
  2.400000000000000E-002  0.000000000000000E+000
  2.500000000000000E-002  0.000000000000000E+000
 -2.500000000000000E-002  0.000000000000000E+000
 -2.400000000000000E-002  0.000000000000000E+000
 -2.300000000000000E-002  0.000000000000000E+000
 -2.200000000000000E-002  0.000000000000000E+000
 -2.100000000000000E-002  0.000000000000000E+000
 -2.000000000000000E-002  0.000000000000000E+000
 -1.900000000000000E-002  0.000000000000000E+000
 -1.800000000000000E-002  0.000000000000000E+000
 -1.700000000000000E-002  0.000000000000000E+000
 -1.600000000000000E-002  0.000000000000000E+000
 -1.500000000000000E-002  0.000000000000000E+000
 -1.400000000000000E-002  0.000000000000000E+000
 -1.300000000000000E-002  0.000000000000000E+000
 -1.200000000000000E-002  0.000000000000000E+000
 -1.100000000000000E-002  0.000000000000000E+000
 -1.000000000000000E-002  0.000000000000000E+000
 -9.000000000000001E-003  0.000000000000000E+000
 -8.000000000000000E-003  7.146030731974506E-002
 -6.999999999999999E-003  0.182875686021043     
 -6.000000000000002E-003  0.137977697301698     
 -5.000000000000001E-003  0.125266700899119     
 -4.000000000000000E-003  6.020426168866332E-002
 -3.000000000000003E-003  2.088641850371730E-002
 -2.000000000000002E-003  7.581849991139921E-003
 -1.000000000000001E-003  2.630652813355710E-004
  0.000000000000000E+000  0.000000000000000E+000
  1.000000000000001E-003  1.216026545444997E-002
  1.999999999999998E-003  3.324605190052471E-003
  2.999999999999999E-003  6.550786878374920E-002
  4.000000000000000E-003  0.122230974597178     
  4.999999999999998E-003  0.265294663288569     
  5.999999999999998E-003  0.588541871596188     
  6.999999999999999E-003  0.819654069628035     
  8.000000000000000E-003  0.390588830662911     
  9.000000000000001E-003   1.39242928885726     
  1.000000000000000E-002   1.52841702214225     
  1.100000000000000E-002  0.876742980546872     
  1.200000000000000E-002  0.000000000000000E+000
  1.300000000000000E-002  0.000000000000000E+000
  1.400000000000000E-002  0.000000000000000E+000
  1.500000000000000E-002  0.000000000000000E+000
  1.600000000000000E-002  0.000000000000000E+000
  1.700000000000000E-002  0.000000000000000E+000
  1.800000000000000E-002  0.000000000000000E+000
  1.900000000000000E-002  0.000000000000000E+000
  2.000000000000000E-002  0.000000000000000E+000
  2.100000000000000E-002  0.000000000000000E+000
  2.200000000000000E-002  0.000000000000000E+000
  2.300000000000000E-002  0.000000000000000E+000
  2.400000000000000E-002  0.000000000000000E+000
  2.500000000000000E-002  0.000000000000000E+000
 -2.500000000000000E-002  0.000000000000000E+000
 -2.400000000000000E-002  0.000000000000000E+000
 -2.300000000000000E-002  0.000000000000000E+000
 -2.200000000000000E-002  0.000000000000000E+000
 -2.100000000000000E-002  0.000000000000000E+000
 -2.000000000000000E-002  0.000000000000000E+000
 -1.900000000000000E-002  0.000000000000000E+000
 -1.800000000000000E-002  0.000000000000000E+000
 -1.700000000000000E-002  0.000000000000000E+000
 -1.600000000000000E-002  0.000000000000000E+000
 -1.500000000000000E-002  0.000000000000000E+000
 -1.400000000000000E-002  0.000000000000000E+000
 -1.300000000000000E-002  0.000000000000000E+000
 -1.200000000000000E-002  0.000000000000000E+000
 -1.100000000000000E-002  0.000000000000000E+000
 -1.000000000000000E-002  0.000000000000000E+000
 -9.000000000000001E-003  0.000000000000000E+000
 -8.000000000000000E-003  0.000000000000000E+000
 -6.999999999999999E-003  0.000000000000000E+000
 -6.000000000000002E-003  0.000000000000000E+000
 -5.000000000000001E-003  0.000000000000000E+000
 -4.000000000000000E-003  0.000000000000000E+000
 -3.000000000000003E-003  0.000000000000000E+000
 -2.000000000000002E-003  0.000000000000000E+000
 -1.000000000000001E-003  0.000000000000000E+000
  0.000000000000000E+000  0.000000000000000E+000
  1.000000000000001E-003  1.048291820433769E-002
  1.999999999999998E-003  8.224367988371720E-002
  2.999999999999999E-003  0.195536902312600     
  4.000000000000000E-003  0.471814458434204     
  4.999999999999998E-003  0.999872133066200     
  5.999999999999998E-003  0.503051438786286     
  6.999999999999999E-003  0.439229409684084     
  8.000000000000000E-003   1.32619045238112     
  9.000000000000001E-003   1.01582700174783     
  1.000000000000000E-002   1.01224842655107     
  1.100000000000000E-002  0.319556272134748     
  1.200000000000000E-002  0.000000000000000E+000
  1.300000000000000E-002  0.000000000000000E+000
  1.400000000000000E-002  0.000000000000000E+000
  1.500000000000000E-002  0.000000000000000E+000
  1.600000000000000E-002  0.000000000000000E+000
  1.700000000000000E-002  0.000000000000000E+000
  1.800000000000000E-002  0.000000000000000E+000
  1.900000000000000E-002  0.000000000000000E+000
  2.000000000000000E-002  0.000000000000000E+000
  2.100000000000000E-002  0.000000000000000E+000
  2.200000000000000E-002  0.000000000000000E+000
  2.300000000000000E-002  0.000000000000000E+000
  2.400000000000000E-002  0.000000000000000E+000
  2.500000000000000E-002  0.000000000000000E+000
3
   94.7905750000000     
18
37
18
37
27
37
  176.04921000
