 -2.500000000000000E-002  0.000000000000000E+000
 -2.400000000000000E-002  0.000000000000000E+000
 -2.300000000000000E-002  0.000000000000000E+000
 -2.200000000000000E-002  0.000000000000000E+000
 -2.100000000000000E-002  0.000000000000000E+000
 -2.000000000000000E-002  0.000000000000000E+000
 -1.900000000000000E-002  0.000000000000000E+000
 -1.800000000000000E-002  0.000000000000000E+000
 -1.700000000000000E-002  6.523496046969983E-003
 -1.600000000000000E-002  7.865054925630557E-002
 -1.500000000000000E-002  0.122372937457287     
 -1.400000000000000E-002  0.208430684732751     
 -1.300000000000000E-002  0.214191599843732     
 -1.200000000000000E-002  0.446416770244075     
 -1.100000000000000E-002  0.784493914786421     
 -1.000000000000000E-002   1.60020911970389     
 -9.000000000000001E-003   2.16009882477285     
 -8.000000000000000E-003   3.37691963336166     
 -6.999999999999999E-003   8.21543789224252     
 -6.000000000000002E-003   9.01172220289856     
 -5.000000000000001E-003   5.83121063622961     
 -4.000000000000000E-003   7.40479970360205     
 -3.000000000000003E-003   5.38451975007529     
 -2.000000000000002E-003   7.42419297127394     
 -1.000000000000001E-003   9.46954530534630     
  0.000000000000000E+000   7.79244997156517     
  1.000000000000001E-003   11.6734804721407     
  1.999999999999998E-003   10.1509693842976     
  2.999999999999999E-003   10.6044511695606     
  4.000000000000000E-003   11.7401771990170     
  4.999999999999998E-003   7.63215251160132     
  5.999999999999998E-003   2.15820569298045     
  6.999999999999999E-003   3.90834405684969     
  8.000000000000000E-003   2.51414433195894     
  9.000000000000001E-003   1.72393481060787     
  1.000000000000000E-002  0.943120049876582     
  1.100000000000000E-002  0.538842165055330     
  1.200000000000000E-002  0.622942803815557     
  1.300000000000000E-002  0.305248118948225     
  1.400000000000000E-002  1.677535384081004E-002
  1.500000000000000E-002  0.000000000000000E+000
  1.600000000000000E-002  0.000000000000000E+000
  1.700000000000000E-002  0.000000000000000E+000
  1.800000000000000E-002  0.000000000000000E+000
  1.900000000000000E-002  0.000000000000000E+000
  2.000000000000000E-002  0.000000000000000E+000
  2.100000000000000E-002  0.000000000000000E+000
  2.200000000000000E-002  0.000000000000000E+000
  2.300000000000000E-002  0.000000000000000E+000
  2.400000000000000E-002  0.000000000000000E+000
  2.500000000000000E-002  0.000000000000000E+000
 -2.500000000000000E-002  0.000000000000000E+000
 -2.400000000000000E-002  0.000000000000000E+000
 -2.300000000000000E-002  0.000000000000000E+000
 -2.200000000000000E-002  0.000000000000000E+000
 -2.100000000000000E-002  0.000000000000000E+000
 -2.000000000000000E-002  0.000000000000000E+000
 -1.900000000000000E-002  0.000000000000000E+000
 -1.800000000000000E-002  0.000000000000000E+000
 -1.700000000000000E-002  0.000000000000000E+000
 -1.600000000000000E-002  0.000000000000000E+000
 -1.500000000000000E-002  0.000000000000000E+000
 -1.400000000000000E-002  0.000000000000000E+000
 -1.300000000000000E-002  0.000000000000000E+000
 -1.200000000000000E-002  0.000000000000000E+000
 -1.100000000000000E-002  0.000000000000000E+000
 -1.000000000000000E-002  0.000000000000000E+000
 -9.000000000000001E-003  0.000000000000000E+000
 -8.000000000000000E-003  0.000000000000000E+000
 -6.999999999999999E-003  0.000000000000000E+000
 -6.000000000000002E-003  0.000000000000000E+000
 -5.000000000000001E-003  0.000000000000000E+000
 -4.000000000000000E-003  0.000000000000000E+000
 -3.000000000000003E-003  0.000000000000000E+000
 -2.000000000000002E-003  0.000000000000000E+000
 -1.000000000000001E-003  0.000000000000000E+000
  0.000000000000000E+000  0.000000000000000E+000
  1.000000000000001E-003  0.000000000000000E+000
  1.999999999999998E-003  0.000000000000000E+000
  2.999999999999999E-003  0.000000000000000E+000
  4.000000000000000E-003  0.000000000000000E+000
  4.999999999999998E-003  0.000000000000000E+000
  5.999999999999998E-003  0.000000000000000E+000
  6.999999999999999E-003  0.000000000000000E+000
  8.000000000000000E-003  0.000000000000000E+000
  9.000000000000001E-003  0.000000000000000E+000
  1.000000000000000E-002  0.000000000000000E+000
  1.100000000000000E-002  0.000000000000000E+000
  1.200000000000000E-002  0.000000000000000E+000
  1.300000000000000E-002  0.000000000000000E+000
  1.400000000000000E-002  0.000000000000000E+000
  1.500000000000000E-002  0.000000000000000E+000
  1.600000000000000E-002  0.000000000000000E+000
  1.700000000000000E-002  0.000000000000000E+000
  1.800000000000000E-002  0.000000000000000E+000
  1.900000000000000E-002  0.000000000000000E+000
  2.000000000000000E-002  0.000000000000000E+000
  2.100000000000000E-002  0.000000000000000E+000
  2.200000000000000E-002  0.000000000000000E+000
  2.300000000000000E-002  0.000000000000000E+000
  2.400000000000000E-002  0.000000000000000E+000
  2.500000000000000E-002  0.000000000000000E+000
 -2.500000000000000E-002  0.000000000000000E+000
 -2.400000000000000E-002  0.000000000000000E+000
 -2.300000000000000E-002  0.000000000000000E+000
 -2.200000000000000E-002  0.000000000000000E+000
 -2.100000000000000E-002  0.000000000000000E+000
 -2.000000000000000E-002  0.000000000000000E+000
 -1.900000000000000E-002  0.000000000000000E+000
 -1.800000000000000E-002  0.000000000000000E+000
 -1.700000000000000E-002  0.117987001200675     
 -1.600000000000000E-002  0.993326048552613     
 -1.500000000000000E-002   1.09322530324418     
 -1.400000000000000E-002   1.33167533749607     
 -1.300000000000000E-002  0.987350070786054     
 -1.200000000000000E-002   1.49396638103219     
 -1.100000000000000E-002  0.554406789598362     
 -1.000000000000000E-002  0.479382152698805     
 -9.000000000000001E-003  0.688625636723968     
 -8.000000000000000E-003  0.292549857166849     
 -6.999999999999999E-003  6.119852357572679E-002
 -6.000000000000002E-003  0.165797966438749     
 -5.000000000000001E-003  1.943131937516631E-002
 -4.000000000000000E-003  2.530752768003994E-002
 -3.000000000000003E-003  8.178156772893413E-003
 -2.000000000000002E-003  2.738493355468812E-003
 -1.000000000000001E-003  0.000000000000000E+000
  0.000000000000000E+000  0.000000000000000E+000
  1.000000000000001E-003  2.630830391183405E-002
  1.999999999999998E-003  6.532556379217297E-002
  2.999999999999999E-003  0.280551388154492     
  4.000000000000000E-003  0.672012558487279     
  4.999999999999998E-003  0.988265144298320     
  5.999999999999998E-003  0.929979560275302     
  6.999999999999999E-003   2.53542592289282     
  8.000000000000000E-003   2.31656706652863     
  9.000000000000001E-003   2.21590462816510     
  1.000000000000000E-002   1.67340328501587     
  1.100000000000000E-002   1.31333408179908     
  1.200000000000000E-002   2.08472366684958     
  1.300000000000000E-002   1.40708950337325     
  1.400000000000000E-002  0.107178676768347     
  1.500000000000000E-002  0.000000000000000E+000
  1.600000000000000E-002  0.000000000000000E+000
  1.700000000000000E-002  0.000000000000000E+000
  1.800000000000000E-002  0.000000000000000E+000
  1.900000000000000E-002  0.000000000000000E+000
  2.000000000000000E-002  0.000000000000000E+000
  2.100000000000000E-002  0.000000000000000E+000
  2.200000000000000E-002  0.000000000000000E+000
  2.300000000000000E-002  0.000000000000000E+000
  2.400000000000000E-002  0.000000000000000E+000
  2.500000000000000E-002  0.000000000000000E+000
4
   83.0001833333333     
 9
40
 0
 0
 9
40
  153.92907000
