 -2.500000000000000E-002  0.000000000000000E+000
 -2.400000000000000E-002  0.000000000000000E+000
 -2.300000000000000E-002  0.000000000000000E+000
 -2.200000000000000E-002  0.000000000000000E+000
 -2.100000000000000E-002  0.000000000000000E+000
 -2.000000000000000E-002  0.000000000000000E+000
 -1.900000000000000E-002  0.000000000000000E+000
 -1.800000000000000E-002  0.000000000000000E+000
 -1.700000000000000E-002  0.000000000000000E+000
 -1.600000000000000E-002  0.000000000000000E+000
 -1.500000000000000E-002  0.000000000000000E+000
 -1.400000000000000E-002  0.000000000000000E+000
 -1.300000000000000E-002  0.000000000000000E+000
 -1.200000000000000E-002  0.000000000000000E+000
 -1.100000000000000E-002  0.184726648885816     
 -1.000000000000000E-002  0.948006051654122     
 -9.000000000000001E-003   1.00636713657173     
 -8.000000000000000E-003   1.03460625534097     
 -6.999999999999999E-003   1.57824197206009     
 -6.000000000000002E-003   1.75116013021558     
 -5.000000000000001E-003   3.90432519958305     
 -4.000000000000000E-003   5.81011422415882     
 -3.000000000000003E-003   6.17054100900500     
 -2.000000000000002E-003   5.69665813704096     
 -1.000000000000001E-003   5.64044640640021     
  0.000000000000000E+000   5.68009793800693     
  1.000000000000001E-003   7.63930244042306     
  1.999999999999998E-003   3.88708741391375     
  2.999999999999999E-003   1.64245753854113     
  4.000000000000000E-003   1.52417041599617     
  4.999999999999998E-003  0.398750656117585     
  5.999999999999998E-003  0.418229391785429     
  6.999999999999999E-003   1.02684905357573     
  8.000000000000000E-003  0.413880314581667     
  9.000000000000001E-003  0.113830824514899     
  1.000000000000000E-002  0.238114817283250     
  1.100000000000000E-002  0.320830790414364     
  1.200000000000000E-002  0.158967991865914     
  1.300000000000000E-002  5.958688048826592E-002
  1.400000000000000E-002  3.326798241316031E-002
  1.500000000000000E-002  0.100998489107658     
  1.600000000000000E-002  3.357006748993530E-002
  1.700000000000000E-002  5.940575349496841E-002
  1.800000000000000E-002  7.091879850592776E-003
  1.900000000000000E-002  2.730933945712433E-002
  2.000000000000000E-002  3.702385011477446E-003
  2.100000000000000E-002  9.636243259733727E-003
  2.200000000000000E-002  2.589181985547935E-003
  2.300000000000000E-002  0.000000000000000E+000
  2.400000000000000E-002  0.000000000000000E+000
  2.500000000000000E-002  0.000000000000000E+000
 -2.500000000000000E-002  0.000000000000000E+000
 -2.400000000000000E-002  0.000000000000000E+000
 -2.300000000000000E-002  0.000000000000000E+000
 -2.200000000000000E-002  0.000000000000000E+000
 -2.100000000000000E-002  0.000000000000000E+000
 -2.000000000000000E-002  0.000000000000000E+000
 -1.900000000000000E-002  0.000000000000000E+000
 -1.800000000000000E-002  0.000000000000000E+000
 -1.700000000000000E-002  0.000000000000000E+000
 -1.600000000000000E-002  0.000000000000000E+000
 -1.500000000000000E-002  0.000000000000000E+000
 -1.400000000000000E-002  0.000000000000000E+000
 -1.300000000000000E-002  0.000000000000000E+000
 -1.200000000000000E-002  0.000000000000000E+000
 -1.100000000000000E-002  0.000000000000000E+000
 -1.000000000000000E-002  0.000000000000000E+000
 -9.000000000000001E-003  0.000000000000000E+000
 -8.000000000000000E-003  0.000000000000000E+000
 -6.999999999999999E-003  0.000000000000000E+000
 -6.000000000000002E-003  0.000000000000000E+000
 -5.000000000000001E-003  0.000000000000000E+000
 -4.000000000000000E-003  0.000000000000000E+000
 -3.000000000000003E-003  0.000000000000000E+000
 -2.000000000000002E-003  0.000000000000000E+000
 -1.000000000000001E-003  0.000000000000000E+000
  0.000000000000000E+000  0.000000000000000E+000
  1.000000000000001E-003  0.000000000000000E+000
  1.999999999999998E-003  0.000000000000000E+000
  2.999999999999999E-003  0.000000000000000E+000
  4.000000000000000E-003  0.000000000000000E+000
  4.999999999999998E-003  0.000000000000000E+000
  5.999999999999998E-003  0.000000000000000E+000
  6.999999999999999E-003  0.000000000000000E+000
  8.000000000000000E-003  0.000000000000000E+000
  9.000000000000001E-003  0.000000000000000E+000
  1.000000000000000E-002  0.000000000000000E+000
  1.100000000000000E-002  0.000000000000000E+000
  1.200000000000000E-002  0.000000000000000E+000
  1.300000000000000E-002  0.000000000000000E+000
  1.400000000000000E-002  0.000000000000000E+000
  1.500000000000000E-002  0.000000000000000E+000
  1.600000000000000E-002  0.000000000000000E+000
  1.700000000000000E-002  0.000000000000000E+000
  1.800000000000000E-002  0.000000000000000E+000
  1.900000000000000E-002  0.000000000000000E+000
  2.000000000000000E-002  0.000000000000000E+000
  2.100000000000000E-002  0.000000000000000E+000
  2.200000000000000E-002  0.000000000000000E+000
  2.300000000000000E-002  0.000000000000000E+000
  2.400000000000000E-002  0.000000000000000E+000
  2.500000000000000E-002  0.000000000000000E+000
 -2.500000000000000E-002  0.000000000000000E+000
 -2.400000000000000E-002  0.000000000000000E+000
 -2.300000000000000E-002  0.000000000000000E+000
 -2.200000000000000E-002  0.000000000000000E+000
 -2.100000000000000E-002  0.000000000000000E+000
 -2.000000000000000E-002  0.000000000000000E+000
 -1.900000000000000E-002  0.000000000000000E+000
 -1.800000000000000E-002  0.000000000000000E+000
 -1.700000000000000E-002  0.000000000000000E+000
 -1.600000000000000E-002  0.000000000000000E+000
 -1.500000000000000E-002  0.000000000000000E+000
 -1.400000000000000E-002  0.000000000000000E+000
 -1.300000000000000E-002  0.000000000000000E+000
 -1.200000000000000E-002  0.000000000000000E+000
 -1.100000000000000E-002  0.450239085824625     
 -1.000000000000000E-002   1.68207264945808     
 -9.000000000000001E-003   1.29356027956546     
 -8.000000000000000E-003  0.953300392296864     
 -6.999999999999999E-003   1.02383913758710     
 -6.000000000000002E-003  0.682563892669675     
 -5.000000000000001E-003  0.442384955239339     
 -4.000000000000000E-003  0.101844961453311     
 -3.000000000000003E-003  5.893824404417142E-002
 -2.000000000000002E-003  7.404183740564094E-003
 -1.000000000000001E-003  4.029932539056522E-003
  0.000000000000000E+000  0.000000000000000E+000
  1.000000000000001E-003  4.901509956306920E-003
  1.999999999999998E-003  3.605974671702927E-002
  2.999999999999999E-003  2.987490084425043E-002
  4.000000000000000E-003  6.257289974426364E-002
  4.999999999999998E-003  6.653335699854603E-002
  5.999999999999998E-003  0.118448974626732     
  6.999999999999999E-003  0.405997862811014     
  8.000000000000000E-003  0.288612255297707     
  9.000000000000001E-003  0.146315422902490     
  1.000000000000000E-002  0.422493528268103     
  1.100000000000000E-002  0.781969264596163     
  1.200000000000000E-002  0.531998014720697     
  1.300000000000000E-002  0.274675153978644     
  1.400000000000000E-002  0.212551005935919     
  1.500000000000000E-002  0.902275504504105     
  1.600000000000000E-002  0.423976981785013     
  1.700000000000000E-002   1.07444024775540     
  1.800000000000000E-002  0.186368530817612     
  1.900000000000000E-002   1.05939213591514     
  2.000000000000000E-002  0.215634725293445     
  2.100000000000000E-002  0.857790731495489     
  2.200000000000000E-002  0.358858570122991     
  2.300000000000000E-002  0.000000000000000E+000
  2.400000000000000E-002  0.000000000000000E+000
  2.500000000000000E-002  0.000000000000000E+000
4
   103.383550000000     
15
48
 0
 0
15
48
   53.58027000
