 -2.500000000000000E-002  0.000000000000000E+000
 -2.400000000000000E-002  0.000000000000000E+000
 -2.300000000000000E-002  0.000000000000000E+000
 -2.200000000000000E-002  0.000000000000000E+000
 -2.100000000000000E-002  0.000000000000000E+000
 -2.000000000000000E-002  0.000000000000000E+000
 -1.900000000000000E-002  0.000000000000000E+000
 -1.800000000000000E-002  0.000000000000000E+000
 -1.700000000000000E-002  0.000000000000000E+000
 -1.600000000000000E-002  0.000000000000000E+000
 -1.500000000000000E-002  1.911053127358490E-002
 -1.400000000000000E-002  0.299188794342703     
 -1.300000000000000E-002   1.10325859974318     
 -1.200000000000000E-002  0.616114339998295     
 -1.100000000000000E-002   1.13349652941218     
 -1.000000000000000E-002   1.61676522971253     
 -9.000000000000001E-003   2.42586743613049     
 -8.000000000000000E-003   3.80009815952522     
 -6.999999999999999E-003   3.47598684360411     
 -6.000000000000002E-003   6.07117920416166     
 -5.000000000000001E-003   7.85378177909210     
 -4.000000000000000E-003   6.04522519028612     
 -3.000000000000003E-003   5.73183268118899     
 -2.000000000000002E-003   4.65724822241135     
 -1.000000000000001E-003   6.62001020219718     
  0.000000000000000E+000   3.94091748798847     
  1.000000000000001E-003   3.10711373406166     
  1.999999999999998E-003   4.40020825448869     
  2.999999999999999E-003   4.98917162626870     
  4.000000000000000E-003   6.83948170220611     
  4.999999999999998E-003   5.02900758789083     
  5.999999999999998E-003   4.41150167772247     
  6.999999999999999E-003   10.4595475475195     
  8.000000000000000E-003   14.6759771931421     
  9.000000000000001E-003   7.72059005820133     
  1.000000000000000E-002   4.80587977926528     
  1.100000000000000E-002  0.736809587099086     
  1.200000000000000E-002  3.696448996369447E-002
  1.300000000000000E-002  0.000000000000000E+000
  1.400000000000000E-002  0.000000000000000E+000
  1.500000000000000E-002  0.000000000000000E+000
  1.600000000000000E-002  0.000000000000000E+000
  1.700000000000000E-002  0.000000000000000E+000
  1.800000000000000E-002  0.000000000000000E+000
  1.900000000000000E-002  0.000000000000000E+000
  2.000000000000000E-002  0.000000000000000E+000
  2.100000000000000E-002  0.000000000000000E+000
  2.200000000000000E-002  0.000000000000000E+000
  2.300000000000000E-002  0.000000000000000E+000
  2.400000000000000E-002  0.000000000000000E+000
  2.500000000000000E-002  0.000000000000000E+000
 -2.500000000000000E-002  0.000000000000000E+000
 -2.400000000000000E-002  0.000000000000000E+000
 -2.300000000000000E-002  0.000000000000000E+000
 -2.200000000000000E-002  0.000000000000000E+000
 -2.100000000000000E-002  0.000000000000000E+000
 -2.000000000000000E-002  0.000000000000000E+000
 -1.900000000000000E-002  0.000000000000000E+000
 -1.800000000000000E-002  0.000000000000000E+000
 -1.700000000000000E-002  0.000000000000000E+000
 -1.600000000000000E-002  0.000000000000000E+000
 -1.500000000000000E-002  0.000000000000000E+000
 -1.400000000000000E-002  0.000000000000000E+000
 -1.300000000000000E-002  0.000000000000000E+000
 -1.200000000000000E-002  0.000000000000000E+000
 -1.100000000000000E-002  0.000000000000000E+000
 -1.000000000000000E-002  0.000000000000000E+000
 -9.000000000000001E-003  0.000000000000000E+000
 -8.000000000000000E-003  0.000000000000000E+000
 -6.999999999999999E-003  0.000000000000000E+000
 -6.000000000000002E-003  0.000000000000000E+000
 -5.000000000000001E-003  0.000000000000000E+000
 -4.000000000000000E-003  0.000000000000000E+000
 -3.000000000000003E-003  0.000000000000000E+000
 -2.000000000000002E-003  0.000000000000000E+000
 -1.000000000000001E-003  0.000000000000000E+000
  0.000000000000000E+000  0.000000000000000E+000
  1.000000000000001E-003  0.000000000000000E+000
  1.999999999999998E-003  0.000000000000000E+000
  2.999999999999999E-003  0.000000000000000E+000
  4.000000000000000E-003  0.000000000000000E+000
  4.999999999999998E-003  0.000000000000000E+000
  5.999999999999998E-003  0.000000000000000E+000
  6.999999999999999E-003  0.000000000000000E+000
  8.000000000000000E-003  0.000000000000000E+000
  9.000000000000001E-003  0.000000000000000E+000
  1.000000000000000E-002  0.000000000000000E+000
  1.100000000000000E-002  0.000000000000000E+000
  1.200000000000000E-002  0.000000000000000E+000
  1.300000000000000E-002  0.000000000000000E+000
  1.400000000000000E-002  0.000000000000000E+000
  1.500000000000000E-002  0.000000000000000E+000
  1.600000000000000E-002  0.000000000000000E+000
  1.700000000000000E-002  0.000000000000000E+000
  1.800000000000000E-002  0.000000000000000E+000
  1.900000000000000E-002  0.000000000000000E+000
  2.000000000000000E-002  0.000000000000000E+000
  2.100000000000000E-002  0.000000000000000E+000
  2.200000000000000E-002  0.000000000000000E+000
  2.300000000000000E-002  0.000000000000000E+000
  2.400000000000000E-002  0.000000000000000E+000
  2.500000000000000E-002  0.000000000000000E+000
 -2.500000000000000E-002  0.000000000000000E+000
 -2.400000000000000E-002  0.000000000000000E+000
 -2.300000000000000E-002  0.000000000000000E+000
 -2.200000000000000E-002  0.000000000000000E+000
 -2.100000000000000E-002  0.000000000000000E+000
 -2.000000000000000E-002  0.000000000000000E+000
 -1.900000000000000E-002  0.000000000000000E+000
 -1.800000000000000E-002  0.000000000000000E+000
 -1.700000000000000E-002  0.000000000000000E+000
 -1.600000000000000E-002  0.000000000000000E+000
 -1.500000000000000E-002  0.170724972210579     
 -1.400000000000000E-002   1.91153399122696     
 -1.300000000000000E-002   5.08564508293728     
 -1.200000000000000E-002   2.06187171312144     
 -1.100000000000000E-002   2.76270069459974     
 -1.000000000000000E-002   2.86867005621865     
 -9.000000000000001E-003   2.54679831049358     
 -8.000000000000000E-003   1.33183925505515     
 -6.999999999999999E-003  0.261143499503358     
 -6.000000000000002E-003  0.403258703919629     
 -5.000000000000001E-003  0.293607377246640     
 -4.000000000000000E-003  0.177233218594076     
 -3.000000000000003E-003  2.870228296777425E-002
 -2.000000000000002E-003  0.000000000000000E+000
 -1.000000000000001E-003  0.000000000000000E+000
  0.000000000000000E+000  0.000000000000000E+000
  1.000000000000001E-003  2.262743967235154E-003
  1.999999999999998E-003  4.330484139996699E-002
  2.999999999999999E-003  0.197550914347508     
  4.000000000000000E-003  0.439145055324209     
  4.999999999999998E-003  0.276931246443792     
  5.999999999999998E-003  0.329164624231780     
  6.999999999999999E-003  0.453938088310928     
  8.000000000000000E-003  0.894145011130758     
  9.000000000000001E-003  0.923261258046229     
  1.000000000000000E-002   1.72371649903448     
  1.100000000000000E-002   1.09253172082155     
  1.200000000000000E-002  0.123704369949113     
  1.300000000000000E-002  0.000000000000000E+000
  1.400000000000000E-002  0.000000000000000E+000
  1.500000000000000E-002  0.000000000000000E+000
  1.600000000000000E-002  0.000000000000000E+000
  1.700000000000000E-002  0.000000000000000E+000
  1.800000000000000E-002  0.000000000000000E+000
  1.900000000000000E-002  0.000000000000000E+000
  2.000000000000000E-002  0.000000000000000E+000
  2.100000000000000E-002  0.000000000000000E+000
  2.200000000000000E-002  0.000000000000000E+000
  2.300000000000000E-002  0.000000000000000E+000
  2.400000000000000E-002  0.000000000000000E+000
  2.500000000000000E-002  0.000000000000000E+000
4
   108.371150000000     
11
38
 0
 0
11
38
  140.73040000
