 -2.500000000000000E-002  0.000000000000000E+000
 -2.400000000000000E-002  0.000000000000000E+000
 -2.300000000000000E-002  0.000000000000000E+000
 -2.200000000000000E-002  0.000000000000000E+000
 -2.100000000000000E-002  0.000000000000000E+000
 -2.000000000000000E-002  0.000000000000000E+000
 -1.900000000000000E-002  0.000000000000000E+000
 -1.800000000000000E-002  0.000000000000000E+000
 -1.700000000000000E-002  0.000000000000000E+000
 -1.600000000000000E-002  1.979371412959395E-002
 -1.500000000000000E-002  4.551729807275792E-002
 -1.400000000000000E-002  0.109349982353321     
 -1.300000000000000E-002  9.670874692366313E-002
 -1.200000000000000E-002  0.195075800955126     
 -1.100000000000000E-002  0.147647044209734     
 -1.000000000000000E-002  0.153946642344044     
 -9.000000000000001E-003  6.668976864437109E-002
 -8.000000000000000E-003   1.61509634201863     
 -6.999999999999999E-003   5.23241171871751     
 -6.000000000000002E-003   8.37341221652531     
 -5.000000000000001E-003   9.27990081773772     
 -4.000000000000000E-003   8.16052002383711     
 -3.000000000000003E-003   6.63088370541030     
 -2.000000000000002E-003   7.10150424812078     
 -1.000000000000001E-003   9.80817286182820     
  0.000000000000000E+000   7.61630320573803     
  1.000000000000001E-003   12.7326894258833     
  1.999999999999998E-003   19.2282608259368     
  2.999999999999999E-003   15.5349779386609     
  4.000000000000000E-003   13.5116219095928     
  4.999999999999998E-003   8.30798962174049     
  5.999999999999998E-003   1.77941099779138     
  6.999999999999999E-003  0.650720008407058     
  8.000000000000000E-003   1.03532904858748     
  9.000000000000001E-003  0.957996927909947     
  1.000000000000000E-002  0.806443950754357     
  1.100000000000000E-002  6.529110405285338E-003
  1.200000000000000E-002  0.000000000000000E+000
  1.300000000000000E-002  0.000000000000000E+000
  1.400000000000000E-002  0.000000000000000E+000
  1.500000000000000E-002  0.000000000000000E+000
  1.600000000000000E-002  0.000000000000000E+000
  1.700000000000000E-002  0.000000000000000E+000
  1.800000000000000E-002  0.000000000000000E+000
  1.900000000000000E-002  0.000000000000000E+000
  2.000000000000000E-002  0.000000000000000E+000
  2.100000000000000E-002  0.000000000000000E+000
  2.200000000000000E-002  0.000000000000000E+000
  2.300000000000000E-002  0.000000000000000E+000
  2.400000000000000E-002  0.000000000000000E+000
  2.500000000000000E-002  0.000000000000000E+000
 -2.500000000000000E-002  0.000000000000000E+000
 -2.400000000000000E-002  0.000000000000000E+000
 -2.300000000000000E-002  0.000000000000000E+000
 -2.200000000000000E-002  0.000000000000000E+000
 -2.100000000000000E-002  0.000000000000000E+000
 -2.000000000000000E-002  0.000000000000000E+000
 -1.900000000000000E-002  0.000000000000000E+000
 -1.800000000000000E-002  0.000000000000000E+000
 -1.700000000000000E-002  0.000000000000000E+000
 -1.600000000000000E-002  0.249986961673421     
 -1.500000000000000E-002  0.406631261963578     
 -1.400000000000000E-002  0.698643171672446     
 -1.300000000000000E-002  0.445794271065590     
 -1.200000000000000E-002  0.652835439449429     
 -1.100000000000000E-002  0.359863996941715     
 -1.000000000000000E-002  0.273151670404418     
 -9.000000000000001E-003  8.572143568364637E-002
 -8.000000000000000E-003  0.223279933763002     
 -6.999999999999999E-003  6.513685015400833E-002
 -6.000000000000002E-003  3.373582074964881E-002
 -5.000000000000001E-003  0.000000000000000E+000
 -4.000000000000000E-003  0.000000000000000E+000
 -3.000000000000003E-003  0.000000000000000E+000
 -2.000000000000002E-003  0.000000000000000E+000
 -1.000000000000001E-003  0.000000000000000E+000
  0.000000000000000E+000  0.000000000000000E+000
  1.000000000000001E-003  7.378012768526392E-003
  1.999999999999998E-003  4.248310431816132E-003
  2.999999999999999E-003  2.440356968216437E-002
  4.000000000000000E-003  0.188352616603700     
  4.999999999999998E-003  0.421267094668074     
  5.999999999999998E-003  0.532138240217685     
  6.999999999999999E-003  0.422135910723825     
  8.000000000000000E-003  0.953966383906616     
  9.000000000000001E-003   1.23138636870792     
  1.000000000000000E-002   1.43089520422148     
  1.100000000000000E-002  1.591357131120153E-002
  1.200000000000000E-002  0.000000000000000E+000
  1.300000000000000E-002  0.000000000000000E+000
  1.400000000000000E-002  0.000000000000000E+000
  1.500000000000000E-002  0.000000000000000E+000
  1.600000000000000E-002  0.000000000000000E+000
  1.700000000000000E-002  0.000000000000000E+000
  1.800000000000000E-002  0.000000000000000E+000
  1.900000000000000E-002  0.000000000000000E+000
  2.000000000000000E-002  0.000000000000000E+000
  2.100000000000000E-002  0.000000000000000E+000
  2.200000000000000E-002  0.000000000000000E+000
  2.300000000000000E-002  0.000000000000000E+000
  2.400000000000000E-002  0.000000000000000E+000
  2.500000000000000E-002  0.000000000000000E+000
 -2.500000000000000E-002  0.000000000000000E+000
 -2.400000000000000E-002  0.000000000000000E+000
 -2.300000000000000E-002  0.000000000000000E+000
 -2.200000000000000E-002  0.000000000000000E+000
 -2.100000000000000E-002  0.000000000000000E+000
 -2.000000000000000E-002  0.000000000000000E+000
 -1.900000000000000E-002  0.000000000000000E+000
 -1.800000000000000E-002  0.000000000000000E+000
 -1.700000000000000E-002  0.000000000000000E+000
 -1.600000000000000E-002  0.000000000000000E+000
 -1.500000000000000E-002  0.000000000000000E+000
 -1.400000000000000E-002  0.000000000000000E+000
 -1.300000000000000E-002  0.000000000000000E+000
 -1.200000000000000E-002  0.000000000000000E+000
 -1.100000000000000E-002  0.000000000000000E+000
 -1.000000000000000E-002  0.000000000000000E+000
 -9.000000000000001E-003  0.000000000000000E+000
 -8.000000000000000E-003  0.000000000000000E+000
 -6.999999999999999E-003  0.000000000000000E+000
 -6.000000000000002E-003  0.000000000000000E+000
 -5.000000000000001E-003  0.000000000000000E+000
 -4.000000000000000E-003  0.000000000000000E+000
 -3.000000000000003E-003  0.000000000000000E+000
 -2.000000000000002E-003  0.000000000000000E+000
 -1.000000000000001E-003  0.000000000000000E+000
  0.000000000000000E+000  0.000000000000000E+000
  1.000000000000001E-003  0.000000000000000E+000
  1.999999999999998E-003  0.000000000000000E+000
  2.999999999999999E-003  0.000000000000000E+000
  4.000000000000000E-003  0.000000000000000E+000
  4.999999999999998E-003  0.000000000000000E+000
  5.999999999999998E-003  0.000000000000000E+000
  6.999999999999999E-003  0.000000000000000E+000
  8.000000000000000E-003  0.000000000000000E+000
  9.000000000000001E-003  0.000000000000000E+000
  1.000000000000000E-002  0.000000000000000E+000
  1.100000000000000E-002  0.000000000000000E+000
  1.200000000000000E-002  0.000000000000000E+000
  1.300000000000000E-002  0.000000000000000E+000
  1.400000000000000E-002  0.000000000000000E+000
  1.500000000000000E-002  0.000000000000000E+000
  1.600000000000000E-002  0.000000000000000E+000
  1.700000000000000E-002  0.000000000000000E+000
  1.800000000000000E-002  0.000000000000000E+000
  1.900000000000000E-002  0.000000000000000E+000
  2.000000000000000E-002  0.000000000000000E+000
  2.100000000000000E-002  0.000000000000000E+000
  2.200000000000000E-002  0.000000000000000E+000
  2.300000000000000E-002  0.000000000000000E+000
  2.400000000000000E-002  0.000000000000000E+000
  2.500000000000000E-002  0.000000000000000E+000
4
   102.667722222222     
10
37
10
37
 0
 0
  141.72228000
