 -2.500000000000000E-002  0.000000000000000E+000
 -2.400000000000000E-002  0.000000000000000E+000
 -2.300000000000000E-002  0.000000000000000E+000
 -2.200000000000000E-002  0.000000000000000E+000
 -2.100000000000000E-002  0.000000000000000E+000
 -2.000000000000000E-002  0.000000000000000E+000
 -1.900000000000000E-002  0.000000000000000E+000
 -1.800000000000000E-002  0.000000000000000E+000
 -1.700000000000000E-002  0.000000000000000E+000
 -1.600000000000000E-002  0.000000000000000E+000
 -1.500000000000000E-002  0.000000000000000E+000
 -1.400000000000000E-002  0.000000000000000E+000
 -1.300000000000000E-002  0.000000000000000E+000
 -1.200000000000000E-002  0.000000000000000E+000
 -1.100000000000000E-002  0.000000000000000E+000
 -1.000000000000000E-002  0.276314009773657     
 -9.000000000000001E-003  0.661448286107632     
 -8.000000000000000E-003   1.45634920329102     
 -6.999999999999999E-003   1.24946702929595     
 -6.000000000000002E-003   1.35305043038922     
 -5.000000000000001E-003   5.15748169456816     
 -4.000000000000000E-003   19.0831132152610     
 -3.000000000000003E-003   31.6907206680484     
 -2.000000000000002E-003   34.3890022485075     
 -1.000000000000001E-003   30.1924962688461     
  0.000000000000000E+000   21.6140582198288     
  1.000000000000001E-003   20.7241673106146     
  1.999999999999998E-003   34.5787198172225     
  2.999999999999999E-003   18.9787772976843     
  4.000000000000000E-003   3.79994087787333     
  4.999999999999998E-003   4.66529611867229     
  5.999999999999998E-003   1.83672105821812     
  6.999999999999999E-003  0.164802758938574     
  8.000000000000000E-003  0.554657176560653     
  9.000000000000001E-003  0.295134018820939     
  1.000000000000000E-002  0.418872609364289     
  1.100000000000000E-002  0.106866005194009     
  1.200000000000000E-002  0.198209056966565     
  1.300000000000000E-002  0.114263564751329     
  1.400000000000000E-002  3.423087217699970E-002
  1.500000000000000E-002  0.273005410728319     
  1.600000000000000E-002  0.170892990296405     
  1.700000000000000E-002  9.035712333185114E-003
  1.800000000000000E-002  3.104006959687781E-002
  1.900000000000000E-002  1.545402685471050E-002
  2.000000000000000E-002  8.121750542778644E-003
  2.100000000000000E-002  5.085807385807352E-004
  2.200000000000000E-002  0.000000000000000E+000
  2.300000000000000E-002  0.000000000000000E+000
  2.400000000000000E-002  0.000000000000000E+000
  2.500000000000000E-002  0.000000000000000E+000
 -2.500000000000000E-002  0.000000000000000E+000
 -2.400000000000000E-002  0.000000000000000E+000
 -2.300000000000000E-002  0.000000000000000E+000
 -2.200000000000000E-002  0.000000000000000E+000
 -2.100000000000000E-002  0.000000000000000E+000
 -2.000000000000000E-002  0.000000000000000E+000
 -1.900000000000000E-002  0.000000000000000E+000
 -1.800000000000000E-002  0.000000000000000E+000
 -1.700000000000000E-002  0.000000000000000E+000
 -1.600000000000000E-002  0.000000000000000E+000
 -1.500000000000000E-002  0.000000000000000E+000
 -1.400000000000000E-002  0.000000000000000E+000
 -1.300000000000000E-002  0.000000000000000E+000
 -1.200000000000000E-002  0.000000000000000E+000
 -1.100000000000000E-002  0.000000000000000E+000
 -1.000000000000000E-002  0.000000000000000E+000
 -9.000000000000001E-003  0.000000000000000E+000
 -8.000000000000000E-003  0.000000000000000E+000
 -6.999999999999999E-003  0.000000000000000E+000
 -6.000000000000002E-003  0.000000000000000E+000
 -5.000000000000001E-003  0.000000000000000E+000
 -4.000000000000000E-003  0.000000000000000E+000
 -3.000000000000003E-003  0.000000000000000E+000
 -2.000000000000002E-003  0.000000000000000E+000
 -1.000000000000001E-003  0.000000000000000E+000
  0.000000000000000E+000  0.000000000000000E+000
  1.000000000000001E-003  0.000000000000000E+000
  1.999999999999998E-003  0.000000000000000E+000
  2.999999999999999E-003  0.000000000000000E+000
  4.000000000000000E-003  0.000000000000000E+000
  4.999999999999998E-003  0.000000000000000E+000
  5.999999999999998E-003  0.000000000000000E+000
  6.999999999999999E-003  0.000000000000000E+000
  8.000000000000000E-003  0.000000000000000E+000
  9.000000000000001E-003  0.000000000000000E+000
  1.000000000000000E-002  0.000000000000000E+000
  1.100000000000000E-002  0.000000000000000E+000
  1.200000000000000E-002  0.000000000000000E+000
  1.300000000000000E-002  0.000000000000000E+000
  1.400000000000000E-002  0.000000000000000E+000
  1.500000000000000E-002  0.000000000000000E+000
  1.600000000000000E-002  0.000000000000000E+000
  1.700000000000000E-002  0.000000000000000E+000
  1.800000000000000E-002  0.000000000000000E+000
  1.900000000000000E-002  0.000000000000000E+000
  2.000000000000000E-002  0.000000000000000E+000
  2.100000000000000E-002  0.000000000000000E+000
  2.200000000000000E-002  0.000000000000000E+000
  2.300000000000000E-002  0.000000000000000E+000
  2.400000000000000E-002  0.000000000000000E+000
  2.500000000000000E-002  0.000000000000000E+000
 -2.500000000000000E-002  0.000000000000000E+000
 -2.400000000000000E-002  0.000000000000000E+000
 -2.300000000000000E-002  0.000000000000000E+000
 -2.200000000000000E-002  0.000000000000000E+000
 -2.100000000000000E-002  0.000000000000000E+000
 -2.000000000000000E-002  0.000000000000000E+000
 -1.900000000000000E-002  0.000000000000000E+000
 -1.800000000000000E-002  0.000000000000000E+000
 -1.700000000000000E-002  0.000000000000000E+000
 -1.600000000000000E-002  0.000000000000000E+000
 -1.500000000000000E-002  0.000000000000000E+000
 -1.400000000000000E-002  0.000000000000000E+000
 -1.300000000000000E-002  0.000000000000000E+000
 -1.200000000000000E-002  0.000000000000000E+000
 -1.100000000000000E-002  0.000000000000000E+000
 -1.000000000000000E-002  0.490271383491056     
 -9.000000000000001E-003  0.850209827807211     
 -8.000000000000000E-003   1.34190012833531     
 -6.999999999999999E-003  0.810555838942783     
 -6.000000000000002E-003  0.576867694889368     
 -5.000000000000001E-003  0.270952584781240     
 -4.000000000000000E-003  9.090831241900343E-002
 -3.000000000000003E-003  7.290377919875117E-002
 -2.000000000000002E-003  2.027432740285446E-002
 -1.000000000000001E-003  3.092081090481461E-003
  0.000000000000000E+000  0.000000000000000E+000
  1.000000000000001E-003  0.000000000000000E+000
  1.999999999999998E-003  0.000000000000000E+000
  2.999999999999999E-003  0.000000000000000E+000
  4.000000000000000E-003  2.809608549076516E-002
  4.999999999999998E-003  9.388959212544355E-002
  5.999999999999998E-003  4.195062428802803E-003
  6.999999999999999E-003  0.000000000000000E+000
  8.000000000000000E-003  0.217817241971230     
  9.000000000000001E-003  0.229124417684674     
  1.000000000000000E-002  0.431476620157371     
  1.100000000000000E-002  0.260467305472647     
  1.200000000000000E-002  0.663321109917628     
  1.300000000000000E-002  0.526715981522152     
  1.400000000000000E-002  0.218702962654175     
  1.500000000000000E-002   2.43890870916572     
  1.600000000000000E-002   2.15831243877625     
  1.700000000000000E-002  0.163424120169375     
  1.800000000000000E-002  0.815706454299703     
  1.900000000000000E-002  0.599497272491911     
  2.000000000000000E-002  0.473027910864161     
  2.100000000000000E-002  4.527239838315784E-002
  2.200000000000000E-002  0.000000000000000E+000
  2.300000000000000E-002  0.000000000000000E+000
  2.400000000000000E-002  0.000000000000000E+000
  2.500000000000000E-002  0.000000000000000E+000
4
   105.024642857143     
16
47
 0
 0
16
47
  266.06145000
