 -2.500000000000000E-002  0.000000000000000E+000
 -2.400000000000000E-002  0.000000000000000E+000
 -2.300000000000000E-002  0.000000000000000E+000
 -2.200000000000000E-002  0.000000000000000E+000
 -2.100000000000000E-002  0.000000000000000E+000
 -2.000000000000000E-002  0.000000000000000E+000
 -1.900000000000000E-002  0.000000000000000E+000
 -1.800000000000000E-002  0.000000000000000E+000
 -1.700000000000000E-002  0.000000000000000E+000
 -1.600000000000000E-002  0.000000000000000E+000
 -1.500000000000000E-002  0.000000000000000E+000
 -1.400000000000000E-002  0.000000000000000E+000
 -1.300000000000000E-002  0.000000000000000E+000
 -1.200000000000000E-002  0.000000000000000E+000
 -1.100000000000000E-002  0.448549422066052     
 -1.000000000000000E-002   2.51558976371473     
 -9.000000000000001E-003   2.97952725409878     
 -8.000000000000000E-003   3.59813527289703     
 -6.999999999999999E-003   4.71537491938667     
 -6.000000000000002E-003   5.34208426820729     
 -5.000000000000001E-003   7.41296397479587     
 -4.000000000000000E-003   16.0712946963691     
 -3.000000000000003E-003   23.2009068094948     
 -2.000000000000002E-003   29.5059529269124     
 -1.000000000000001E-003   20.8729580788870     
  0.000000000000000E+000   13.6242142836671     
  1.000000000000001E-003   13.8541800578727     
  1.999999999999998E-003   6.11778861400539     
  2.999999999999999E-003   6.51049412110318     
  4.000000000000000E-003   5.54041435279652     
  4.999999999999998E-003   1.74114292332845     
  5.999999999999998E-003   1.81910610944661     
  6.999999999999999E-003   2.49520896172629     
  8.000000000000000E-003  0.904842009658536     
  9.000000000000001E-003  0.717058832626985     
  1.000000000000000E-002   1.28149330634923     
  1.100000000000000E-002  0.790374434553315     
  1.200000000000000E-002  0.121195534029711     
  1.300000000000000E-002  0.179270132934619     
  1.400000000000000E-002  0.610702375104815     
  1.500000000000000E-002  0.487399568353206     
  1.600000000000000E-002  8.662416250846830E-002
  1.700000000000000E-002  8.946956773871852E-002
  1.800000000000000E-002  6.225450067920778E-002
  1.900000000000000E-002  4.926882823109814E-002
  2.000000000000000E-002  3.469757062347229E-002
  2.100000000000000E-002  1.530131239916171E-002
  2.200000000000000E-002  2.403756233379832E-003
  2.300000000000000E-002  0.000000000000000E+000
  2.400000000000000E-002  0.000000000000000E+000
  2.500000000000000E-002  0.000000000000000E+000
 -2.500000000000000E-002  0.000000000000000E+000
 -2.400000000000000E-002  0.000000000000000E+000
 -2.300000000000000E-002  0.000000000000000E+000
 -2.200000000000000E-002  0.000000000000000E+000
 -2.100000000000000E-002  0.000000000000000E+000
 -2.000000000000000E-002  0.000000000000000E+000
 -1.900000000000000E-002  0.000000000000000E+000
 -1.800000000000000E-002  0.000000000000000E+000
 -1.700000000000000E-002  0.000000000000000E+000
 -1.600000000000000E-002  0.000000000000000E+000
 -1.500000000000000E-002  0.000000000000000E+000
 -1.400000000000000E-002  0.000000000000000E+000
 -1.300000000000000E-002  0.000000000000000E+000
 -1.200000000000000E-002  0.000000000000000E+000
 -1.100000000000000E-002  0.000000000000000E+000
 -1.000000000000000E-002  0.000000000000000E+000
 -9.000000000000001E-003  0.000000000000000E+000
 -8.000000000000000E-003  0.000000000000000E+000
 -6.999999999999999E-003  0.000000000000000E+000
 -6.000000000000002E-003  0.000000000000000E+000
 -5.000000000000001E-003  0.000000000000000E+000
 -4.000000000000000E-003  0.000000000000000E+000
 -3.000000000000003E-003  0.000000000000000E+000
 -2.000000000000002E-003  0.000000000000000E+000
 -1.000000000000001E-003  0.000000000000000E+000
  0.000000000000000E+000  0.000000000000000E+000
  1.000000000000001E-003  0.000000000000000E+000
  1.999999999999998E-003  0.000000000000000E+000
  2.999999999999999E-003  0.000000000000000E+000
  4.000000000000000E-003  0.000000000000000E+000
  4.999999999999998E-003  0.000000000000000E+000
  5.999999999999998E-003  0.000000000000000E+000
  6.999999999999999E-003  0.000000000000000E+000
  8.000000000000000E-003  0.000000000000000E+000
  9.000000000000001E-003  0.000000000000000E+000
  1.000000000000000E-002  0.000000000000000E+000
  1.100000000000000E-002  0.000000000000000E+000
  1.200000000000000E-002  0.000000000000000E+000
  1.300000000000000E-002  0.000000000000000E+000
  1.400000000000000E-002  0.000000000000000E+000
  1.500000000000000E-002  0.000000000000000E+000
  1.600000000000000E-002  0.000000000000000E+000
  1.700000000000000E-002  0.000000000000000E+000
  1.800000000000000E-002  0.000000000000000E+000
  1.900000000000000E-002  0.000000000000000E+000
  2.000000000000000E-002  0.000000000000000E+000
  2.100000000000000E-002  0.000000000000000E+000
  2.200000000000000E-002  0.000000000000000E+000
  2.300000000000000E-002  0.000000000000000E+000
  2.400000000000000E-002  0.000000000000000E+000
  2.500000000000000E-002  0.000000000000000E+000
 -2.500000000000000E-002  0.000000000000000E+000
 -2.400000000000000E-002  0.000000000000000E+000
 -2.300000000000000E-002  0.000000000000000E+000
 -2.200000000000000E-002  0.000000000000000E+000
 -2.100000000000000E-002  0.000000000000000E+000
 -2.000000000000000E-002  0.000000000000000E+000
 -1.900000000000000E-002  0.000000000000000E+000
 -1.800000000000000E-002  0.000000000000000E+000
 -1.700000000000000E-002  0.000000000000000E+000
 -1.600000000000000E-002  0.000000000000000E+000
 -1.500000000000000E-002  0.000000000000000E+000
 -1.400000000000000E-002  0.000000000000000E+000
 -1.300000000000000E-002  0.000000000000000E+000
 -1.200000000000000E-002  0.000000000000000E+000
 -1.100000000000000E-002   1.09326122114095     
 -1.000000000000000E-002   4.46347861537183     
 -9.000000000000001E-003   3.82981316432348     
 -8.000000000000000E-003   3.31537118539795     
 -6.999999999999999E-003   3.05896400953203     
 -6.000000000000002E-003   2.03245399452629     
 -5.000000000000001E-003  0.872942486474129     
 -4.000000000000000E-003  0.342493142421829     
 -3.000000000000003E-003  9.032296932256399E-002
 -2.000000000000002E-003  3.254115849298552E-002
 -1.000000000000001E-003  1.139233312235585E-002
  0.000000000000000E+000  0.000000000000000E+000
  1.000000000000001E-003  1.006073198311466E-002
  1.999999999999998E-003  2.675921399571517E-002
  2.999999999999999E-003  0.182936949209633     
  4.000000000000000E-003  0.160419631948800     
  4.999999999999998E-003  4.625098396048061E-002
  5.999999999999998E-003  0.402136200835371     
  6.999999999999999E-003  0.782374801805713     
  8.000000000000000E-003  0.633077949442673     
  9.000000000000001E-003  0.921690296006339     
  1.000000000000000E-002   2.27378806001556     
  1.100000000000000E-002   1.92640025150028     
  1.200000000000000E-002  0.405589721176104     
  1.300000000000000E-002  0.826374043482360     
  1.400000000000000E-002   3.90181173429485     
  1.500000000000000E-002   4.35421059578633     
  1.600000000000000E-002   1.09402970312782     
  1.700000000000000E-002   1.61818845603734     
  1.800000000000000E-002   1.63599497915890     
  1.900000000000000E-002   1.91125124998814     
  2.000000000000000E-002   2.02085982050706     
  2.100000000000000E-002   1.36207893490649     
  2.200000000000000E-002  0.333158707904560     
  2.300000000000000E-002  0.000000000000000E+000
  2.400000000000000E-002  0.000000000000000E+000
  2.500000000000000E-002  0.000000000000000E+000
4
   100.199975000000     
15
48
 0
 0
15
48
  209.82306000
