 -2.500000000000000E-002  0.000000000000000E+000
 -2.400000000000000E-002  0.000000000000000E+000
 -2.300000000000000E-002  0.000000000000000E+000
 -2.200000000000000E-002  0.000000000000000E+000
 -2.100000000000000E-002  0.000000000000000E+000
 -2.000000000000000E-002  0.000000000000000E+000
 -1.900000000000000E-002  0.000000000000000E+000
 -1.800000000000000E-002  1.994020690209971E-002
 -1.700000000000000E-002  6.405261780925811E-002
 -1.600000000000000E-002  3.729238565330936E-002
 -1.500000000000000E-002  0.237629651931868     
 -1.400000000000000E-002  0.414793080513894     
 -1.300000000000000E-002  0.167472222621349     
 -1.200000000000000E-002  0.194526408505584     
 -1.100000000000000E-002  0.418256756206901     
 -1.000000000000000E-002  0.506617823263718     
 -9.000000000000001E-003  0.887888794577012     
 -8.000000000000000E-003  0.757827766510419     
 -6.999999999999999E-003   2.42730363640107     
 -6.000000000000002E-003   5.76971866703569     
 -5.000000000000001E-003   4.71443880425879     
 -4.000000000000000E-003   11.1659036837470     
 -3.000000000000003E-003   25.5097540847014     
 -2.000000000000002E-003   24.4728276625682     
 -1.000000000000001E-003   18.6427323615701     
  0.000000000000000E+000   9.45614542362203     
  1.000000000000001E-003   7.90307827597836     
  1.999999999999998E-003   3.75500235020868     
  2.999999999999999E-003   4.87184325970449     
  4.000000000000000E-003   3.28582148485879     
  4.999999999999998E-003   3.26628941641267     
  5.999999999999998E-003   3.10608478371849     
  6.999999999999999E-003   1.44507694886524     
  8.000000000000000E-003   3.07113912728366     
  9.000000000000001E-003   1.59675271454913     
  1.000000000000000E-002   1.98688785179904     
  1.100000000000000E-002   2.42085893297283     
  1.200000000000000E-002  0.764219061250529     
  1.300000000000000E-002  0.355150642797286     
  1.400000000000000E-002  0.350249629844017     
  1.500000000000000E-002  0.172595823190776     
  1.600000000000000E-002  1.520568327074055E-002
  1.700000000000000E-002  0.000000000000000E+000
  1.800000000000000E-002  0.000000000000000E+000
  1.900000000000000E-002  0.000000000000000E+000
  2.000000000000000E-002  0.000000000000000E+000
  2.100000000000000E-002  0.000000000000000E+000
  2.200000000000000E-002  0.000000000000000E+000
  2.300000000000000E-002  0.000000000000000E+000
  2.400000000000000E-002  0.000000000000000E+000
  2.500000000000000E-002  0.000000000000000E+000
 -2.500000000000000E-002  0.000000000000000E+000
 -2.400000000000000E-002  0.000000000000000E+000
 -2.300000000000000E-002  0.000000000000000E+000
 -2.200000000000000E-002  0.000000000000000E+000
 -2.100000000000000E-002  0.000000000000000E+000
 -2.000000000000000E-002  0.000000000000000E+000
 -1.900000000000000E-002  0.000000000000000E+000
 -1.800000000000000E-002  0.524011565739217     
 -1.700000000000000E-002   1.15848560954943     
 -1.600000000000000E-002  0.470988421980182     
 -1.500000000000000E-002   2.12287744080427     
 -1.400000000000000E-002   2.65013626085153     
 -1.300000000000000E-002  0.771989709122688     
 -1.200000000000000E-002  0.650996857424027     
 -1.100000000000000E-002   1.01942811549064     
 -1.000000000000000E-002  0.898905637525189     
 -9.000000000000001E-003   1.14127104870363     
 -8.000000000000000E-003  0.508416583225310     
 -6.999999999999999E-003  0.148582662685388     
 -6.000000000000002E-003  0.115585935148157     
 -5.000000000000001E-003  7.484751529674935E-002
 -4.000000000000000E-003  6.436132947190761E-002
 -3.000000000000003E-003  1.963947275143994E-002
 -2.000000000000002E-003  8.324675634504586E-005
 -1.000000000000001E-003  0.000000000000000E+000
  0.000000000000000E+000  0.000000000000000E+000
  1.000000000000001E-003  5.410277382328194E-003
  1.999999999999998E-003  1.630274532854771E-002
  2.999999999999999E-003  0.159935064282401     
  4.000000000000000E-003  0.280911006881123     
  4.999999999999998E-003  0.642588926543742     
  5.999999999999998E-003  0.695561135573344     
  6.999999999999999E-003  0.408203815148460     
  8.000000000000000E-003   1.54569335367677     
  9.000000000000001E-003   1.45741175425326     
  1.000000000000000E-002  0.740921795787820     
  1.100000000000000E-002   2.13798668312623     
  1.200000000000000E-002  0.784797848689106     
  1.300000000000000E-002   1.44295062025337     
  1.400000000000000E-002   2.23776453370312     
  1.500000000000000E-002   1.54189418891962     
  1.600000000000000E-002  0.192041904623525     
  1.700000000000000E-002  0.000000000000000E+000
  1.800000000000000E-002  0.000000000000000E+000
  1.900000000000000E-002  0.000000000000000E+000
  2.000000000000000E-002  0.000000000000000E+000
  2.100000000000000E-002  0.000000000000000E+000
  2.200000000000000E-002  0.000000000000000E+000
  2.300000000000000E-002  0.000000000000000E+000
  2.400000000000000E-002  0.000000000000000E+000
  2.500000000000000E-002  0.000000000000000E+000
 -2.500000000000000E-002  0.000000000000000E+000
 -2.400000000000000E-002  0.000000000000000E+000
 -2.300000000000000E-002  0.000000000000000E+000
 -2.200000000000000E-002  0.000000000000000E+000
 -2.100000000000000E-002  0.000000000000000E+000
 -2.000000000000000E-002  0.000000000000000E+000
 -1.900000000000000E-002  0.000000000000000E+000
 -1.800000000000000E-002  0.000000000000000E+000
 -1.700000000000000E-002  0.000000000000000E+000
 -1.600000000000000E-002  0.000000000000000E+000
 -1.500000000000000E-002  0.000000000000000E+000
 -1.400000000000000E-002  0.000000000000000E+000
 -1.300000000000000E-002  0.000000000000000E+000
 -1.200000000000000E-002  0.000000000000000E+000
 -1.100000000000000E-002  0.000000000000000E+000
 -1.000000000000000E-002  0.000000000000000E+000
 -9.000000000000001E-003  0.000000000000000E+000
 -8.000000000000000E-003  0.000000000000000E+000
 -6.999999999999999E-003  0.000000000000000E+000
 -6.000000000000002E-003  0.000000000000000E+000
 -5.000000000000001E-003  0.000000000000000E+000
 -4.000000000000000E-003  0.000000000000000E+000
 -3.000000000000003E-003  0.000000000000000E+000
 -2.000000000000002E-003  0.000000000000000E+000
 -1.000000000000001E-003  0.000000000000000E+000
  0.000000000000000E+000  0.000000000000000E+000
  1.000000000000001E-003  7.814967702657525E-004
  1.999999999999998E-003  2.051796995373282E-003
  2.999999999999999E-003  3.960399569051225E-002
  4.000000000000000E-003  0.123039628567686     
  4.999999999999998E-003  0.204435500619299     
  5.999999999999998E-003  0.182221675349686     
  6.999999999999999E-003  0.236135456159450     
  8.000000000000000E-003   1.20607089155502     
  9.000000000000001E-003  0.595016045471374     
  1.000000000000000E-002   2.78446678925365     
  1.100000000000000E-002   3.76243601964146     
  1.200000000000000E-002   1.77271714929819     
  1.300000000000000E-002  0.194172462824781     
  1.400000000000000E-002  0.000000000000000E+000
  1.500000000000000E-002  0.000000000000000E+000
  1.600000000000000E-002  0.000000000000000E+000
  1.700000000000000E-002  0.000000000000000E+000
  1.800000000000000E-002  0.000000000000000E+000
  1.900000000000000E-002  0.000000000000000E+000
  2.000000000000000E-002  0.000000000000000E+000
  2.100000000000000E-002  0.000000000000000E+000
  2.200000000000000E-002  0.000000000000000E+000
  2.300000000000000E-002  0.000000000000000E+000
  2.400000000000000E-002  0.000000000000000E+000
  2.500000000000000E-002  0.000000000000000E+000
1
   83.1685272727273     
 8
42
 8
42
27
39
  173.36910000
