 -2.500000000000000E-002  0.000000000000000E+000
 -2.400000000000000E-002  0.000000000000000E+000
 -2.300000000000000E-002  0.000000000000000E+000
 -2.200000000000000E-002  0.000000000000000E+000
 -2.100000000000000E-002  0.000000000000000E+000
 -2.000000000000000E-002  0.000000000000000E+000
 -1.900000000000000E-002  0.000000000000000E+000
 -1.800000000000000E-002  0.000000000000000E+000
 -1.700000000000000E-002  0.000000000000000E+000
 -1.600000000000000E-002  0.000000000000000E+000
 -1.500000000000000E-002  0.000000000000000E+000
 -1.400000000000000E-002  0.000000000000000E+000
 -1.300000000000000E-002  0.000000000000000E+000
 -1.200000000000000E-002  0.000000000000000E+000
 -1.100000000000000E-002  4.386998385051983E-002
 -1.000000000000000E-002  0.500827635559010     
 -9.000000000000001E-003   1.25289219039794     
 -8.000000000000000E-003  0.816617033189472     
 -6.999999999999999E-003   1.59775589283223     
 -6.000000000000002E-003   1.85293312118167     
 -5.000000000000001E-003   3.02734093222584     
 -4.000000000000000E-003   7.29484294173211     
 -3.000000000000003E-003   9.45599457078200     
 -2.000000000000002E-003   15.5241644113879     
 -1.000000000000001E-003   13.7190808025520     
  0.000000000000000E+000   10.1069186669274     
  1.000000000000001E-003   7.72367869112900     
  1.999999999999998E-003   13.0920897327500     
  2.999999999999999E-003   5.80831309322428     
  4.000000000000000E-003   1.86021486257619     
  4.999999999999998E-003  0.975352904106897     
  5.999999999999998E-003  0.707534748391409     
  6.999999999999999E-003  0.512617472934126     
  8.000000000000000E-003  0.348930475480252     
  9.000000000000001E-003  7.133115115968497E-002
  1.000000000000000E-002  0.461877475516435     
  1.100000000000000E-002  0.198182579636897     
  1.200000000000000E-002  3.095202005503309E-002
  1.300000000000000E-002  1.143861847388212E-002
  1.400000000000000E-002  6.509287562856227E-002
  1.500000000000000E-002  0.182555882231599     
  1.600000000000000E-002  5.196706718444398E-002
  1.700000000000000E-002  6.969965276131538E-003
  1.800000000000000E-002  9.752943592261828E-003
  1.900000000000000E-002  1.821030181005977E-002
  2.000000000000000E-002  7.885128467783034E-003
  2.100000000000000E-002  9.899123282389562E-003
  2.200000000000000E-002  2.322093123850842E-003
  2.300000000000000E-002  0.000000000000000E+000
  2.400000000000000E-002  0.000000000000000E+000
  2.500000000000000E-002  0.000000000000000E+000
 -2.500000000000000E-002  0.000000000000000E+000
 -2.400000000000000E-002  0.000000000000000E+000
 -2.300000000000000E-002  0.000000000000000E+000
 -2.200000000000000E-002  0.000000000000000E+000
 -2.100000000000000E-002  0.000000000000000E+000
 -2.000000000000000E-002  0.000000000000000E+000
 -1.900000000000000E-002  0.000000000000000E+000
 -1.800000000000000E-002  0.000000000000000E+000
 -1.700000000000000E-002  0.000000000000000E+000
 -1.600000000000000E-002  0.000000000000000E+000
 -1.500000000000000E-002  0.000000000000000E+000
 -1.400000000000000E-002  0.000000000000000E+000
 -1.300000000000000E-002  0.000000000000000E+000
 -1.200000000000000E-002  0.000000000000000E+000
 -1.100000000000000E-002  0.000000000000000E+000
 -1.000000000000000E-002  0.000000000000000E+000
 -9.000000000000001E-003  0.000000000000000E+000
 -8.000000000000000E-003  0.000000000000000E+000
 -6.999999999999999E-003  0.000000000000000E+000
 -6.000000000000002E-003  0.000000000000000E+000
 -5.000000000000001E-003  0.000000000000000E+000
 -4.000000000000000E-003  0.000000000000000E+000
 -3.000000000000003E-003  0.000000000000000E+000
 -2.000000000000002E-003  0.000000000000000E+000
 -1.000000000000001E-003  0.000000000000000E+000
  0.000000000000000E+000  0.000000000000000E+000
  1.000000000000001E-003  0.000000000000000E+000
  1.999999999999998E-003  0.000000000000000E+000
  2.999999999999999E-003  0.000000000000000E+000
  4.000000000000000E-003  0.000000000000000E+000
  4.999999999999998E-003  0.000000000000000E+000
  5.999999999999998E-003  0.000000000000000E+000
  6.999999999999999E-003  0.000000000000000E+000
  8.000000000000000E-003  0.000000000000000E+000
  9.000000000000001E-003  0.000000000000000E+000
  1.000000000000000E-002  0.000000000000000E+000
  1.100000000000000E-002  0.000000000000000E+000
  1.200000000000000E-002  0.000000000000000E+000
  1.300000000000000E-002  0.000000000000000E+000
  1.400000000000000E-002  0.000000000000000E+000
  1.500000000000000E-002  0.000000000000000E+000
  1.600000000000000E-002  0.000000000000000E+000
  1.700000000000000E-002  0.000000000000000E+000
  1.800000000000000E-002  0.000000000000000E+000
  1.900000000000000E-002  0.000000000000000E+000
  2.000000000000000E-002  0.000000000000000E+000
  2.100000000000000E-002  0.000000000000000E+000
  2.200000000000000E-002  0.000000000000000E+000
  2.300000000000000E-002  0.000000000000000E+000
  2.400000000000000E-002  0.000000000000000E+000
  2.500000000000000E-002  0.000000000000000E+000
 -2.500000000000000E-002  0.000000000000000E+000
 -2.400000000000000E-002  0.000000000000000E+000
 -2.300000000000000E-002  0.000000000000000E+000
 -2.200000000000000E-002  0.000000000000000E+000
 -2.100000000000000E-002  0.000000000000000E+000
 -2.000000000000000E-002  0.000000000000000E+000
 -1.900000000000000E-002  0.000000000000000E+000
 -1.800000000000000E-002  0.000000000000000E+000
 -1.700000000000000E-002  0.000000000000000E+000
 -1.600000000000000E-002  0.000000000000000E+000
 -1.500000000000000E-002  0.000000000000000E+000
 -1.400000000000000E-002  0.000000000000000E+000
 -1.300000000000000E-002  0.000000000000000E+000
 -1.200000000000000E-002  0.000000000000000E+000
 -1.100000000000000E-002  0.106925457388708     
 -1.000000000000000E-002  0.888631951659658     
 -9.000000000000001E-003   1.61043769533012     
 -8.000000000000000E-003  0.752442133494802     
 -6.999999999999999E-003   1.03649823306674     
 -6.000000000000002E-003  0.774553034293616     
 -5.000000000000001E-003  0.506267138409116     
 -4.000000000000000E-003  0.100148547076298     
 -3.000000000000003E-003  3.625949059865744E-002
 -2.000000000000002E-003  2.170380876317603E-002
 -1.000000000000001E-003  3.040631083754648E-003
  0.000000000000000E+000  0.000000000000000E+000
  1.000000000000001E-003  4.315504174894625E-003
  1.999999999999998E-003  1.537293049263854E-002
  2.999999999999999E-003  2.740640171021693E-002
  4.000000000000000E-003  4.930416866791788E-002
  4.999999999999998E-003  0.000000000000000E+000
  5.999999999999998E-003  3.931854473539378E-002
  6.999999999999999E-003  0.330783844913013     
  8.000000000000000E-003  0.321509325352021     
  9.000000000000001E-003  9.168735790615901E-002
  1.000000000000000E-002  0.819521634499432     
  1.100000000000000E-002  0.483035577272002     
  1.200000000000000E-002  0.103583199533412     
  1.300000000000000E-002  5.272812177565250E-002
  1.400000000000000E-002  0.415882034031600     
  1.500000000000000E-002   1.63087291895161     
  1.600000000000000E-002  0.656323979797934     
  1.700000000000000E-002  0.126062052537851     
  1.800000000000000E-002  0.256299007700328     
  1.900000000000000E-002  0.706419522175073     
  2.000000000000000E-002  0.459246541292420     
  2.100000000000000E-002  0.881191556988527     
  2.200000000000000E-002  0.321840265678040     
  2.300000000000000E-002  0.000000000000000E+000
  2.400000000000000E-002  0.000000000000000E+000
  2.500000000000000E-002  0.000000000000000E+000
4
   107.489800000000     
15
48
 0
 0
15
48
   97.11607000
