 -2.500000000000000E-002  0.000000000000000E+000
 -2.400000000000000E-002  0.000000000000000E+000
 -2.300000000000000E-002  0.000000000000000E+000
 -2.200000000000000E-002  0.000000000000000E+000
 -2.100000000000000E-002  0.000000000000000E+000
 -2.000000000000000E-002  0.000000000000000E+000
 -1.900000000000000E-002  0.000000000000000E+000
 -1.800000000000000E-002  0.000000000000000E+000
 -1.700000000000000E-002  0.000000000000000E+000
 -1.600000000000000E-002  8.513198119879196E-003
 -1.500000000000000E-002  5.193046148089536E-002
 -1.400000000000000E-002  0.207574229666074     
 -1.300000000000000E-002  0.110783345033276     
 -1.200000000000000E-002  5.079400340117386E-002
 -1.100000000000000E-002  0.329858572709613     
 -1.000000000000000E-002  0.359706390733627     
 -9.000000000000001E-003  0.375331582949970     
 -8.000000000000000E-003  0.577026500726608     
 -6.999999999999999E-003  0.305601483527092     
 -6.000000000000002E-003  0.678633318220807     
 -5.000000000000001E-003  0.843755182326173     
 -4.000000000000000E-003   3.83482364049439     
 -3.000000000000003E-003   18.3131388383510     
 -2.000000000000002E-003   28.1522843507972     
 -1.000000000000001E-003   29.3884837874958     
  0.000000000000000E+000   17.7528726385799     
  1.000000000000001E-003   14.7217302132464     
  1.999999999999998E-003   15.4000659736709     
  2.999999999999999E-003   7.09937205603982     
  4.000000000000000E-003   1.56991350572118     
  4.999999999999998E-003  0.719915379996917     
  5.999999999999998E-003   1.06416189721724     
  6.999999999999999E-003  0.720986713269079     
  8.000000000000000E-003  0.367194235371557     
  9.000000000000001E-003  0.427506868092421     
  1.000000000000000E-002  0.103386658569835     
  1.100000000000000E-002  0.660403422579358     
  1.200000000000000E-002  0.479240768309713     
  1.300000000000000E-002  0.255239459746819     
  1.400000000000000E-002  0.268178971290994     
  1.500000000000000E-002  0.226522116483438     
  1.600000000000000E-002  2.783705263922015E-002
  1.700000000000000E-002  0.000000000000000E+000
  1.800000000000000E-002  0.000000000000000E+000
  1.900000000000000E-002  0.000000000000000E+000
  2.000000000000000E-002  0.000000000000000E+000
  2.100000000000000E-002  0.000000000000000E+000
  2.200000000000000E-002  0.000000000000000E+000
  2.300000000000000E-002  0.000000000000000E+000
  2.400000000000000E-002  0.000000000000000E+000
  2.500000000000000E-002  0.000000000000000E+000
 -2.500000000000000E-002  0.000000000000000E+000
 -2.400000000000000E-002  0.000000000000000E+000
 -2.300000000000000E-002  0.000000000000000E+000
 -2.200000000000000E-002  0.000000000000000E+000
 -2.100000000000000E-002  0.000000000000000E+000
 -2.000000000000000E-002  0.000000000000000E+000
 -1.900000000000000E-002  0.000000000000000E+000
 -1.800000000000000E-002  0.000000000000000E+000
 -1.700000000000000E-002  0.000000000000000E+000
 -1.600000000000000E-002  0.107518402972719     
 -1.500000000000000E-002  0.463923606637928     
 -1.400000000000000E-002   1.32620339802886     
 -1.300000000000000E-002  0.510673358060364     
 -1.200000000000000E-002  0.169985848421194     
 -1.100000000000000E-002  0.803972914162443     
 -1.000000000000000E-002  0.638236729219812     
 -9.000000000000001E-003  0.482442251666181     
 -8.000000000000000E-003  0.531680131130733     
 -6.999999999999999E-003  5.109689564433348E-002
 -6.000000000000002E-003  4.797601573608261E-002
 -5.000000000000001E-003  5.946361227683380E-002
 -4.000000000000000E-003  7.068610383811424E-002
 -3.000000000000003E-003  2.478672262525350E-002
 -2.000000000000002E-003  2.270344837800314E-003
 -1.000000000000001E-003  1.679148282552367E-004
  0.000000000000000E+000  0.000000000000000E+000
  1.000000000000001E-003  3.914431810292504E-003
  1.999999999999998E-003  1.002008801721020E-002
  2.999999999999999E-003  1.799579589171475E-002
  4.000000000000000E-003  7.917140371322112E-002
  4.999999999999998E-003  0.107533891899021     
  5.999999999999998E-003  0.122340835727908     
  6.999999999999999E-003  0.249466977617005     
  8.000000000000000E-003  0.338337804185700     
  9.000000000000001E-003  0.549507116945062     
  1.000000000000000E-002  0.183441730562526     
  1.100000000000000E-002   1.60961850957074     
  1.200000000000000E-002   1.60381429193016     
  1.300000000000000E-002   1.17656667596803     
  1.400000000000000E-002   1.71341049213167     
  1.500000000000000E-002   2.02364766777423     
  1.600000000000000E-002  0.351571219310344     
  1.700000000000000E-002  0.000000000000000E+000
  1.800000000000000E-002  0.000000000000000E+000
  1.900000000000000E-002  0.000000000000000E+000
  2.000000000000000E-002  0.000000000000000E+000
  2.100000000000000E-002  0.000000000000000E+000
  2.200000000000000E-002  0.000000000000000E+000
  2.300000000000000E-002  0.000000000000000E+000
  2.400000000000000E-002  0.000000000000000E+000
  2.500000000000000E-002  0.000000000000000E+000
 -2.500000000000000E-002  0.000000000000000E+000
 -2.400000000000000E-002  0.000000000000000E+000
 -2.300000000000000E-002  0.000000000000000E+000
 -2.200000000000000E-002  0.000000000000000E+000
 -2.100000000000000E-002  0.000000000000000E+000
 -2.000000000000000E-002  0.000000000000000E+000
 -1.900000000000000E-002  0.000000000000000E+000
 -1.800000000000000E-002  0.000000000000000E+000
 -1.700000000000000E-002  0.000000000000000E+000
 -1.600000000000000E-002  0.000000000000000E+000
 -1.500000000000000E-002  0.000000000000000E+000
 -1.400000000000000E-002  0.000000000000000E+000
 -1.300000000000000E-002  0.000000000000000E+000
 -1.200000000000000E-002  0.000000000000000E+000
 -1.100000000000000E-002  0.000000000000000E+000
 -1.000000000000000E-002  0.000000000000000E+000
 -9.000000000000001E-003  0.000000000000000E+000
 -8.000000000000000E-003  0.000000000000000E+000
 -6.999999999999999E-003  0.000000000000000E+000
 -6.000000000000002E-003  0.000000000000000E+000
 -5.000000000000001E-003  0.000000000000000E+000
 -4.000000000000000E-003  0.000000000000000E+000
 -3.000000000000003E-003  0.000000000000000E+000
 -2.000000000000002E-003  0.000000000000000E+000
 -1.000000000000001E-003  0.000000000000000E+000
  0.000000000000000E+000  0.000000000000000E+000
  1.000000000000001E-003  0.000000000000000E+000
  1.999999999999998E-003  0.000000000000000E+000
  2.999999999999999E-003  0.000000000000000E+000
  4.000000000000000E-003  0.000000000000000E+000
  4.999999999999998E-003  0.000000000000000E+000
  5.999999999999998E-003  0.000000000000000E+000
  6.999999999999999E-003  0.000000000000000E+000
  8.000000000000000E-003  0.000000000000000E+000
  9.000000000000001E-003  0.000000000000000E+000
  1.000000000000000E-002  0.000000000000000E+000
  1.100000000000000E-002  0.000000000000000E+000
  1.200000000000000E-002  0.000000000000000E+000
  1.300000000000000E-002  0.000000000000000E+000
  1.400000000000000E-002  0.000000000000000E+000
  1.500000000000000E-002  0.000000000000000E+000
  1.600000000000000E-002  0.000000000000000E+000
  1.700000000000000E-002  0.000000000000000E+000
  1.800000000000000E-002  0.000000000000000E+000
  1.900000000000000E-002  0.000000000000000E+000
  2.000000000000000E-002  0.000000000000000E+000
  2.100000000000000E-002  0.000000000000000E+000
  2.200000000000000E-002  0.000000000000000E+000
  2.300000000000000E-002  0.000000000000000E+000
  2.400000000000000E-002  0.000000000000000E+000
  2.500000000000000E-002  0.000000000000000E+000
4
   102.764688888889     
10
42
10
42
 0
 0
  162.68368000
