 -2.500000000000000E-002  0.000000000000000E+000
 -2.400000000000000E-002  0.000000000000000E+000
 -2.300000000000000E-002  0.000000000000000E+000
 -2.200000000000000E-002  0.000000000000000E+000
 -2.100000000000000E-002  0.000000000000000E+000
 -2.000000000000000E-002  4.350441815044463E-003
 -1.900000000000000E-002  3.494392054750994E-002
 -1.800000000000000E-002  2.125121190912532E-002
 -1.700000000000000E-002  5.333162567717972E-002
 -1.600000000000000E-002  0.133711543815378     
 -1.500000000000000E-002  5.453621532840268E-002
 -1.400000000000000E-002  1.469822082249316E-002
 -1.300000000000000E-002  5.224364804060488E-002
 -1.200000000000000E-002  0.260170469780663     
 -1.100000000000000E-002  0.306476683706090     
 -1.000000000000000E-002  0.197491741463291     
 -9.000000000000001E-003   2.46038643537628     
 -8.000000000000000E-003   5.53916592248042     
 -6.999999999999999E-003   4.93306419880811     
 -6.000000000000002E-003   7.17569931649508     
 -5.000000000000001E-003   6.36189317634487     
 -4.000000000000000E-003   6.56688360948868     
 -3.000000000000003E-003   7.16530611444385     
 -2.000000000000002E-003   8.84606969204581     
 -1.000000000000001E-003   4.20916000442133     
  0.000000000000000E+000   2.34769914317837     
  1.000000000000001E-003   3.43173545323273     
  1.999999999999998E-003   1.86123808835330     
  2.999999999999999E-003   3.55652441980750     
  4.000000000000000E-003   2.24610468287717     
  4.999999999999998E-003   2.99455067823866     
  5.999999999999998E-003   3.36600466995763     
  6.999999999999999E-003   1.76382997721638     
  8.000000000000000E-003   2.87773835189377     
  9.000000000000001E-003   4.11373117767274     
  1.000000000000000E-002   2.02307576533651     
  1.100000000000000E-002   1.07857330255586     
  1.200000000000000E-002  0.491909823845074     
  1.300000000000000E-002  0.287422907742496     
  1.400000000000000E-002  4.655499098886707E-002
  1.500000000000000E-002  0.000000000000000E+000
  1.600000000000000E-002  0.000000000000000E+000
  1.700000000000000E-002  0.000000000000000E+000
  1.800000000000000E-002  0.000000000000000E+000
  1.900000000000000E-002  0.000000000000000E+000
  2.000000000000000E-002  0.000000000000000E+000
  2.100000000000000E-002  0.000000000000000E+000
  2.200000000000000E-002  0.000000000000000E+000
  2.300000000000000E-002  0.000000000000000E+000
  2.400000000000000E-002  0.000000000000000E+000
  2.500000000000000E-002  0.000000000000000E+000
 -2.500000000000000E-002  0.000000000000000E+000
 -2.400000000000000E-002  0.000000000000000E+000
 -2.300000000000000E-002  0.000000000000000E+000
 -2.200000000000000E-002  0.000000000000000E+000
 -2.100000000000000E-002  0.000000000000000E+000
 -2.000000000000000E-002  0.253378922717136     
 -1.900000000000000E-002   1.35555510905696     
 -1.800000000000000E-002  0.558463654917445     
 -1.700000000000000E-002  0.964580730562416     
 -1.600000000000000E-002   1.68872513567794     
 -1.500000000000000E-002  0.487202250587414     
 -1.400000000000000E-002  9.390775738937948E-002
 -1.300000000000000E-002  0.240825362099383     
 -1.200000000000000E-002  0.870679510935826     
 -1.100000000000000E-002  0.746983625430711     
 -1.000000000000000E-002  5.894658874056884E-002
 -9.000000000000001E-003  2.769537638256050E-002
 -8.000000000000000E-003  4.412987500320906E-002
 -6.999999999999999E-003  0.000000000000000E+000
 -6.000000000000002E-003  0.000000000000000E+000
 -5.000000000000001E-003  0.000000000000000E+000
 -4.000000000000000E-003  0.000000000000000E+000
 -3.000000000000003E-003  0.000000000000000E+000
 -2.000000000000002E-003  0.000000000000000E+000
 -1.000000000000001E-003  0.000000000000000E+000
  0.000000000000000E+000  0.000000000000000E+000
  1.000000000000001E-003  8.579921975111551E-003
  1.999999999999998E-003  3.562766194439110E-002
  2.999999999999999E-003  0.188196864202381     
  4.000000000000000E-003  0.263709805807203     
  4.999999999999998E-003  0.328576397675611     
  5.999999999999998E-003  0.640527403229608     
  6.999999999999999E-003  0.113710313728015     
  8.000000000000000E-003  0.000000000000000E+000
  9.000000000000001E-003  0.000000000000000E+000
  1.000000000000000E-002  0.000000000000000E+000
  1.100000000000000E-002  0.000000000000000E+000
  1.200000000000000E-002  0.000000000000000E+000
  1.300000000000000E-002  0.000000000000000E+000
  1.400000000000000E-002  0.000000000000000E+000
  1.500000000000000E-002  0.000000000000000E+000
  1.600000000000000E-002  0.000000000000000E+000
  1.700000000000000E-002  0.000000000000000E+000
  1.800000000000000E-002  0.000000000000000E+000
  1.900000000000000E-002  0.000000000000000E+000
  2.000000000000000E-002  0.000000000000000E+000
  2.100000000000000E-002  0.000000000000000E+000
  2.200000000000000E-002  0.000000000000000E+000
  2.300000000000000E-002  0.000000000000000E+000
  2.400000000000000E-002  0.000000000000000E+000
  2.500000000000000E-002  0.000000000000000E+000
 -2.500000000000000E-002  0.000000000000000E+000
 -2.400000000000000E-002  0.000000000000000E+000
 -2.300000000000000E-002  0.000000000000000E+000
 -2.200000000000000E-002  0.000000000000000E+000
 -2.100000000000000E-002  0.000000000000000E+000
 -2.000000000000000E-002  0.000000000000000E+000
 -1.900000000000000E-002  0.000000000000000E+000
 -1.800000000000000E-002  0.000000000000000E+000
 -1.700000000000000E-002  0.000000000000000E+000
 -1.600000000000000E-002  0.000000000000000E+000
 -1.500000000000000E-002  0.000000000000000E+000
 -1.400000000000000E-002  0.000000000000000E+000
 -1.300000000000000E-002  0.000000000000000E+000
 -1.200000000000000E-002  0.000000000000000E+000
 -1.100000000000000E-002  0.000000000000000E+000
 -1.000000000000000E-002  0.000000000000000E+000
 -9.000000000000001E-003  0.000000000000000E+000
 -8.000000000000000E-003  0.000000000000000E+000
 -6.999999999999999E-003  0.000000000000000E+000
 -6.000000000000002E-003  0.000000000000000E+000
 -5.000000000000001E-003  0.000000000000000E+000
 -4.000000000000000E-003  0.000000000000000E+000
 -3.000000000000003E-003  0.000000000000000E+000
 -2.000000000000002E-003  0.000000000000000E+000
 -1.000000000000001E-003  0.000000000000000E+000
  0.000000000000000E+000  0.000000000000000E+000
  1.000000000000001E-003  8.271315002732635E-003
  1.999999999999998E-003  2.983197867841041E-002
  2.999999999999999E-003  0.146047945825039     
  4.000000000000000E-003  0.119669149642938     
  4.999999999999998E-003  0.541619987937070     
  5.999999999999998E-003  0.853637952131893     
  6.999999999999999E-003   1.03052371039077     
  8.000000000000000E-003   2.65158758283745     
  9.000000000000001E-003   5.28769179643044     
  1.000000000000000E-002   3.58959777389225     
  1.100000000000000E-002   2.62883487935608     
  1.200000000000000E-002   1.64621221313484     
  1.300000000000000E-002   1.32492137185645     
  1.400000000000000E-002  0.297442449113082     
  1.500000000000000E-002  0.000000000000000E+000
  1.600000000000000E-002  0.000000000000000E+000
  1.700000000000000E-002  0.000000000000000E+000
  1.800000000000000E-002  0.000000000000000E+000
  1.900000000000000E-002  0.000000000000000E+000
  2.000000000000000E-002  0.000000000000000E+000
  2.100000000000000E-002  0.000000000000000E+000
  2.200000000000000E-002  0.000000000000000E+000
  2.300000000000000E-002  0.000000000000000E+000
  2.400000000000000E-002  0.000000000000000E+000
  2.500000000000000E-002  0.000000000000000E+000
1
   63.3555142857143     
 6
40
 6
33
27
40
  101.63589000
