 -2.500000000000000E-002  0.000000000000000E+000
 -2.400000000000000E-002  0.000000000000000E+000
 -2.300000000000000E-002  0.000000000000000E+000
 -2.200000000000000E-002  0.000000000000000E+000
 -2.100000000000000E-002  0.000000000000000E+000
 -2.000000000000000E-002  0.000000000000000E+000
 -1.900000000000000E-002  0.000000000000000E+000
 -1.800000000000000E-002  0.000000000000000E+000
 -1.700000000000000E-002  1.736664058990849E-002
 -1.600000000000000E-002  7.767243808707874E-002
 -1.500000000000000E-002  0.128779366549233     
 -1.400000000000000E-002  6.470370803367366E-002
 -1.300000000000000E-002  0.161751506865759     
 -1.200000000000000E-002  0.224733704907255     
 -1.100000000000000E-002  0.351529868718399     
 -1.000000000000000E-002  0.594799438351047     
 -9.000000000000001E-003  0.642026883255968     
 -8.000000000000000E-003   1.38833557565197     
 -6.999999999999999E-003   4.60784502145931     
 -6.000000000000002E-003   11.3020532273495     
 -5.000000000000001E-003   14.9132319468605     
 -4.000000000000000E-003   13.3253921918312     
 -3.000000000000003E-003   10.3607719990948     
 -2.000000000000002E-003   14.4011975199618     
 -1.000000000000001E-003   14.7315963995472     
  0.000000000000000E+000   14.2672074183209     
  1.000000000000001E-003   11.4561156069349     
  1.999999999999998E-003   7.41398086006940     
  2.999999999999999E-003   7.05409850524275     
  4.000000000000000E-003   7.30584221235064     
  4.999999999999998E-003   4.29778768082697     
  5.999999999999998E-003   1.18657839673961     
  6.999999999999999E-003   1.48987156657481     
  8.000000000000000E-003  0.959037612550627     
  9.000000000000001E-003   2.25441607801385     
  1.000000000000000E-002  0.969773186644133     
  1.100000000000000E-002   1.68345739244366     
  1.200000000000000E-002   1.33995375235876     
  1.300000000000000E-002  0.459177919399013     
  1.400000000000000E-002  0.265536341395821     
  1.500000000000000E-002  3.559538579878416E-002
  1.600000000000000E-002  0.000000000000000E+000
  1.700000000000000E-002  0.000000000000000E+000
  1.800000000000000E-002  0.000000000000000E+000
  1.900000000000000E-002  0.000000000000000E+000
  2.000000000000000E-002  0.000000000000000E+000
  2.100000000000000E-002  0.000000000000000E+000
  2.200000000000000E-002  0.000000000000000E+000
  2.300000000000000E-002  0.000000000000000E+000
  2.400000000000000E-002  0.000000000000000E+000
  2.500000000000000E-002  0.000000000000000E+000
 -2.500000000000000E-002  0.000000000000000E+000
 -2.400000000000000E-002  0.000000000000000E+000
 -2.300000000000000E-002  0.000000000000000E+000
 -2.200000000000000E-002  0.000000000000000E+000
 -2.100000000000000E-002  0.000000000000000E+000
 -2.000000000000000E-002  0.000000000000000E+000
 -1.900000000000000E-002  0.000000000000000E+000
 -1.800000000000000E-002  0.000000000000000E+000
 -1.700000000000000E-002  0.314101185833469     
 -1.600000000000000E-002  0.980972882402341     
 -1.500000000000000E-002   1.15045748653797     
 -1.400000000000000E-002  0.413395620435971     
 -1.300000000000000E-002  0.745619164664598     
 -1.200000000000000E-002  0.752087784768217     
 -1.100000000000000E-002  0.856792929912642     
 -1.000000000000000E-002  0.416912993529381     
 -9.000000000000001E-003  0.291241946760742     
 -8.000000000000000E-003  6.228596491354537E-002
 -6.999999999999999E-003  0.142874607883471     
 -6.000000000000002E-003  0.119208029034895     
 -5.000000000000001E-003  5.606639896127161E-002
 -4.000000000000000E-003  1.826228789233599E-002
 -3.000000000000003E-003  5.554747329334627E-003
 -2.000000000000002E-003  0.000000000000000E+000
 -1.000000000000001E-003  0.000000000000000E+000
  0.000000000000000E+000  0.000000000000000E+000
  1.000000000000001E-003  2.359085814837594E-003
  1.999999999999998E-003  1.068972783143305E-002
  2.999999999999999E-003  5.123573147792383E-002
  4.000000000000000E-003  8.231367453419342E-002
  4.999999999999998E-003  0.268896870065961     
  5.999999999999998E-003  0.264151042481764     
  6.999999999999999E-003  0.234749500113060     
  8.000000000000000E-003  0.421396244611843     
  9.000000000000001E-003  0.896110938231797     
  1.000000000000000E-002  0.742313757332302     
  1.100000000000000E-002  0.807871486969105     
  1.200000000000000E-002   1.47318656548154     
  1.300000000000000E-002   1.87211810920082     
  1.400000000000000E-002   1.69652658148270     
  1.500000000000000E-002  0.317993318151343     
  1.600000000000000E-002  0.000000000000000E+000
  1.700000000000000E-002  0.000000000000000E+000
  1.800000000000000E-002  0.000000000000000E+000
  1.900000000000000E-002  0.000000000000000E+000
  2.000000000000000E-002  0.000000000000000E+000
  2.100000000000000E-002  0.000000000000000E+000
  2.200000000000000E-002  0.000000000000000E+000
  2.300000000000000E-002  0.000000000000000E+000
  2.400000000000000E-002  0.000000000000000E+000
  2.500000000000000E-002  0.000000000000000E+000
 -2.500000000000000E-002  0.000000000000000E+000
 -2.400000000000000E-002  0.000000000000000E+000
 -2.300000000000000E-002  0.000000000000000E+000
 -2.200000000000000E-002  0.000000000000000E+000
 -2.100000000000000E-002  0.000000000000000E+000
 -2.000000000000000E-002  0.000000000000000E+000
 -1.900000000000000E-002  0.000000000000000E+000
 -1.800000000000000E-002  0.000000000000000E+000
 -1.700000000000000E-002  0.000000000000000E+000
 -1.600000000000000E-002  0.000000000000000E+000
 -1.500000000000000E-002  0.000000000000000E+000
 -1.400000000000000E-002  0.000000000000000E+000
 -1.300000000000000E-002  0.000000000000000E+000
 -1.200000000000000E-002  0.000000000000000E+000
 -1.100000000000000E-002  0.000000000000000E+000
 -1.000000000000000E-002  0.000000000000000E+000
 -9.000000000000001E-003  0.000000000000000E+000
 -8.000000000000000E-003  0.000000000000000E+000
 -6.999999999999999E-003  0.000000000000000E+000
 -6.000000000000002E-003  0.000000000000000E+000
 -5.000000000000001E-003  0.000000000000000E+000
 -4.000000000000000E-003  0.000000000000000E+000
 -3.000000000000003E-003  0.000000000000000E+000
 -2.000000000000002E-003  0.000000000000000E+000
 -1.000000000000001E-003  0.000000000000000E+000
  0.000000000000000E+000  0.000000000000000E+000
  1.000000000000001E-003  3.342328886913495E-003
  1.999999999999998E-003  3.271741478857306E-002
  2.999999999999999E-003  8.010840872467499E-002
  4.000000000000000E-003  0.233572528030584     
  4.999999999999998E-003  0.161086119364718     
  5.999999999999998E-003  0.158069684356633     
  6.999999999999999E-003  0.615707744529653     
  8.000000000000000E-003  0.462274163867040     
  9.000000000000001E-003   2.00166164014037     
  1.000000000000000E-002  0.978380905518911     
  1.100000000000000E-002   3.29526318239338     
  1.200000000000000E-002   3.01106669648133     
  1.300000000000000E-002  0.244535165497030     
  1.400000000000000E-002  0.000000000000000E+000
  1.500000000000000E-002  0.000000000000000E+000
  1.600000000000000E-002  0.000000000000000E+000
  1.700000000000000E-002  0.000000000000000E+000
  1.800000000000000E-002  0.000000000000000E+000
  1.900000000000000E-002  0.000000000000000E+000
  2.000000000000000E-002  0.000000000000000E+000
  2.100000000000000E-002  0.000000000000000E+000
  2.200000000000000E-002  0.000000000000000E+000
  2.300000000000000E-002  0.000000000000000E+000
  2.400000000000000E-002  0.000000000000000E+000
  2.500000000000000E-002  0.000000000000000E+000
4
   89.9031500000000     
 9
41
 9
41
27
39
  168.82073000
