 -2.500000000000000E-002  0.000000000000000E+000
 -2.400000000000000E-002  0.000000000000000E+000
 -2.300000000000000E-002  0.000000000000000E+000
 -2.200000000000000E-002  0.000000000000000E+000
 -2.100000000000000E-002  0.000000000000000E+000
 -2.000000000000000E-002  0.000000000000000E+000
 -1.900000000000000E-002  0.000000000000000E+000
 -1.800000000000000E-002  2.316421231931680E-003
 -1.700000000000000E-002  2.515399968134959E-002
 -1.600000000000000E-002  9.555943957735791E-002
 -1.500000000000000E-002  0.102721551760550     
 -1.400000000000000E-002  0.139485258819239     
 -1.300000000000000E-002  0.130803526111002     
 -1.200000000000000E-002  0.165307610114676     
 -1.100000000000000E-002  0.186582090263609     
 -1.000000000000000E-002  0.198845296939587     
 -9.000000000000001E-003  0.466403127783808     
 -8.000000000000000E-003  0.523064227122882     
 -6.999999999999999E-003  0.206212235682700     
 -6.000000000000002E-003  0.256728832555414     
 -5.000000000000001E-003  0.987194528601579     
 -4.000000000000000E-003   7.87092324107524     
 -3.000000000000003E-003   22.5563273852382     
 -2.000000000000002E-003   24.9191822542200     
 -1.000000000000001E-003   18.3191696188975     
  0.000000000000000E+000   17.0609713521314     
  1.000000000000001E-003   15.3725426106508     
  1.999999999999998E-003   10.2512783641596     
  2.999999999999999E-003   2.01842316089414     
  4.000000000000000E-003   1.64789229949067     
  4.999999999999998E-003   1.08680164760053     
  5.999999999999998E-003  0.893530179462629     
  6.999999999999999E-003   1.41517157397579     
  8.000000000000000E-003   2.21458732295918     
  9.000000000000001E-003   1.56447443024240     
  1.000000000000000E-002   1.10106035495822     
  1.100000000000000E-002   1.11487330244688     
  1.200000000000000E-002  0.588348909003647     
  1.300000000000000E-002  0.319879720422794     
  1.400000000000000E-002  6.591607550943702E-002
  1.500000000000000E-002  0.000000000000000E+000
  1.600000000000000E-002  0.000000000000000E+000
  1.700000000000000E-002  0.000000000000000E+000
  1.800000000000000E-002  0.000000000000000E+000
  1.900000000000000E-002  0.000000000000000E+000
  2.000000000000000E-002  0.000000000000000E+000
  2.100000000000000E-002  0.000000000000000E+000
  2.200000000000000E-002  0.000000000000000E+000
  2.300000000000000E-002  0.000000000000000E+000
  2.400000000000000E-002  0.000000000000000E+000
  2.500000000000000E-002  0.000000000000000E+000
 -2.500000000000000E-002  0.000000000000000E+000
 -2.400000000000000E-002  0.000000000000000E+000
 -2.300000000000000E-002  0.000000000000000E+000
 -2.200000000000000E-002  0.000000000000000E+000
 -2.100000000000000E-002  0.000000000000000E+000
 -2.000000000000000E-002  0.000000000000000E+000
 -1.900000000000000E-002  0.000000000000000E+000
 -1.800000000000000E-002  6.087356678973424E-002
 -1.700000000000000E-002  0.454947005292302     
 -1.600000000000000E-002   1.20687880014607     
 -1.500000000000000E-002  0.917668578580432     
 -1.400000000000000E-002  0.891179143569977     
 -1.300000000000000E-002  0.602959550509854     
 -1.200000000000000E-002  0.553214010990397     
 -1.100000000000000E-002  0.454761401553175     
 -1.000000000000000E-002  0.352816561531277     
 -9.000000000000001E-003  0.599503440087968     
 -8.000000000000000E-003  0.322046333858524     
 -6.999999999999999E-003  6.177888132223222E-003
 -6.000000000000002E-003  0.113961614715030     
 -5.000000000000001E-003  7.283798702590169E-002
 -4.000000000000000E-003  6.983125575643355E-003
 -3.000000000000003E-003  5.414945345550675E-003
 -2.000000000000002E-003  1.126167382993746E-003
 -1.000000000000001E-003  0.000000000000000E+000
  0.000000000000000E+000  0.000000000000000E+000
  1.000000000000001E-003  8.901238003252541E-004
  1.999999999999998E-003  3.311467077948564E-002
  2.999999999999999E-003  5.666929636652572E-002
  4.000000000000000E-003  0.104208320822627     
  4.999999999999998E-003  0.133248510758200     
  5.999999999999998E-003  0.209671868077136     
  6.999999999999999E-003  0.535540786677322     
  8.000000000000000E-003   1.11468619817057     
  9.000000000000001E-003   1.31678467181461     
  1.000000000000000E-002  0.756362301486713     
  1.100000000000000E-002  0.826048642869248     
  1.200000000000000E-002  0.932079405978839     
  1.300000000000000E-002   1.11018488754926     
  1.400000000000000E-002  0.421141504251141     
  1.500000000000000E-002  0.000000000000000E+000
  1.600000000000000E-002  0.000000000000000E+000
  1.700000000000000E-002  0.000000000000000E+000
  1.800000000000000E-002  0.000000000000000E+000
  1.900000000000000E-002  0.000000000000000E+000
  2.000000000000000E-002  0.000000000000000E+000
  2.100000000000000E-002  0.000000000000000E+000
  2.200000000000000E-002  0.000000000000000E+000
  2.300000000000000E-002  0.000000000000000E+000
  2.400000000000000E-002  0.000000000000000E+000
  2.500000000000000E-002  0.000000000000000E+000
 -2.500000000000000E-002  0.000000000000000E+000
 -2.400000000000000E-002  0.000000000000000E+000
 -2.300000000000000E-002  0.000000000000000E+000
 -2.200000000000000E-002  0.000000000000000E+000
 -2.100000000000000E-002  0.000000000000000E+000
 -2.000000000000000E-002  0.000000000000000E+000
 -1.900000000000000E-002  0.000000000000000E+000
 -1.800000000000000E-002  0.000000000000000E+000
 -1.700000000000000E-002  0.000000000000000E+000
 -1.600000000000000E-002  0.000000000000000E+000
 -1.500000000000000E-002  0.000000000000000E+000
 -1.400000000000000E-002  0.000000000000000E+000
 -1.300000000000000E-002  0.000000000000000E+000
 -1.200000000000000E-002  0.000000000000000E+000
 -1.100000000000000E-002  0.000000000000000E+000
 -1.000000000000000E-002  0.000000000000000E+000
 -9.000000000000001E-003  0.000000000000000E+000
 -8.000000000000000E-003  0.000000000000000E+000
 -6.999999999999999E-003  0.000000000000000E+000
 -6.000000000000002E-003  0.000000000000000E+000
 -5.000000000000001E-003  0.000000000000000E+000
 -4.000000000000000E-003  0.000000000000000E+000
 -3.000000000000003E-003  0.000000000000000E+000
 -2.000000000000002E-003  0.000000000000000E+000
 -1.000000000000001E-003  0.000000000000000E+000
  0.000000000000000E+000  0.000000000000000E+000
  1.000000000000001E-003  4.433537716748503E-003
  1.999999999999998E-003  1.464330199558594E-002
  2.999999999999999E-003  1.206898281594519E-002
  4.000000000000000E-003  1.427808322088847E-002
  4.999999999999998E-003  6.659450206781853E-002
  5.999999999999998E-003  0.154044442215564     
  6.999999999999999E-003  0.382511115050952     
  8.000000000000000E-003  0.925864932130574     
  9.000000000000001E-003  0.694153392251567     
  1.000000000000000E-002   1.19727871720327     
  1.100000000000000E-002   1.89126117426621     
  1.200000000000000E-002   1.03687326102747     
  1.300000000000000E-002  0.364351297963575     
  1.400000000000000E-002  0.000000000000000E+000
  1.500000000000000E-002  0.000000000000000E+000
  1.600000000000000E-002  0.000000000000000E+000
  1.700000000000000E-002  0.000000000000000E+000
  1.800000000000000E-002  0.000000000000000E+000
  1.900000000000000E-002  0.000000000000000E+000
  2.000000000000000E-002  0.000000000000000E+000
  2.100000000000000E-002  0.000000000000000E+000
  2.200000000000000E-002  0.000000000000000E+000
  2.300000000000000E-002  0.000000000000000E+000
  2.400000000000000E-002  0.000000000000000E+000
  2.500000000000000E-002  0.000000000000000E+000
4
   100.533144444444     
 8
40
 8
40
27
39
  152.96344000
