 -2.500000000000000E-002  0.000000000000000E+000
 -2.400000000000000E-002  0.000000000000000E+000
 -2.300000000000000E-002  0.000000000000000E+000
 -2.200000000000000E-002  0.000000000000000E+000
 -2.100000000000000E-002  0.000000000000000E+000
 -2.000000000000000E-002  0.000000000000000E+000
 -1.900000000000000E-002  0.000000000000000E+000
 -1.800000000000000E-002  0.000000000000000E+000
 -1.700000000000000E-002  0.000000000000000E+000
 -1.600000000000000E-002  9.278403452222082E-003
 -1.500000000000000E-002  0.152643044843208     
 -1.400000000000000E-002  0.413734886106174     
 -1.300000000000000E-002  0.432763758337804     
 -1.200000000000000E-002  0.519098524323391     
 -1.100000000000000E-002  0.670687032429197     
 -1.000000000000000E-002   2.21700314833820     
 -9.000000000000001E-003   3.02024901155036     
 -8.000000000000000E-003   3.46364810649626     
 -6.999999999999999E-003   6.67511495028650     
 -6.000000000000002E-003   7.43272457687583     
 -5.000000000000001E-003   6.07936040296475     
 -4.000000000000000E-003   6.16391168628868     
 -3.000000000000003E-003   5.66953759566828     
 -2.000000000000002E-003   7.09871797123971     
 -1.000000000000001E-003   6.21640016116105     
  0.000000000000000E+000   6.79013246272668     
  1.000000000000001E-003   8.18923395717688     
  1.999999999999998E-003   11.6400092023893     
  2.999999999999999E-003   14.0633984797315     
  4.000000000000000E-003   11.2332690654848     
  4.999999999999998E-003   8.02462147230102     
  5.999999999999998E-003   6.51466638014041     
  6.999999999999999E-003   5.58900470733123     
  8.000000000000000E-003   2.61686060627578     
  9.000000000000001E-003   1.53788838325019     
  1.000000000000000E-002  0.584443728372933     
  1.100000000000000E-002  0.903009762212118     
  1.200000000000000E-002  0.358159816740575     
  1.300000000000000E-002  1.420475770591541E-002
  1.400000000000000E-002  0.000000000000000E+000
  1.500000000000000E-002  0.000000000000000E+000
  1.600000000000000E-002  0.000000000000000E+000
  1.700000000000000E-002  0.000000000000000E+000
  1.800000000000000E-002  0.000000000000000E+000
  1.900000000000000E-002  0.000000000000000E+000
  2.000000000000000E-002  0.000000000000000E+000
  2.100000000000000E-002  0.000000000000000E+000
  2.200000000000000E-002  0.000000000000000E+000
  2.300000000000000E-002  0.000000000000000E+000
  2.400000000000000E-002  0.000000000000000E+000
  2.500000000000000E-002  0.000000000000000E+000
 -2.500000000000000E-002  0.000000000000000E+000
 -2.400000000000000E-002  0.000000000000000E+000
 -2.300000000000000E-002  0.000000000000000E+000
 -2.200000000000000E-002  0.000000000000000E+000
 -2.100000000000000E-002  0.000000000000000E+000
 -2.000000000000000E-002  0.000000000000000E+000
 -1.900000000000000E-002  0.000000000000000E+000
 -1.800000000000000E-002  0.000000000000000E+000
 -1.700000000000000E-002  0.000000000000000E+000
 -1.600000000000000E-002  0.000000000000000E+000
 -1.500000000000000E-002  0.000000000000000E+000
 -1.400000000000000E-002  0.000000000000000E+000
 -1.300000000000000E-002  0.000000000000000E+000
 -1.200000000000000E-002  0.000000000000000E+000
 -1.100000000000000E-002  0.000000000000000E+000
 -1.000000000000000E-002  0.000000000000000E+000
 -9.000000000000001E-003  0.000000000000000E+000
 -8.000000000000000E-003  0.000000000000000E+000
 -6.999999999999999E-003  0.000000000000000E+000
 -6.000000000000002E-003  0.000000000000000E+000
 -5.000000000000001E-003  0.000000000000000E+000
 -4.000000000000000E-003  0.000000000000000E+000
 -3.000000000000003E-003  0.000000000000000E+000
 -2.000000000000002E-003  0.000000000000000E+000
 -1.000000000000001E-003  0.000000000000000E+000
  0.000000000000000E+000  0.000000000000000E+000
  1.000000000000001E-003  0.000000000000000E+000
  1.999999999999998E-003  0.000000000000000E+000
  2.999999999999999E-003  0.000000000000000E+000
  4.000000000000000E-003  0.000000000000000E+000
  4.999999999999998E-003  0.000000000000000E+000
  5.999999999999998E-003  0.000000000000000E+000
  6.999999999999999E-003  0.000000000000000E+000
  8.000000000000000E-003  0.000000000000000E+000
  9.000000000000001E-003  0.000000000000000E+000
  1.000000000000000E-002  0.000000000000000E+000
  1.100000000000000E-002  0.000000000000000E+000
  1.200000000000000E-002  0.000000000000000E+000
  1.300000000000000E-002  0.000000000000000E+000
  1.400000000000000E-002  0.000000000000000E+000
  1.500000000000000E-002  0.000000000000000E+000
  1.600000000000000E-002  0.000000000000000E+000
  1.700000000000000E-002  0.000000000000000E+000
  1.800000000000000E-002  0.000000000000000E+000
  1.900000000000000E-002  0.000000000000000E+000
  2.000000000000000E-002  0.000000000000000E+000
  2.100000000000000E-002  0.000000000000000E+000
  2.200000000000000E-002  0.000000000000000E+000
  2.300000000000000E-002  0.000000000000000E+000
  2.400000000000000E-002  0.000000000000000E+000
  2.500000000000000E-002  0.000000000000000E+000
 -2.500000000000000E-002  0.000000000000000E+000
 -2.400000000000000E-002  0.000000000000000E+000
 -2.300000000000000E-002  0.000000000000000E+000
 -2.200000000000000E-002  0.000000000000000E+000
 -2.100000000000000E-002  0.000000000000000E+000
 -2.000000000000000E-002  0.000000000000000E+000
 -1.900000000000000E-002  0.000000000000000E+000
 -1.800000000000000E-002  0.000000000000000E+000
 -1.700000000000000E-002  0.000000000000000E+000
 -1.600000000000000E-002  0.117182650664500     
 -1.500000000000000E-002   1.36364495659080     
 -1.400000000000000E-002   2.64337539741703     
 -1.300000000000000E-002   1.99489301980193     
 -1.200000000000000E-002   1.73720118838403     
 -1.100000000000000E-002   1.60106430207279     
 -1.000000000000000E-002  0.945419251272019     
 -9.000000000000001E-003  0.714101294539684     
 -8.000000000000000E-003  0.151204335259760     
 -6.999999999999999E-003  0.210363211211837     
 -6.000000000000002E-003  0.232203355842807     
 -5.000000000000001E-003  0.000000000000000E+000
 -4.000000000000000E-003  0.000000000000000E+000
 -3.000000000000003E-003  0.000000000000000E+000
 -2.000000000000002E-003  0.000000000000000E+000
 -1.000000000000001E-003  0.000000000000000E+000
  0.000000000000000E+000  0.000000000000000E+000
  1.000000000000001E-003  1.736561901604926E-002
  1.999999999999998E-003  7.535868845379864E-002
  2.999999999999999E-003  0.286809122517946     
  4.000000000000000E-003  0.401648747999694     
  4.999999999999998E-003   1.14744247723139     
  5.999999999999998E-003   2.71105323897202     
  6.999999999999999E-003   3.62570623568891     
  8.000000000000000E-003   2.41121125033868     
  9.000000000000001E-003   1.97676499428874     
  1.000000000000000E-002   1.03699423535124     
  1.100000000000000E-002   2.20092927729343     
  1.200000000000000E-002   1.19860802934110     
  1.300000000000000E-002  6.547907824894419E-002
  1.400000000000000E-002  0.000000000000000E+000
  1.500000000000000E-002  0.000000000000000E+000
  1.600000000000000E-002  0.000000000000000E+000
  1.700000000000000E-002  0.000000000000000E+000
  1.800000000000000E-002  0.000000000000000E+000
  1.900000000000000E-002  0.000000000000000E+000
  2.000000000000000E-002  0.000000000000000E+000
  2.100000000000000E-002  0.000000000000000E+000
  2.200000000000000E-002  0.000000000000000E+000
  2.300000000000000E-002  0.000000000000000E+000
  2.400000000000000E-002  0.000000000000000E+000
  2.500000000000000E-002  0.000000000000000E+000
4
   83.0001833333333     
10
39
 0
 0
10
39
  156.63598000
