 -2.500000000000000E-002  0.000000000000000E+000
 -2.400000000000000E-002  0.000000000000000E+000
 -2.300000000000000E-002  0.000000000000000E+000
 -2.200000000000000E-002  0.000000000000000E+000
 -2.100000000000000E-002  0.000000000000000E+000
 -2.000000000000000E-002  0.000000000000000E+000
 -1.900000000000000E-002  0.000000000000000E+000
 -1.800000000000000E-002  0.000000000000000E+000
 -1.700000000000000E-002  3.026509380277515E-004
 -1.600000000000000E-002  3.859038915606339E-002
 -1.500000000000000E-002  0.166446178967013     
 -1.400000000000000E-002  0.286646698234807     
 -1.300000000000000E-002  0.149710395902511     
 -1.200000000000000E-002  0.206223994395072     
 -1.100000000000000E-002  0.623581465187785     
 -1.000000000000000E-002  0.808209528306794     
 -9.000000000000001E-003   1.03075160686469     
 -8.000000000000000E-003   1.02196237594995     
 -6.999999999999999E-003   1.72010988461640     
 -6.000000000000002E-003   2.58386087102953     
 -5.000000000000001E-003   7.98715281674567     
 -4.000000000000000E-003   16.7591637739864     
 -3.000000000000003E-003   14.9593934950544     
 -2.000000000000002E-003   11.7583636779094     
 -1.000000000000001E-003   9.24837883235167     
  0.000000000000000E+000   9.49021587694424     
  1.000000000000001E-003   9.01615770301801     
  1.999999999999998E-003   5.40684887538259     
  2.999999999999999E-003   1.94030277636095     
  4.000000000000000E-003   1.99858127143069     
  4.999999999999998E-003   1.07480677719687     
  5.999999999999998E-003  0.932842876483380     
  6.999999999999999E-003  0.977797452213573     
  8.000000000000000E-003  0.693745396559878     
  9.000000000000001E-003  0.854835068421002     
  1.000000000000000E-002  0.984285378341821     
  1.100000000000000E-002  0.617035278671580     
  1.200000000000000E-002  0.521503091420825     
  1.300000000000000E-002  0.630947253457528     
  1.400000000000000E-002  0.578311864234666     
  1.500000000000000E-002  0.396076154903402     
  1.600000000000000E-002  0.174341222472161     
  1.700000000000000E-002  8.902712187469469E-003
  1.800000000000000E-002  0.000000000000000E+000
  1.900000000000000E-002  0.000000000000000E+000
  2.000000000000000E-002  0.000000000000000E+000
  2.100000000000000E-002  0.000000000000000E+000
  2.200000000000000E-002  0.000000000000000E+000
  2.300000000000000E-002  0.000000000000000E+000
  2.400000000000000E-002  0.000000000000000E+000
  2.500000000000000E-002  0.000000000000000E+000
 -2.500000000000000E-002  0.000000000000000E+000
 -2.400000000000000E-002  0.000000000000000E+000
 -2.300000000000000E-002  0.000000000000000E+000
 -2.200000000000000E-002  0.000000000000000E+000
 -2.100000000000000E-002  0.000000000000000E+000
 -2.000000000000000E-002  0.000000000000000E+000
 -1.900000000000000E-002  0.000000000000000E+000
 -1.800000000000000E-002  0.000000000000000E+000
 -1.700000000000000E-002  5.473886445451531E-003
 -1.600000000000000E-002  0.487381704704711     
 -1.500000000000000E-002   1.48695600723453     
 -1.400000000000000E-002   1.83140183559543     
 -1.300000000000000E-002  0.690113758427475     
 -1.200000000000000E-002  0.690143684387040     
 -1.100000000000000E-002   1.51987139114332     
 -1.000000000000000E-002   1.43402791598663     
 -9.000000000000001E-003  0.606264694560272     
 -8.000000000000000E-003  0.251779694902878     
 -6.999999999999999E-003  0.245250634968499     
 -6.000000000000002E-003  0.151615610970446     
 -5.000000000000001E-003  0.110323154726733     
 -4.000000000000000E-003  9.236322058351189E-002
 -3.000000000000003E-003  7.841425185110237E-003
 -2.000000000000002E-003  3.670537338651305E-003
 -1.000000000000001E-003  7.202931240723177E-004
  0.000000000000000E+000  0.000000000000000E+000
  1.000000000000001E-003  3.928830492157053E-003
  1.999999999999998E-003  3.656050080344172E-002
  2.999999999999999E-003  7.004555765220420E-002
  4.000000000000000E-003  0.203870578388349     
  4.999999999999998E-003  0.116939089190614     
  5.999999999999998E-003  0.388267953138612     
  6.999999999999999E-003  0.467804787202690     
  8.000000000000000E-003  0.405294124550643     
  9.000000000000001E-003   1.04360803491448     
  1.000000000000000E-002   1.74644403512134     
  1.100000000000000E-002   1.50391619978100     
  1.200000000000000E-002   1.74524824809135     
  1.300000000000000E-002   2.90845119891747     
  1.400000000000000E-002   3.69486694327244     
  1.500000000000000E-002   3.53836790673751     
  1.600000000000000E-002   2.20186227884759     
  1.700000000000000E-002  0.161018617316417     
  1.800000000000000E-002  0.000000000000000E+000
  1.900000000000000E-002  0.000000000000000E+000
  2.000000000000000E-002  0.000000000000000E+000
  2.100000000000000E-002  0.000000000000000E+000
  2.200000000000000E-002  0.000000000000000E+000
  2.300000000000000E-002  0.000000000000000E+000
  2.400000000000000E-002  0.000000000000000E+000
  2.500000000000000E-002  0.000000000000000E+000
 -2.500000000000000E-002  0.000000000000000E+000
 -2.400000000000000E-002  0.000000000000000E+000
 -2.300000000000000E-002  0.000000000000000E+000
 -2.200000000000000E-002  0.000000000000000E+000
 -2.100000000000000E-002  0.000000000000000E+000
 -2.000000000000000E-002  0.000000000000000E+000
 -1.900000000000000E-002  0.000000000000000E+000
 -1.800000000000000E-002  0.000000000000000E+000
 -1.700000000000000E-002  0.000000000000000E+000
 -1.600000000000000E-002  0.000000000000000E+000
 -1.500000000000000E-002  0.000000000000000E+000
 -1.400000000000000E-002  0.000000000000000E+000
 -1.300000000000000E-002  0.000000000000000E+000
 -1.200000000000000E-002  0.000000000000000E+000
 -1.100000000000000E-002  0.000000000000000E+000
 -1.000000000000000E-002  0.000000000000000E+000
 -9.000000000000001E-003  0.000000000000000E+000
 -8.000000000000000E-003  0.000000000000000E+000
 -6.999999999999999E-003  0.000000000000000E+000
 -6.000000000000002E-003  0.000000000000000E+000
 -5.000000000000001E-003  0.000000000000000E+000
 -4.000000000000000E-003  0.000000000000000E+000
 -3.000000000000003E-003  0.000000000000000E+000
 -2.000000000000002E-003  0.000000000000000E+000
 -1.000000000000001E-003  0.000000000000000E+000
  0.000000000000000E+000  0.000000000000000E+000
  1.000000000000001E-003  0.000000000000000E+000
  1.999999999999998E-003  0.000000000000000E+000
  2.999999999999999E-003  0.000000000000000E+000
  4.000000000000000E-003  0.000000000000000E+000
  4.999999999999998E-003  0.000000000000000E+000
  5.999999999999998E-003  0.000000000000000E+000
  6.999999999999999E-003  0.000000000000000E+000
  8.000000000000000E-003  0.000000000000000E+000
  9.000000000000001E-003  0.000000000000000E+000
  1.000000000000000E-002  0.000000000000000E+000
  1.100000000000000E-002  0.000000000000000E+000
  1.200000000000000E-002  0.000000000000000E+000
  1.300000000000000E-002  0.000000000000000E+000
  1.400000000000000E-002  0.000000000000000E+000
  1.500000000000000E-002  0.000000000000000E+000
  1.600000000000000E-002  0.000000000000000E+000
  1.700000000000000E-002  0.000000000000000E+000
  1.800000000000000E-002  0.000000000000000E+000
  1.900000000000000E-002  0.000000000000000E+000
  2.000000000000000E-002  0.000000000000000E+000
  2.100000000000000E-002  0.000000000000000E+000
  2.200000000000000E-002  0.000000000000000E+000
  2.300000000000000E-002  0.000000000000000E+000
  2.400000000000000E-002  0.000000000000000E+000
  2.500000000000000E-002  0.000000000000000E+000
4
   86.5926750000000     
 9
43
 9
43
 0
 0
  124.76305000
