 -2.500000000000000E-002  0.000000000000000E+000
 -2.400000000000000E-002  0.000000000000000E+000
 -2.300000000000000E-002  0.000000000000000E+000
 -2.200000000000000E-002  0.000000000000000E+000
 -2.100000000000000E-002  0.000000000000000E+000
 -2.000000000000000E-002  0.000000000000000E+000
 -1.900000000000000E-002  0.000000000000000E+000
 -1.800000000000000E-002  0.000000000000000E+000
 -1.700000000000000E-002  0.000000000000000E+000
 -1.600000000000000E-002  1.254813599745461E-002
 -1.500000000000000E-002  0.143396858051395     
 -1.400000000000000E-002  0.365478742796523     
 -1.300000000000000E-002  0.395149376098804     
 -1.200000000000000E-002  0.504193005702276     
 -1.100000000000000E-002   1.00884128689594     
 -1.000000000000000E-002   1.22051262653771     
 -9.000000000000001E-003  0.675477657206043     
 -8.000000000000000E-003   1.46327264259847     
 -6.999999999999999E-003   3.00297853608359     
 -6.000000000000002E-003   4.94388169251036     
 -5.000000000000001E-003   6.62576197090189     
 -4.000000000000000E-003   6.02723737695760     
 -3.000000000000003E-003   4.70330862313078     
 -2.000000000000002E-003   4.40717000588069     
 -1.000000000000001E-003   6.50924142852088     
  0.000000000000000E+000   6.74120792830070     
  1.000000000000001E-003   3.33576184811255     
  1.999999999999998E-003   2.15183954942969     
  2.999999999999999E-003   2.24051382446916     
  4.000000000000000E-003   2.22651629084491     
  4.999999999999998E-003   1.94527058936783     
  5.999999999999998E-003   1.82123908139484     
  6.999999999999999E-003   1.26228476482338     
  8.000000000000000E-003  0.403919199048228     
  9.000000000000001E-003  0.686776936825281     
  1.000000000000000E-002  0.497723683271044     
  1.100000000000000E-002  0.355689553261519     
  1.200000000000000E-002  0.540481696809802     
  1.300000000000000E-002  0.822472681676516     
  1.400000000000000E-002  0.633771123688697     
  1.500000000000000E-002  0.304531639072578     
  1.600000000000000E-002  0.105425159623635     
  1.700000000000000E-002  4.304786443724598E-003
  1.800000000000000E-002  0.000000000000000E+000
  1.900000000000000E-002  0.000000000000000E+000
  2.000000000000000E-002  0.000000000000000E+000
  2.100000000000000E-002  0.000000000000000E+000
  2.200000000000000E-002  0.000000000000000E+000
  2.300000000000000E-002  0.000000000000000E+000
  2.400000000000000E-002  0.000000000000000E+000
  2.500000000000000E-002  0.000000000000000E+000
 -2.500000000000000E-002  0.000000000000000E+000
 -2.400000000000000E-002  0.000000000000000E+000
 -2.300000000000000E-002  0.000000000000000E+000
 -2.200000000000000E-002  0.000000000000000E+000
 -2.100000000000000E-002  0.000000000000000E+000
 -2.000000000000000E-002  0.000000000000000E+000
 -1.900000000000000E-002  0.000000000000000E+000
 -1.800000000000000E-002  0.000000000000000E+000
 -1.700000000000000E-002  0.000000000000000E+000
 -1.600000000000000E-002  0.000000000000000E+000
 -1.500000000000000E-002  0.000000000000000E+000
 -1.400000000000000E-002  0.000000000000000E+000
 -1.300000000000000E-002  0.000000000000000E+000
 -1.200000000000000E-002  0.000000000000000E+000
 -1.100000000000000E-002  0.000000000000000E+000
 -1.000000000000000E-002  0.000000000000000E+000
 -9.000000000000001E-003  0.000000000000000E+000
 -8.000000000000000E-003  0.000000000000000E+000
 -6.999999999999999E-003  0.000000000000000E+000
 -6.000000000000002E-003  0.000000000000000E+000
 -5.000000000000001E-003  0.000000000000000E+000
 -4.000000000000000E-003  0.000000000000000E+000
 -3.000000000000003E-003  0.000000000000000E+000
 -2.000000000000002E-003  0.000000000000000E+000
 -1.000000000000001E-003  0.000000000000000E+000
  0.000000000000000E+000  0.000000000000000E+000
  1.000000000000001E-003  0.000000000000000E+000
  1.999999999999998E-003  0.000000000000000E+000
  2.999999999999999E-003  0.000000000000000E+000
  4.000000000000000E-003  0.000000000000000E+000
  4.999999999999998E-003  0.000000000000000E+000
  5.999999999999998E-003  0.000000000000000E+000
  6.999999999999999E-003  0.000000000000000E+000
  8.000000000000000E-003  0.000000000000000E+000
  9.000000000000001E-003  0.000000000000000E+000
  1.000000000000000E-002  0.000000000000000E+000
  1.100000000000000E-002  0.000000000000000E+000
  1.200000000000000E-002  0.000000000000000E+000
  1.300000000000000E-002  0.000000000000000E+000
  1.400000000000000E-002  0.000000000000000E+000
  1.500000000000000E-002  0.000000000000000E+000
  1.600000000000000E-002  0.000000000000000E+000
  1.700000000000000E-002  0.000000000000000E+000
  1.800000000000000E-002  0.000000000000000E+000
  1.900000000000000E-002  0.000000000000000E+000
  2.000000000000000E-002  0.000000000000000E+000
  2.100000000000000E-002  0.000000000000000E+000
  2.200000000000000E-002  0.000000000000000E+000
  2.300000000000000E-002  0.000000000000000E+000
  2.400000000000000E-002  0.000000000000000E+000
  2.500000000000000E-002  0.000000000000000E+000
 -2.500000000000000E-002  0.000000000000000E+000
 -2.400000000000000E-002  0.000000000000000E+000
 -2.300000000000000E-002  0.000000000000000E+000
 -2.200000000000000E-002  0.000000000000000E+000
 -2.100000000000000E-002  0.000000000000000E+000
 -2.000000000000000E-002  0.000000000000000E+000
 -1.900000000000000E-002  0.000000000000000E+000
 -1.800000000000000E-002  0.000000000000000E+000
 -1.700000000000000E-002  0.000000000000000E+000
 -1.600000000000000E-002  0.158478109370013     
 -1.500000000000000E-002   1.28104364318472     
 -1.400000000000000E-002   2.33506419069364     
 -1.300000000000000E-002   1.82150357318803     
 -1.200000000000000E-002   1.68731877984544     
 -1.100000000000000E-002   1.60592371227756     
 -1.000000000000000E-002  0.960432775818962     
 -9.000000000000001E-003  0.545605644369666     
 -8.000000000000000E-003  0.147944537130882     
 -6.999999999999999E-003  0.248414904420982     
 -6.000000000000002E-003  0.221291452074170     
 -5.000000000000001E-003  0.138537765114842     
 -4.000000000000000E-003  3.229806404602655E-002
 -3.000000000000003E-003  5.467490131470938E-003
 -2.000000000000002E-003  3.963285455840326E-003
 -1.000000000000001E-003  0.000000000000000E+000
  0.000000000000000E+000  0.000000000000000E+000
  1.000000000000001E-003  1.609287648169264E-002
  1.999999999999998E-003  3.746002310661204E-002
  2.999999999999999E-003  6.274832991359765E-002
  4.000000000000000E-003  0.128829857745816     
  4.999999999999998E-003  0.197280795238409     
  5.999999999999998E-003  0.454959443360674     
  6.999999999999999E-003  0.308155516639571     
  8.000000000000000E-003  0.285876125176590     
  9.000000000000001E-003  0.882766670447117     
  1.000000000000000E-002  0.883124525583948     
  1.100000000000000E-002  0.866931437687832     
  1.200000000000000E-002   1.80876153948160     
  1.300000000000000E-002   3.79131796515532     
  1.400000000000000E-002   4.04919926312940     
  1.500000000000000E-002   2.72054998752293     
  1.600000000000000E-002   1.33147903246941     
  1.700000000000000E-002  7.785838140275941E-002
  1.800000000000000E-002  0.000000000000000E+000
  1.900000000000000E-002  0.000000000000000E+000
  2.000000000000000E-002  0.000000000000000E+000
  2.100000000000000E-002  0.000000000000000E+000
  2.200000000000000E-002  0.000000000000000E+000
  2.300000000000000E-002  0.000000000000000E+000
  2.400000000000000E-002  0.000000000000000E+000
  2.500000000000000E-002  0.000000000000000E+000
4
   86.6573833333333     
10
43
 0
 0
10
43
   79.50856000
