 -2.500000000000000E-002  0.000000000000000E+000
 -2.400000000000000E-002  0.000000000000000E+000
 -2.300000000000000E-002  0.000000000000000E+000
 -2.200000000000000E-002  0.000000000000000E+000
 -2.100000000000000E-002  0.000000000000000E+000
 -2.000000000000000E-002  0.000000000000000E+000
 -1.900000000000000E-002  0.000000000000000E+000
 -1.800000000000000E-002  0.000000000000000E+000
 -1.700000000000000E-002  0.000000000000000E+000
 -1.600000000000000E-002  1.856556279723875E-002
 -1.500000000000000E-002  5.806803682231589E-002
 -1.400000000000000E-002  0.202627312858364     
 -1.300000000000000E-002  5.711078112842282E-002
 -1.200000000000000E-002  0.154147415186122     
 -1.100000000000000E-002  0.243057219833036     
 -1.000000000000000E-002  0.311543376214478     
 -9.000000000000001E-003  0.333711928107016     
 -8.000000000000000E-003  0.914633132772331     
 -6.999999999999999E-003  0.573933519084242     
 -6.000000000000002E-003   1.00803619914433     
 -5.000000000000001E-003   3.41009874338760     
 -4.000000000000000E-003   7.28489159915877     
 -3.000000000000003E-003   21.8949713717223     
 -2.000000000000002E-003   24.4499137673047     
 -1.000000000000001E-003   19.9477502819807     
  0.000000000000000E+000   13.9354018374302     
  1.000000000000001E-003   13.6218432661560     
  1.999999999999998E-003   19.1685358049502     
  2.999999999999999E-003   9.62785102387881     
  4.000000000000000E-003   1.48382402327266     
  4.999999999999998E-003  0.735839122892699     
  5.999999999999998E-003  0.821746326202503     
  6.999999999999999E-003   1.13478907567488     
  8.000000000000000E-003  0.498997753067314     
  9.000000000000001E-003  0.405090809043141     
  1.000000000000000E-002  0.175929511041014     
  1.100000000000000E-002  0.461495319009312     
  1.200000000000000E-002  0.440335125411886     
  1.300000000000000E-002  0.251055623608347     
  1.400000000000000E-002  0.235347928000113     
  1.500000000000000E-002  0.238338116980838     
  1.600000000000000E-002  9.897096500632326E-002
  1.700000000000000E-002  1.425560268700653E-003
  1.800000000000000E-002  0.000000000000000E+000
  1.900000000000000E-002  0.000000000000000E+000
  2.000000000000000E-002  0.000000000000000E+000
  2.100000000000000E-002  0.000000000000000E+000
  2.200000000000000E-002  0.000000000000000E+000
  2.300000000000000E-002  0.000000000000000E+000
  2.400000000000000E-002  0.000000000000000E+000
  2.500000000000000E-002  0.000000000000000E+000
 -2.500000000000000E-002  0.000000000000000E+000
 -2.400000000000000E-002  0.000000000000000E+000
 -2.300000000000000E-002  0.000000000000000E+000
 -2.200000000000000E-002  0.000000000000000E+000
 -2.100000000000000E-002  0.000000000000000E+000
 -2.000000000000000E-002  0.000000000000000E+000
 -1.900000000000000E-002  0.000000000000000E+000
 -1.800000000000000E-002  0.000000000000000E+000
 -1.700000000000000E-002  0.000000000000000E+000
 -1.600000000000000E-002  0.234475884871943     
 -1.500000000000000E-002  0.518753970305143     
 -1.400000000000000E-002   1.29459726902766     
 -1.300000000000000E-002  0.263261182188911     
 -1.200000000000000E-002  0.515865602193140     
 -1.100000000000000E-002  0.592409709810439     
 -1.000000000000000E-002  0.552779796432561     
 -9.000000000000001E-003  0.428945341445651     
 -8.000000000000000E-003  0.245471954991778     
 -6.999999999999999E-003  0.101888333466410     
 -6.000000000000002E-003  8.172770640595454E-002
 -5.000000000000001E-003  5.738814467436983E-002
 -4.000000000000000E-003  4.526215794584187E-002
 -3.000000000000003E-003  2.589857869936390E-002
 -2.000000000000002E-003  1.857914839250541E-003
 -1.000000000000001E-003  4.778471239049653E-004
  0.000000000000000E+000  0.000000000000000E+000
  1.000000000000001E-003  4.215631571115743E-003
  1.999999999999998E-003  9.688183645599957E-003
  2.999999999999999E-003  1.631650895732503E-002
  4.000000000000000E-003  8.315935633094633E-002
  4.999999999999998E-003  0.100998091314874     
  5.999999999999998E-003  0.101517319973047     
  6.999999999999999E-003  0.250018994967168     
  8.000000000000000E-003  0.384421571849230     
  9.000000000000001E-003  0.520694050066387     
  1.000000000000000E-002  0.312156465919472     
  1.100000000000000E-002   1.12481459386800     
  1.200000000000000E-002   1.47361371167413     
  1.300000000000000E-002   1.15728062128386     
  1.400000000000000E-002   1.50365111475982     
  1.500000000000000E-002   2.12920655191405     
  1.600000000000000E-002   1.24996504818799     
  1.700000000000000E-002  2.578334989762769E-002
  1.800000000000000E-002  0.000000000000000E+000
  1.900000000000000E-002  0.000000000000000E+000
  2.000000000000000E-002  0.000000000000000E+000
  2.100000000000000E-002  0.000000000000000E+000
  2.200000000000000E-002  0.000000000000000E+000
  2.300000000000000E-002  0.000000000000000E+000
  2.400000000000000E-002  0.000000000000000E+000
  2.500000000000000E-002  0.000000000000000E+000
 -2.500000000000000E-002  0.000000000000000E+000
 -2.400000000000000E-002  0.000000000000000E+000
 -2.300000000000000E-002  0.000000000000000E+000
 -2.200000000000000E-002  0.000000000000000E+000
 -2.100000000000000E-002  0.000000000000000E+000
 -2.000000000000000E-002  0.000000000000000E+000
 -1.900000000000000E-002  0.000000000000000E+000
 -1.800000000000000E-002  0.000000000000000E+000
 -1.700000000000000E-002  0.000000000000000E+000
 -1.600000000000000E-002  0.000000000000000E+000
 -1.500000000000000E-002  0.000000000000000E+000
 -1.400000000000000E-002  0.000000000000000E+000
 -1.300000000000000E-002  0.000000000000000E+000
 -1.200000000000000E-002  0.000000000000000E+000
 -1.100000000000000E-002  0.000000000000000E+000
 -1.000000000000000E-002  0.000000000000000E+000
 -9.000000000000001E-003  0.000000000000000E+000
 -8.000000000000000E-003  0.000000000000000E+000
 -6.999999999999999E-003  0.000000000000000E+000
 -6.000000000000002E-003  0.000000000000000E+000
 -5.000000000000001E-003  0.000000000000000E+000
 -4.000000000000000E-003  0.000000000000000E+000
 -3.000000000000003E-003  0.000000000000000E+000
 -2.000000000000002E-003  0.000000000000000E+000
 -1.000000000000001E-003  0.000000000000000E+000
  0.000000000000000E+000  0.000000000000000E+000
  1.000000000000001E-003  0.000000000000000E+000
  1.999999999999998E-003  0.000000000000000E+000
  2.999999999999999E-003  0.000000000000000E+000
  4.000000000000000E-003  0.000000000000000E+000
  4.999999999999998E-003  0.000000000000000E+000
  5.999999999999998E-003  0.000000000000000E+000
  6.999999999999999E-003  0.000000000000000E+000
  8.000000000000000E-003  0.000000000000000E+000
  9.000000000000001E-003  0.000000000000000E+000
  1.000000000000000E-002  0.000000000000000E+000
  1.100000000000000E-002  0.000000000000000E+000
  1.200000000000000E-002  0.000000000000000E+000
  1.300000000000000E-002  0.000000000000000E+000
  1.400000000000000E-002  0.000000000000000E+000
  1.500000000000000E-002  0.000000000000000E+000
  1.600000000000000E-002  0.000000000000000E+000
  1.700000000000000E-002  0.000000000000000E+000
  1.800000000000000E-002  0.000000000000000E+000
  1.900000000000000E-002  0.000000000000000E+000
  2.000000000000000E-002  0.000000000000000E+000
  2.100000000000000E-002  0.000000000000000E+000
  2.200000000000000E-002  0.000000000000000E+000
  2.300000000000000E-002  0.000000000000000E+000
  2.400000000000000E-002  0.000000000000000E+000
  2.500000000000000E-002  0.000000000000000E+000
4
   101.147487500000     
10
43
10
43
 0
 0
  157.42030000
