 -2.500000000000000E-002  0.000000000000000E+000
 -2.400000000000000E-002  0.000000000000000E+000
 -2.300000000000000E-002  0.000000000000000E+000
 -2.200000000000000E-002  0.000000000000000E+000
 -2.100000000000000E-002  0.000000000000000E+000
 -2.000000000000000E-002  0.000000000000000E+000
 -1.900000000000000E-002  0.000000000000000E+000
 -1.800000000000000E-002  0.000000000000000E+000
 -1.700000000000000E-002  0.000000000000000E+000
 -1.600000000000000E-002  0.000000000000000E+000
 -1.500000000000000E-002  2.985722851525767E-002
 -1.400000000000000E-002  0.142287535783200     
 -1.300000000000000E-002  0.114562311876148     
 -1.200000000000000E-002  6.594979168952342E-002
 -1.100000000000000E-002  0.188348842567929     
 -1.000000000000000E-002  0.405736849118440     
 -9.000000000000001E-003  0.382443308707952     
 -8.000000000000000E-003  0.692121700463048     
 -6.999999999999999E-003  0.511591789099975     
 -6.000000000000002E-003  0.762745191291072     
 -5.000000000000001E-003   1.77333366303433     
 -4.000000000000000E-003   9.33052620409830     
 -3.000000000000003E-003   20.8974844819179     
 -2.000000000000002E-003   22.4784258305224     
 -1.000000000000001E-003   17.7622058593908     
  0.000000000000000E+000   13.4319725721993     
  1.000000000000001E-003   13.5074615616565     
  1.999999999999998E-003   16.0724184488715     
  2.999999999999999E-003   5.59142469161976     
  4.000000000000000E-003   1.58392141580603     
  4.999999999999998E-003  0.617565893709293     
  5.999999999999998E-003  0.509033096736425     
  6.999999999999999E-003   1.07954364827701     
  8.000000000000000E-003  0.272433109935701     
  9.000000000000001E-003  0.470800228030802     
  1.000000000000000E-002  0.130132335111505     
  1.100000000000000E-002  0.437839038395060     
  1.200000000000000E-002  0.576454873227504     
  1.300000000000000E-002  0.192183942065201     
  1.400000000000000E-002  0.211074975184566     
  1.500000000000000E-002  0.249249398015877     
  1.600000000000000E-002  8.582361427835312E-002
  1.700000000000000E-002  9.431118714158911E-004
  1.800000000000000E-002  0.000000000000000E+000
  1.900000000000000E-002  0.000000000000000E+000
  2.000000000000000E-002  0.000000000000000E+000
  2.100000000000000E-002  0.000000000000000E+000
  2.200000000000000E-002  0.000000000000000E+000
  2.300000000000000E-002  0.000000000000000E+000
  2.400000000000000E-002  0.000000000000000E+000
  2.500000000000000E-002  0.000000000000000E+000
 -2.500000000000000E-002  0.000000000000000E+000
 -2.400000000000000E-002  0.000000000000000E+000
 -2.300000000000000E-002  0.000000000000000E+000
 -2.200000000000000E-002  0.000000000000000E+000
 -2.100000000000000E-002  0.000000000000000E+000
 -2.000000000000000E-002  0.000000000000000E+000
 -1.900000000000000E-002  0.000000000000000E+000
 -1.800000000000000E-002  0.000000000000000E+000
 -1.700000000000000E-002  0.000000000000000E+000
 -1.600000000000000E-002  0.000000000000000E+000
 -1.500000000000000E-002  0.266731177463288     
 -1.400000000000000E-002  0.909083048297469     
 -1.300000000000000E-002  0.528093103664443     
 -1.200000000000000E-002  0.220705802710672     
 -1.100000000000000E-002  0.459067553086661     
 -1.000000000000000E-002  0.719909810268202     
 -9.000000000000001E-003  0.491583494086941     
 -8.000000000000000E-003  0.160872461863919     
 -6.999999999999999E-003  0.109024359928124     
 -6.000000000000002E-003  0.166067850436274     
 -5.000000000000001E-003  0.000000000000000E+000
 -4.000000000000000E-003  5.736137976006053E-002
 -3.000000000000003E-003  1.624710345745121E-002
 -2.000000000000002E-003  0.000000000000000E+000
 -1.000000000000001E-003  0.000000000000000E+000
  0.000000000000000E+000  0.000000000000000E+000
  1.000000000000001E-003  1.400059651080518E-003
  1.999999999999998E-003  8.242225791640363E-003
  2.999999999999999E-003  3.848693176094235E-002
  4.000000000000000E-003  0.150160893058843     
  4.999999999999998E-003  9.121595525031034E-002
  5.999999999999998E-003  4.572369404120336E-002
  6.999999999999999E-003  0.258633473572092     
  8.000000000000000E-003  0.251023603651776     
  9.000000000000001E-003  0.605155367717636     
  1.000000000000000E-002  0.230897304209443     
  1.100000000000000E-002   1.06715652329717     
  1.200000000000000E-002   1.92914840612553     
  1.300000000000000E-002  0.885902290007904     
  1.400000000000000E-002   1.34856985753459     
  1.500000000000000E-002   2.22668307545077     
  1.600000000000000E-002   1.08391908829277     
  1.700000000000000E-002  1.705756249469976E-002
  1.800000000000000E-002  0.000000000000000E+000
  1.900000000000000E-002  0.000000000000000E+000
  2.000000000000000E-002  0.000000000000000E+000
  2.100000000000000E-002  0.000000000000000E+000
  2.200000000000000E-002  0.000000000000000E+000
  2.300000000000000E-002  0.000000000000000E+000
  2.400000000000000E-002  0.000000000000000E+000
  2.500000000000000E-002  0.000000000000000E+000
 -2.500000000000000E-002  0.000000000000000E+000
 -2.400000000000000E-002  0.000000000000000E+000
 -2.300000000000000E-002  0.000000000000000E+000
 -2.200000000000000E-002  0.000000000000000E+000
 -2.100000000000000E-002  0.000000000000000E+000
 -2.000000000000000E-002  0.000000000000000E+000
 -1.900000000000000E-002  0.000000000000000E+000
 -1.800000000000000E-002  0.000000000000000E+000
 -1.700000000000000E-002  0.000000000000000E+000
 -1.600000000000000E-002  0.000000000000000E+000
 -1.500000000000000E-002  0.000000000000000E+000
 -1.400000000000000E-002  0.000000000000000E+000
 -1.300000000000000E-002  0.000000000000000E+000
 -1.200000000000000E-002  0.000000000000000E+000
 -1.100000000000000E-002  0.000000000000000E+000
 -1.000000000000000E-002  0.000000000000000E+000
 -9.000000000000001E-003  0.000000000000000E+000
 -8.000000000000000E-003  0.000000000000000E+000
 -6.999999999999999E-003  0.000000000000000E+000
 -6.000000000000002E-003  0.000000000000000E+000
 -5.000000000000001E-003  0.000000000000000E+000
 -4.000000000000000E-003  0.000000000000000E+000
 -3.000000000000003E-003  0.000000000000000E+000
 -2.000000000000002E-003  0.000000000000000E+000
 -1.000000000000001E-003  0.000000000000000E+000
  0.000000000000000E+000  0.000000000000000E+000
  1.000000000000001E-003  0.000000000000000E+000
  1.999999999999998E-003  0.000000000000000E+000
  2.999999999999999E-003  0.000000000000000E+000
  4.000000000000000E-003  0.000000000000000E+000
  4.999999999999998E-003  0.000000000000000E+000
  5.999999999999998E-003  0.000000000000000E+000
  6.999999999999999E-003  0.000000000000000E+000
  8.000000000000000E-003  0.000000000000000E+000
  9.000000000000001E-003  0.000000000000000E+000
  1.000000000000000E-002  0.000000000000000E+000
  1.100000000000000E-002  0.000000000000000E+000
  1.200000000000000E-002  0.000000000000000E+000
  1.300000000000000E-002  0.000000000000000E+000
  1.400000000000000E-002  0.000000000000000E+000
  1.500000000000000E-002  0.000000000000000E+000
  1.600000000000000E-002  0.000000000000000E+000
  1.700000000000000E-002  0.000000000000000E+000
  1.800000000000000E-002  0.000000000000000E+000
  1.900000000000000E-002  0.000000000000000E+000
  2.000000000000000E-002  0.000000000000000E+000
  2.100000000000000E-002  0.000000000000000E+000
  2.200000000000000E-002  0.000000000000000E+000
  2.300000000000000E-002  0.000000000000000E+000
  2.400000000000000E-002  0.000000000000000E+000
  2.500000000000000E-002  0.000000000000000E+000
4
   99.0682285714285     
11
43
11
43
 0
 0
  135.06275000
