 -2.500000000000000E-002  0.000000000000000E+000
 -2.400000000000000E-002  0.000000000000000E+000
 -2.300000000000000E-002  0.000000000000000E+000
 -2.200000000000000E-002  0.000000000000000E+000
 -2.100000000000000E-002  0.000000000000000E+000
 -2.000000000000000E-002  0.000000000000000E+000
 -1.900000000000000E-002  3.742179084207862E-002
 -1.800000000000000E-002  7.924225258930562E-002
 -1.700000000000000E-002  2.882057035469572E-002
 -1.600000000000000E-002  0.205293638337491     
 -1.500000000000000E-002  0.331573259860274     
 -1.400000000000000E-002  6.781486796448974E-002
 -1.300000000000000E-002  9.949194328347012E-002
 -1.200000000000000E-002  0.152867129266833     
 -1.100000000000000E-002  0.439396305973653     
 -1.000000000000000E-002  0.704243763976777     
 -9.000000000000001E-003  0.784233759913710     
 -8.000000000000000E-003   6.78253888411226     
 -6.999999999999999E-003   10.3303644634757     
 -6.000000000000002E-003   7.29819761352529     
 -5.000000000000001E-003   5.09545605979570     
 -4.000000000000000E-003   6.50012765084551     
 -3.000000000000003E-003   8.59698391517756     
 -2.000000000000002E-003   8.33417310574954     
 -1.000000000000001E-003   6.79196245453261     
  0.000000000000000E+000   8.06736258410219     
  1.000000000000001E-003   11.9438532437943     
  1.999999999999998E-003   16.4380651613700     
  2.999999999999999E-003   16.0053477906605     
  4.000000000000000E-003   7.89824886722031     
  4.999999999999998E-003   3.59953681953559     
  5.999999999999998E-003   2.50310371965857     
  6.999999999999999E-003   3.95547385798884     
  8.000000000000000E-003   2.39539412463054     
  9.000000000000001E-003   1.83320583037685     
  1.000000000000000E-002   4.01063794147467     
  1.100000000000000E-002   1.98330290442684     
  1.200000000000000E-002  0.580767543866835     
  1.300000000000000E-002  0.000000000000000E+000
  1.400000000000000E-002  0.000000000000000E+000
  1.500000000000000E-002  0.000000000000000E+000
  1.600000000000000E-002  0.000000000000000E+000
  1.700000000000000E-002  0.000000000000000E+000
  1.800000000000000E-002  0.000000000000000E+000
  1.900000000000000E-002  0.000000000000000E+000
  2.000000000000000E-002  0.000000000000000E+000
  2.100000000000000E-002  0.000000000000000E+000
  2.200000000000000E-002  0.000000000000000E+000
  2.300000000000000E-002  0.000000000000000E+000
  2.400000000000000E-002  0.000000000000000E+000
  2.500000000000000E-002  0.000000000000000E+000
 -2.500000000000000E-002  0.000000000000000E+000
 -2.400000000000000E-002  0.000000000000000E+000
 -2.300000000000000E-002  0.000000000000000E+000
 -2.200000000000000E-002  0.000000000000000E+000
 -2.100000000000000E-002  0.000000000000000E+000
 -2.000000000000000E-002  0.000000000000000E+000
 -1.900000000000000E-002   1.45167740113968     
 -1.800000000000000E-002   2.08241855542894     
 -1.700000000000000E-002  0.521262317714295     
 -1.600000000000000E-002   2.59277933200727     
 -1.500000000000000E-002   2.96212777996713     
 -1.400000000000000E-002  0.433272995766700     
 -1.300000000000000E-002  0.458623855068286     
 -1.200000000000000E-002  0.511581031699786     
 -1.100000000000000E-002   1.07095209223754     
 -1.000000000000000E-002   1.24955866248936     
 -9.000000000000001E-003  0.418371066640483     
 -8.000000000000000E-003  5.778558750442499E-002
 -6.999999999999999E-003  0.125863339888432     
 -6.000000000000002E-003  3.776893024328837E-002
 -5.000000000000001E-003  4.448256249728517E-003
 -4.000000000000000E-003  4.284407507990176E-004
 -3.000000000000003E-003  0.000000000000000E+000
 -2.000000000000002E-003  0.000000000000000E+000
 -1.000000000000001E-003  0.000000000000000E+000
  0.000000000000000E+000  0.000000000000000E+000
  1.000000000000001E-003  9.189082581626947E-003
  1.999999999999998E-003  5.567866595027189E-002
  2.999999999999999E-003  0.220386293600795     
  4.000000000000000E-003  0.496568539774561     
  4.999999999999998E-003  0.763307975970593     
  5.999999999999998E-003  0.686250678778165     
  6.999999999999999E-003  0.966124624573626     
  8.000000000000000E-003  0.898445111109281     
  9.000000000000001E-003  9.127289917190914E-002
  1.000000000000000E-002  0.000000000000000E+000
  1.100000000000000E-002  0.000000000000000E+000
  1.200000000000000E-002  0.000000000000000E+000
  1.300000000000000E-002  0.000000000000000E+000
  1.400000000000000E-002  0.000000000000000E+000
  1.500000000000000E-002  0.000000000000000E+000
  1.600000000000000E-002  0.000000000000000E+000
  1.700000000000000E-002  0.000000000000000E+000
  1.800000000000000E-002  0.000000000000000E+000
  1.900000000000000E-002  0.000000000000000E+000
  2.000000000000000E-002  0.000000000000000E+000
  2.100000000000000E-002  0.000000000000000E+000
  2.200000000000000E-002  0.000000000000000E+000
  2.300000000000000E-002  0.000000000000000E+000
  2.400000000000000E-002  0.000000000000000E+000
  2.500000000000000E-002  0.000000000000000E+000
 -2.500000000000000E-002  0.000000000000000E+000
 -2.400000000000000E-002  0.000000000000000E+000
 -2.300000000000000E-002  0.000000000000000E+000
 -2.200000000000000E-002  0.000000000000000E+000
 -2.100000000000000E-002  0.000000000000000E+000
 -2.000000000000000E-002  0.000000000000000E+000
 -1.900000000000000E-002  0.000000000000000E+000
 -1.800000000000000E-002  0.000000000000000E+000
 -1.700000000000000E-002  0.000000000000000E+000
 -1.600000000000000E-002  0.000000000000000E+000
 -1.500000000000000E-002  0.000000000000000E+000
 -1.400000000000000E-002  0.000000000000000E+000
 -1.300000000000000E-002  0.000000000000000E+000
 -1.200000000000000E-002  0.000000000000000E+000
 -1.100000000000000E-002  0.000000000000000E+000
 -1.000000000000000E-002  0.000000000000000E+000
 -9.000000000000001E-003  0.000000000000000E+000
 -8.000000000000000E-003  0.000000000000000E+000
 -6.999999999999999E-003  0.000000000000000E+000
 -6.000000000000002E-003  0.000000000000000E+000
 -5.000000000000001E-003  0.000000000000000E+000
 -4.000000000000000E-003  0.000000000000000E+000
 -3.000000000000003E-003  0.000000000000000E+000
 -2.000000000000002E-003  0.000000000000000E+000
 -1.000000000000001E-003  0.000000000000000E+000
  0.000000000000000E+000  0.000000000000000E+000
  1.000000000000001E-003  1.375070179139015E-003
  1.999999999999998E-003  5.158760088022630E-002
  2.999999999999999E-003  0.114315037749754     
  4.000000000000000E-003  0.354162374639815     
  4.999999999999998E-003  0.282693333341693     
  5.999999999999998E-003  0.424874000332103     
  6.999999999999999E-003   1.59987540280203     
  8.000000000000000E-003   1.30870388584254     
  9.000000000000001E-003   2.26508608778940     
  1.000000000000000E-002   7.11618283075551     
  1.100000000000000E-002   4.83395596676701     
  1.200000000000000E-002   1.94358107393078     
  1.300000000000000E-002  0.000000000000000E+000
  1.400000000000000E-002  0.000000000000000E+000
  1.500000000000000E-002  0.000000000000000E+000
  1.600000000000000E-002  0.000000000000000E+000
  1.700000000000000E-002  0.000000000000000E+000
  1.800000000000000E-002  0.000000000000000E+000
  1.900000000000000E-002  0.000000000000000E+000
  2.000000000000000E-002  0.000000000000000E+000
  2.100000000000000E-002  0.000000000000000E+000
  2.200000000000000E-002  0.000000000000000E+000
  2.300000000000000E-002  0.000000000000000E+000
  2.400000000000000E-002  0.000000000000000E+000
  2.500000000000000E-002  0.000000000000000E+000
1
   81.9673142857143     
 7
38
 7
35
27
38
  183.27373000
