 -2.500000000000000E-002  0.000000000000000E+000
 -2.400000000000000E-002  0.000000000000000E+000
 -2.300000000000000E-002  0.000000000000000E+000
 -2.200000000000000E-002  0.000000000000000E+000
 -2.100000000000000E-002  0.000000000000000E+000
 -2.000000000000000E-002  0.000000000000000E+000
 -1.900000000000000E-002  0.000000000000000E+000
 -1.800000000000000E-002  0.000000000000000E+000
 -1.700000000000000E-002  0.000000000000000E+000
 -1.600000000000000E-002  0.000000000000000E+000
 -1.500000000000000E-002  0.000000000000000E+000
 -1.400000000000000E-002  0.000000000000000E+000
 -1.300000000000000E-002  0.000000000000000E+000
 -1.200000000000000E-002  0.134778665421760     
 -1.100000000000000E-002  5.837155593431822E-002
 -1.000000000000000E-002  0.437134598994256     
 -9.000000000000001E-003  0.595166324742166     
 -8.000000000000000E-003  0.546587153131516     
 -6.999999999999999E-003  0.712527736784773     
 -6.000000000000002E-003   1.02732986409338     
 -5.000000000000001E-003   1.73933586063493     
 -4.000000000000000E-003   8.85466223550304     
 -3.000000000000003E-003   28.5331187376277     
 -2.000000000000002E-003   35.6508398647932     
 -1.000000000000001E-003   32.4541102178245     
  0.000000000000000E+000   22.1047053713963     
  1.000000000000001E-003   19.4461522006965     
  1.999999999999998E-003   22.2987817723519     
  2.999999999999999E-003   17.9524376759577     
  4.000000000000000E-003   5.68015577756065     
  4.999999999999998E-003   1.41078061726808     
  5.999999999999998E-003  0.773707425680039     
  6.999999999999999E-003  0.601097909954578     
  8.000000000000000E-003  0.355930451106565     
  9.000000000000001E-003  0.696972753821968     
  1.000000000000000E-002  0.651575932036607     
  1.100000000000000E-002  0.242713352261609     
  1.200000000000000E-002  0.223925107710901     
  1.300000000000000E-002  0.370527538609804     
  1.400000000000000E-002  4.231268299544250E-002
  1.500000000000000E-002  7.886060818856924E-002
  1.600000000000000E-002  4.652161003391918E-002
  1.700000000000000E-002  6.743640773931055E-003
  1.800000000000000E-002  0.000000000000000E+000
  1.900000000000000E-002  0.000000000000000E+000
  2.000000000000000E-002  0.000000000000000E+000
  2.100000000000000E-002  0.000000000000000E+000
  2.200000000000000E-002  0.000000000000000E+000
  2.300000000000000E-002  0.000000000000000E+000
  2.400000000000000E-002  0.000000000000000E+000
  2.500000000000000E-002  0.000000000000000E+000
 -2.500000000000000E-002  0.000000000000000E+000
 -2.400000000000000E-002  0.000000000000000E+000
 -2.300000000000000E-002  0.000000000000000E+000
 -2.200000000000000E-002  0.000000000000000E+000
 -2.100000000000000E-002  0.000000000000000E+000
 -2.000000000000000E-002  0.000000000000000E+000
 -1.900000000000000E-002  0.000000000000000E+000
 -1.800000000000000E-002  0.000000000000000E+000
 -1.700000000000000E-002  0.000000000000000E+000
 -1.600000000000000E-002  0.000000000000000E+000
 -1.500000000000000E-002  0.000000000000000E+000
 -1.400000000000000E-002  0.000000000000000E+000
 -1.300000000000000E-002  0.000000000000000E+000
 -1.200000000000000E-002  0.451046664108085     
 -1.100000000000000E-002  0.142270517765271     
 -1.000000000000000E-002  0.308452851202880     
 -9.000000000000001E-003  0.432978955553281     
 -8.000000000000000E-003  0.149585324823220     
 -6.999999999999999E-003  3.013109508635501E-002
 -6.000000000000002E-003  0.179257963824552     
 -5.000000000000001E-003  8.208252424145004E-002
 -4.000000000000000E-003  9.771102586371788E-003
 -3.000000000000003E-003  2.868549531903809E-002
 -2.000000000000002E-003  1.103375657267576E-003
 -1.000000000000001E-003  0.000000000000000E+000
  0.000000000000000E+000  0.000000000000000E+000
  1.000000000000001E-003  1.406719217647826E-003
  1.999999999999998E-003  5.771241241876156E-003
  2.999999999999999E-003  1.644326136872382E-002
  4.000000000000000E-003  0.114970323562742     
  4.999999999999998E-003  0.254082257231439     
  5.999999999999998E-003  0.140095833911449     
  6.999999999999999E-003  9.006262231278045E-003
  8.000000000000000E-003  0.211671234928713     
  9.000000000000001E-003  0.895872130080428     
  1.000000000000000E-002   1.15610871092182     
  1.100000000000000E-002  0.591571592397830     
  1.200000000000000E-002  0.749381755094443     
  1.300000000000000E-002   1.70800531739563     
  1.400000000000000E-002  0.270338105354151     
  1.500000000000000E-002  0.704505539315510     
  1.600000000000000E-002  0.587549959971750     
  1.700000000000000E-002  0.121968641716322     
  1.800000000000000E-002  0.000000000000000E+000
  1.900000000000000E-002  0.000000000000000E+000
  2.000000000000000E-002  0.000000000000000E+000
  2.100000000000000E-002  0.000000000000000E+000
  2.200000000000000E-002  0.000000000000000E+000
  2.300000000000000E-002  0.000000000000000E+000
  2.400000000000000E-002  0.000000000000000E+000
  2.500000000000000E-002  0.000000000000000E+000
 -2.500000000000000E-002  0.000000000000000E+000
 -2.400000000000000E-002  0.000000000000000E+000
 -2.300000000000000E-002  0.000000000000000E+000
 -2.200000000000000E-002  0.000000000000000E+000
 -2.100000000000000E-002  0.000000000000000E+000
 -2.000000000000000E-002  0.000000000000000E+000
 -1.900000000000000E-002  0.000000000000000E+000
 -1.800000000000000E-002  0.000000000000000E+000
 -1.700000000000000E-002  0.000000000000000E+000
 -1.600000000000000E-002  0.000000000000000E+000
 -1.500000000000000E-002  0.000000000000000E+000
 -1.400000000000000E-002  0.000000000000000E+000
 -1.300000000000000E-002  0.000000000000000E+000
 -1.200000000000000E-002  0.000000000000000E+000
 -1.100000000000000E-002  0.000000000000000E+000
 -1.000000000000000E-002  0.000000000000000E+000
 -9.000000000000001E-003  0.000000000000000E+000
 -8.000000000000000E-003  0.000000000000000E+000
 -6.999999999999999E-003  0.000000000000000E+000
 -6.000000000000002E-003  0.000000000000000E+000
 -5.000000000000001E-003  0.000000000000000E+000
 -4.000000000000000E-003  0.000000000000000E+000
 -3.000000000000003E-003  0.000000000000000E+000
 -2.000000000000002E-003  0.000000000000000E+000
 -1.000000000000001E-003  0.000000000000000E+000
  0.000000000000000E+000  0.000000000000000E+000
  1.000000000000001E-003  0.000000000000000E+000
  1.999999999999998E-003  0.000000000000000E+000
  2.999999999999999E-003  0.000000000000000E+000
  4.000000000000000E-003  0.000000000000000E+000
  4.999999999999998E-003  0.000000000000000E+000
  5.999999999999998E-003  0.000000000000000E+000
  6.999999999999999E-003  0.000000000000000E+000
  8.000000000000000E-003  0.000000000000000E+000
  9.000000000000001E-003  0.000000000000000E+000
  1.000000000000000E-002  0.000000000000000E+000
  1.100000000000000E-002  0.000000000000000E+000
  1.200000000000000E-002  0.000000000000000E+000
  1.300000000000000E-002  0.000000000000000E+000
  1.400000000000000E-002  0.000000000000000E+000
  1.500000000000000E-002  0.000000000000000E+000
  1.600000000000000E-002  0.000000000000000E+000
  1.700000000000000E-002  0.000000000000000E+000
  1.800000000000000E-002  0.000000000000000E+000
  1.900000000000000E-002  0.000000000000000E+000
  2.000000000000000E-002  0.000000000000000E+000
  2.100000000000000E-002  0.000000000000000E+000
  2.200000000000000E-002  0.000000000000000E+000
  2.300000000000000E-002  0.000000000000000E+000
  2.400000000000000E-002  0.000000000000000E+000
  2.500000000000000E-002  0.000000000000000E+000
4
   105.116981818182     
14
43
14
43
 0
 0
  222.10748000
