 -2.500000000000000E-002  0.000000000000000E+000
 -2.400000000000000E-002  0.000000000000000E+000
 -2.300000000000000E-002  0.000000000000000E+000
 -2.200000000000000E-002  0.000000000000000E+000
 -2.100000000000000E-002  0.000000000000000E+000
 -2.000000000000000E-002  0.000000000000000E+000
 -1.900000000000000E-002  0.000000000000000E+000
 -1.800000000000000E-002  0.000000000000000E+000
 -1.700000000000000E-002  0.000000000000000E+000
 -1.600000000000000E-002  1.315819295531917E-002
 -1.500000000000000E-002  6.233418642470214E-002
 -1.400000000000000E-002  0.176117670990047     
 -1.300000000000000E-002  6.160128138975830E-002
 -1.200000000000000E-002  0.205515725670060     
 -1.100000000000000E-002  0.344599395278076     
 -1.000000000000000E-002  0.830892884120100     
 -9.000000000000001E-003  0.893290958217561     
 -8.000000000000000E-003   1.23710355170825     
 -6.999999999999999E-003   2.66193305823432     
 -6.000000000000002E-003   2.43502853970550     
 -5.000000000000001E-003   9.50363369064712     
 -4.000000000000000E-003   13.3391798017832     
 -3.000000000000003E-003   13.7411807505766     
 -2.000000000000002E-003   8.44055548360234     
 -1.000000000000001E-003   7.57192436887296     
  0.000000000000000E+000   7.08562930826532     
  1.000000000000001E-003   8.92833223362591     
  1.999999999999998E-003   4.52733004270604     
  2.999999999999999E-003   2.33950013912973     
  4.000000000000000E-003  0.943716621360560     
  4.999999999999998E-003   1.61835840405180     
  5.999999999999998E-003   1.61051249989347     
  6.999999999999999E-003  0.977091152961371     
  8.000000000000000E-003  0.352986070615204     
  9.000000000000001E-003  0.960504622994253     
  1.000000000000000E-002   1.23147448857080     
  1.100000000000000E-002  0.491207166743017     
  1.200000000000000E-002  0.226210107897564     
  1.300000000000000E-002  0.397352576493272     
  1.400000000000000E-002  0.331224847608345     
  1.500000000000000E-002  0.245082430130864     
  1.600000000000000E-002  4.074191026092016E-002
  1.700000000000000E-002  4.158916008613846E-002
  1.800000000000000E-002  2.514905060513684E-002
  1.900000000000000E-002  2.531573906954520E-002
  2.000000000000000E-002  8.742903411215277E-003
  2.100000000000000E-002  6.751647227799039E-003
  2.200000000000000E-002  2.611663007883473E-003
  2.300000000000000E-002  0.000000000000000E+000
  2.400000000000000E-002  0.000000000000000E+000
  2.500000000000000E-002  0.000000000000000E+000
 -2.500000000000000E-002  0.000000000000000E+000
 -2.400000000000000E-002  0.000000000000000E+000
 -2.300000000000000E-002  0.000000000000000E+000
 -2.200000000000000E-002  0.000000000000000E+000
 -2.100000000000000E-002  0.000000000000000E+000
 -2.000000000000000E-002  0.000000000000000E+000
 -1.900000000000000E-002  0.000000000000000E+000
 -1.800000000000000E-002  0.000000000000000E+000
 -1.700000000000000E-002  0.000000000000000E+000
 -1.600000000000000E-002  0.166182893037484     
 -1.500000000000000E-002  0.556865850183663     
 -1.400000000000000E-002   1.12522567996842     
 -1.300000000000000E-002  0.283960853670561     
 -1.200000000000000E-002  0.687773411282547     
 -1.100000000000000E-002  0.695737759921225     
 -1.000000000000000E-002  0.647440417879326     
 -9.000000000000001E-003  0.304307382091661     
 -8.000000000000000E-003  0.380528731169851     
 -6.999999999999999E-003  0.107226074595783     
 -6.000000000000002E-003  8.380289906909633E-002
 -5.000000000000001E-003  6.388587035592140E-002
 -4.000000000000000E-003  2.152761007091910E-002
 -3.000000000000003E-003  3.986504961659223E-002
 -2.000000000000002E-003  2.205363070493873E-003
 -1.000000000000001E-003  1.348017139099639E-003
  0.000000000000000E+000  0.000000000000000E+000
  1.000000000000001E-003  2.303671956899609E-003
  1.999999999999998E-003  7.784598580895984E-003
  2.999999999999999E-003  3.466908288476220E-002
  4.000000000000000E-003  8.214727093359180E-002
  4.999999999999998E-003  0.249425453074419     
  5.999999999999998E-003  0.259061197338511     
  6.999999999999999E-003  0.146930336932872     
  8.000000000000000E-003  4.858995305741350E-002
  9.000000000000001E-003  0.968420443737087     
  1.000000000000000E-002   1.11021066514840     
  1.100000000000000E-002  0.678084326551000     
  1.200000000000000E-002  0.568427109284424     
  1.300000000000000E-002   1.59403837354590     
  1.400000000000000E-002   1.29778934875649     
  1.500000000000000E-002   1.28062978280477     
  1.600000000000000E-002  0.379937741254776     
  1.700000000000000E-002  0.000000000000000E+000
  1.800000000000000E-002  0.000000000000000E+000
  1.900000000000000E-002  0.000000000000000E+000
  2.000000000000000E-002  0.000000000000000E+000
  2.100000000000000E-002  0.000000000000000E+000
  2.200000000000000E-002  0.000000000000000E+000
  2.300000000000000E-002  0.000000000000000E+000
  2.400000000000000E-002  0.000000000000000E+000
  2.500000000000000E-002  0.000000000000000E+000
 -2.500000000000000E-002  0.000000000000000E+000
 -2.400000000000000E-002  0.000000000000000E+000
 -2.300000000000000E-002  0.000000000000000E+000
 -2.200000000000000E-002  0.000000000000000E+000
 -2.100000000000000E-002  0.000000000000000E+000
 -2.000000000000000E-002  0.000000000000000E+000
 -1.900000000000000E-002  0.000000000000000E+000
 -1.800000000000000E-002  0.000000000000000E+000
 -1.700000000000000E-002  0.000000000000000E+000
 -1.600000000000000E-002  0.000000000000000E+000
 -1.500000000000000E-002  0.000000000000000E+000
 -1.400000000000000E-002  0.000000000000000E+000
 -1.300000000000000E-002  0.000000000000000E+000
 -1.200000000000000E-002  0.000000000000000E+000
 -1.100000000000000E-002  0.144163346072544     
 -1.000000000000000E-002  0.826835186763839     
 -9.000000000000001E-003  0.843907478721066     
 -8.000000000000000E-003  0.758182730074208     
 -6.999999999999999E-003  0.984431667567095     
 -6.000000000000002E-003  0.564765967253976     
 -5.000000000000001E-003  0.378303816883304     
 -4.000000000000000E-003  0.162471280711944     
 -3.000000000000003E-003  0.100589739806657     
 -2.000000000000002E-003  4.121924227740851E-002
 -1.000000000000001E-003  6.618575323780983E-003
  0.000000000000000E+000  0.000000000000000E+000
  1.000000000000001E-003  3.671269885708587E-003
  1.999999999999998E-003  1.889540458281333E-002
  2.999999999999999E-003  9.238588263620413E-002
  4.000000000000000E-003  4.491651684418024E-002
  4.999999999999998E-003  9.702651184414848E-005
  5.999999999999998E-003  0.276522782570655     
  6.999999999999999E-003  0.456648073446697     
  8.000000000000000E-003  0.154567650802018     
  9.000000000000001E-003  0.204975583679732     
  1.000000000000000E-002  0.526619481943743     
  1.100000000000000E-002  0.519147729780975     
  1.200000000000000E-002  0.188601566103046     
  1.300000000000000E-002  0.237621200470452     
  1.400000000000000E-002  0.818424783972983     
  1.500000000000000E-002  0.908827458042726     
  1.600000000000000E-002  0.134616843711717     
  1.700000000000000E-002  0.752201004750735     
  1.800000000000000E-002  0.660895518745338     
  1.900000000000000E-002  0.982055788176871     
  2.000000000000000E-002  0.509205166264490     
  2.100000000000000E-002  0.601012267771793     
  2.200000000000000E-002  0.361974421992525     
  2.300000000000000E-002  0.000000000000000E+000
  2.400000000000000E-002  0.000000000000000E+000
  2.500000000000000E-002  0.000000000000000E+000
4
   94.9881125000000     
10
48
10
42
15
48
  108.75941000
