 -2.500000000000000E-002  0.000000000000000E+000
 -2.400000000000000E-002  0.000000000000000E+000
 -2.300000000000000E-002  0.000000000000000E+000
 -2.200000000000000E-002  0.000000000000000E+000
 -2.100000000000000E-002  0.000000000000000E+000
 -2.000000000000000E-002  0.000000000000000E+000
 -1.900000000000000E-002  0.000000000000000E+000
 -1.800000000000000E-002  2.794188768896279E-002
 -1.700000000000000E-002  5.261681923345428E-002
 -1.600000000000000E-002  4.803308172026114E-003
 -1.500000000000000E-002  0.183222820409903     
 -1.400000000000000E-002  0.163460629119599     
 -1.300000000000000E-002  0.101834553810788     
 -1.200000000000000E-002  4.180013433359574E-002
 -1.100000000000000E-002  9.566223488294195E-002
 -1.000000000000000E-002  0.197571868687677     
 -9.000000000000001E-003  0.438736386626767     
 -8.000000000000000E-003  0.479898125207365     
 -6.999999999999999E-003  0.358023355806426     
 -6.000000000000002E-003   1.93815554655087     
 -5.000000000000001E-003   7.53055301654541     
 -4.000000000000000E-003   26.0268604116588     
 -3.000000000000003E-003   42.1255234542286     
 -2.000000000000002E-003   40.9168541549011     
 -1.000000000000001E-003   34.2503322275889     
  0.000000000000000E+000   31.7785893866421     
  1.000000000000001E-003   27.7297649293768     
  1.999999999999998E-003   30.7352703655205     
  2.999999999999999E-003   15.6280222427524     
  4.000000000000000E-003   7.14766794509282     
  4.999999999999998E-003   7.02513885803523     
  5.999999999999998E-003   8.19143792523160     
  6.999999999999999E-003   4.73737888446211     
  8.000000000000000E-003   4.51351346370255     
  9.000000000000001E-003   2.15040231158794     
  1.000000000000000E-002  0.595303323946984     
  1.100000000000000E-002   1.49562601731969     
  1.200000000000000E-002  0.781524615938635     
  1.300000000000000E-002  8.813892251540145E-002
  1.400000000000000E-002  0.000000000000000E+000
  1.500000000000000E-002  0.000000000000000E+000
  1.600000000000000E-002  0.000000000000000E+000
  1.700000000000000E-002  0.000000000000000E+000
  1.800000000000000E-002  0.000000000000000E+000
  1.900000000000000E-002  0.000000000000000E+000
  2.000000000000000E-002  0.000000000000000E+000
  2.100000000000000E-002  0.000000000000000E+000
  2.200000000000000E-002  0.000000000000000E+000
  2.300000000000000E-002  0.000000000000000E+000
  2.400000000000000E-002  0.000000000000000E+000
  2.500000000000000E-002  0.000000000000000E+000
 -2.500000000000000E-002  0.000000000000000E+000
 -2.400000000000000E-002  0.000000000000000E+000
 -2.300000000000000E-002  0.000000000000000E+000
 -2.200000000000000E-002  0.000000000000000E+000
 -2.100000000000000E-002  0.000000000000000E+000
 -2.000000000000000E-002  0.000000000000000E+000
 -1.900000000000000E-002  0.000000000000000E+000
 -1.800000000000000E-002  0.734288886243250     
 -1.700000000000000E-002  0.951652406834335     
 -1.600000000000000E-002  6.066392633763652E-002
 -1.500000000000000E-002   1.63683104750006     
 -1.400000000000000E-002   1.04435912941162     
 -1.300000000000000E-002  0.469422488962701     
 -1.200000000000000E-002  0.139887207603958     
 -1.100000000000000E-002  0.233160063485261     
 -1.000000000000000E-002  0.350557083514393     
 -9.000000000000001E-003  0.563941271844196     
 -8.000000000000000E-003  0.254428615184018     
 -6.999999999999999E-003  3.618335534137988E-002
 -6.000000000000002E-003  1.169524087410162E-002
 -5.000000000000001E-003  2.273624899567862E-002
 -4.000000000000000E-003  0.000000000000000E+000
 -3.000000000000003E-003  0.000000000000000E+000
 -2.000000000000002E-003  0.000000000000000E+000
 -1.000000000000001E-003  0.000000000000000E+000
  0.000000000000000E+000  0.000000000000000E+000
  1.000000000000001E-003  1.483474788058808E-003
  1.999999999999998E-003  1.441016172492303E-002
  2.999999999999999E-003  0.159386357996157     
  4.000000000000000E-003  0.164604732450918     
  4.999999999999998E-003  0.307231837704468     
  5.999999999999998E-003  0.280289428211842     
  6.999999999999999E-003  0.735890482752086     
  8.000000000000000E-003   1.02479813911686     
  9.000000000000001E-003  0.437876096873757     
  1.000000000000000E-002  0.000000000000000E+000
  1.100000000000000E-002  0.000000000000000E+000
  1.200000000000000E-002  0.000000000000000E+000
  1.300000000000000E-002  0.000000000000000E+000
  1.400000000000000E-002  0.000000000000000E+000
  1.500000000000000E-002  0.000000000000000E+000
  1.600000000000000E-002  0.000000000000000E+000
  1.700000000000000E-002  0.000000000000000E+000
  1.800000000000000E-002  0.000000000000000E+000
  1.900000000000000E-002  0.000000000000000E+000
  2.000000000000000E-002  0.000000000000000E+000
  2.100000000000000E-002  0.000000000000000E+000
  2.200000000000000E-002  0.000000000000000E+000
  2.300000000000000E-002  0.000000000000000E+000
  2.400000000000000E-002  0.000000000000000E+000
  2.500000000000000E-002  0.000000000000000E+000
 -2.500000000000000E-002  0.000000000000000E+000
 -2.400000000000000E-002  0.000000000000000E+000
 -2.300000000000000E-002  0.000000000000000E+000
 -2.200000000000000E-002  0.000000000000000E+000
 -2.100000000000000E-002  0.000000000000000E+000
 -2.000000000000000E-002  0.000000000000000E+000
 -1.900000000000000E-002  0.000000000000000E+000
 -1.800000000000000E-002  0.000000000000000E+000
 -1.700000000000000E-002  0.000000000000000E+000
 -1.600000000000000E-002  0.000000000000000E+000
 -1.500000000000000E-002  0.000000000000000E+000
 -1.400000000000000E-002  0.000000000000000E+000
 -1.300000000000000E-002  0.000000000000000E+000
 -1.200000000000000E-002  0.000000000000000E+000
 -1.100000000000000E-002  0.000000000000000E+000
 -1.000000000000000E-002  0.000000000000000E+000
 -9.000000000000001E-003  0.000000000000000E+000
 -8.000000000000000E-003  0.000000000000000E+000
 -6.999999999999999E-003  0.000000000000000E+000
 -6.000000000000002E-003  0.000000000000000E+000
 -5.000000000000001E-003  0.000000000000000E+000
 -4.000000000000000E-003  0.000000000000000E+000
 -3.000000000000003E-003  0.000000000000000E+000
 -2.000000000000002E-003  0.000000000000000E+000
 -1.000000000000001E-003  0.000000000000000E+000
  0.000000000000000E+000  0.000000000000000E+000
  1.000000000000001E-003  6.807272717403966E-004
  1.999999999999998E-003  2.498371490343471E-003
  2.999999999999999E-003  3.723674998809132E-002
  4.000000000000000E-003  0.145602276464981     
  4.999999999999998E-003  0.145757897373242     
  5.999999999999998E-003  0.233490598550991     
  6.999999999999999E-003  0.306608901733885     
  8.000000000000000E-003  0.799814354731405     
  9.000000000000001E-003   1.23673163758082     
  1.000000000000000E-002   1.05626270802335     
  1.100000000000000E-002   3.64532835319163     
  1.200000000000000E-002   2.61542930280834     
  1.300000000000000E-002  0.406290309461613     
  1.400000000000000E-002  0.000000000000000E+000
  1.500000000000000E-002  0.000000000000000E+000
  1.600000000000000E-002  0.000000000000000E+000
  1.700000000000000E-002  0.000000000000000E+000
  1.800000000000000E-002  0.000000000000000E+000
  1.900000000000000E-002  0.000000000000000E+000
  2.000000000000000E-002  0.000000000000000E+000
  2.100000000000000E-002  0.000000000000000E+000
  2.200000000000000E-002  0.000000000000000E+000
  2.300000000000000E-002  0.000000000000000E+000
  2.400000000000000E-002  0.000000000000000E+000
  2.500000000000000E-002  0.000000000000000E+000
1
   105.665047826087     
 8
39
 8
35
27
39
  394.74753000
