 -2.500000000000000E-002  0.000000000000000E+000
 -2.400000000000000E-002  0.000000000000000E+000
 -2.300000000000000E-002  0.000000000000000E+000
 -2.200000000000000E-002  0.000000000000000E+000
 -2.100000000000000E-002  0.000000000000000E+000
 -2.000000000000000E-002  0.000000000000000E+000
 -1.900000000000000E-002  0.000000000000000E+000
 -1.800000000000000E-002  0.000000000000000E+000
 -1.700000000000000E-002  0.000000000000000E+000
 -1.600000000000000E-002  0.000000000000000E+000
 -1.500000000000000E-002  0.000000000000000E+000
 -1.400000000000000E-002  0.102842036471774     
 -1.300000000000000E-002  0.207478929970422     
 -1.200000000000000E-002  0.112513798682501     
 -1.100000000000000E-002  0.566953283648171     
 -1.000000000000000E-002  0.131534303988583     
 -9.000000000000001E-003  0.527176777611787     
 -8.000000000000000E-003  0.705476492960912     
 -6.999999999999999E-003   1.48798286792994     
 -6.000000000000002E-003   4.24849120706790     
 -5.000000000000001E-003   7.80146811422990     
 -4.000000000000000E-003   16.4360641203285     
 -3.000000000000003E-003   20.6185188723465     
 -2.000000000000002E-003   20.7530859843059     
 -1.000000000000001E-003   15.5923172272510     
  0.000000000000000E+000   13.2054223276772     
  1.000000000000001E-003   9.50651906235156     
  1.999999999999998E-003   4.73679366182313     
  2.999999999999999E-003   2.06975352902780     
  4.000000000000000E-003   2.46247978796935     
  4.999999999999998E-003  0.920006016844838     
  5.999999999999998E-003  0.759757755099185     
  6.999999999999999E-003  0.476618204806938     
  8.000000000000000E-003  0.875161484347687     
  9.000000000000001E-003  0.467828092418760     
  1.000000000000000E-002  0.631960264833241     
  1.100000000000000E-002  0.176875324362137     
  1.200000000000000E-002  0.468869591800051     
  1.300000000000000E-002  0.473357854629668     
  1.400000000000000E-002  0.775367415036067     
  1.500000000000000E-002  0.301818541365509     
  1.600000000000000E-002  0.242381183799812     
  1.700000000000000E-002  1.163671262533428E-002
  1.800000000000000E-002  0.000000000000000E+000
  1.900000000000000E-002  0.000000000000000E+000
  2.000000000000000E-002  0.000000000000000E+000
  2.100000000000000E-002  0.000000000000000E+000
  2.200000000000000E-002  0.000000000000000E+000
  2.300000000000000E-002  0.000000000000000E+000
  2.400000000000000E-002  0.000000000000000E+000
  2.500000000000000E-002  0.000000000000000E+000
 -2.500000000000000E-002  0.000000000000000E+000
 -2.400000000000000E-002  0.000000000000000E+000
 -2.300000000000000E-002  0.000000000000000E+000
 -2.200000000000000E-002  0.000000000000000E+000
 -2.100000000000000E-002  0.000000000000000E+000
 -2.000000000000000E-002  0.000000000000000E+000
 -1.900000000000000E-002  0.000000000000000E+000
 -1.800000000000000E-002  0.000000000000000E+000
 -1.700000000000000E-002  0.000000000000000E+000
 -1.600000000000000E-002  0.000000000000000E+000
 -1.500000000000000E-002  0.000000000000000E+000
 -1.400000000000000E-002  0.000000000000000E+000
 -1.300000000000000E-002  0.000000000000000E+000
 -1.200000000000000E-002  0.000000000000000E+000
 -1.100000000000000E-002  0.000000000000000E+000
 -1.000000000000000E-002  0.000000000000000E+000
 -9.000000000000001E-003  0.000000000000000E+000
 -8.000000000000000E-003  0.000000000000000E+000
 -6.999999999999999E-003  0.000000000000000E+000
 -6.000000000000002E-003  0.000000000000000E+000
 -5.000000000000001E-003  0.000000000000000E+000
 -4.000000000000000E-003  0.000000000000000E+000
 -3.000000000000003E-003  0.000000000000000E+000
 -2.000000000000002E-003  0.000000000000000E+000
 -1.000000000000001E-003  0.000000000000000E+000
  0.000000000000000E+000  0.000000000000000E+000
  1.000000000000001E-003  0.000000000000000E+000
  1.999999999999998E-003  0.000000000000000E+000
  2.999999999999999E-003  0.000000000000000E+000
  4.000000000000000E-003  0.000000000000000E+000
  4.999999999999998E-003  0.000000000000000E+000
  5.999999999999998E-003  0.000000000000000E+000
  6.999999999999999E-003  0.000000000000000E+000
  8.000000000000000E-003  0.000000000000000E+000
  9.000000000000001E-003  0.000000000000000E+000
  1.000000000000000E-002  0.000000000000000E+000
  1.100000000000000E-002  0.000000000000000E+000
  1.200000000000000E-002  0.000000000000000E+000
  1.300000000000000E-002  0.000000000000000E+000
  1.400000000000000E-002  0.000000000000000E+000
  1.500000000000000E-002  0.000000000000000E+000
  1.600000000000000E-002  0.000000000000000E+000
  1.700000000000000E-002  0.000000000000000E+000
  1.800000000000000E-002  0.000000000000000E+000
  1.900000000000000E-002  0.000000000000000E+000
  2.000000000000000E-002  0.000000000000000E+000
  2.100000000000000E-002  0.000000000000000E+000
  2.200000000000000E-002  0.000000000000000E+000
  2.300000000000000E-002  0.000000000000000E+000
  2.400000000000000E-002  0.000000000000000E+000
  2.500000000000000E-002  0.000000000000000E+000
 -2.500000000000000E-002  0.000000000000000E+000
 -2.400000000000000E-002  0.000000000000000E+000
 -2.300000000000000E-002  0.000000000000000E+000
 -2.200000000000000E-002  0.000000000000000E+000
 -2.100000000000000E-002  0.000000000000000E+000
 -2.000000000000000E-002  0.000000000000000E+000
 -1.900000000000000E-002  0.000000000000000E+000
 -1.800000000000000E-002  0.000000000000000E+000
 -1.700000000000000E-002  0.000000000000000E+000
 -1.600000000000000E-002  0.000000000000000E+000
 -1.500000000000000E-002  0.000000000000000E+000
 -1.400000000000000E-002  0.657063540346435     
 -1.300000000000000E-002  0.956406956866497     
 -1.200000000000000E-002  0.376535658689475     
 -1.100000000000000E-002   1.38185004532187     
 -1.000000000000000E-002  0.233384855316750     
 -9.000000000000001E-003  0.661481887292073     
 -8.000000000000000E-003  0.183754451924306     
 -6.999999999999999E-003  6.082340760419715E-002
 -6.000000000000002E-003  5.780450216801415E-002
 -5.000000000000001E-003  3.195343901095232E-002
 -4.000000000000000E-003  0.126587355566936     
 -3.000000000000003E-003  1.708043321935719E-002
 -2.000000000000002E-003  9.455599346029818E-003
 -1.000000000000001E-003  1.106010456406840E-003
  0.000000000000000E+000  0.000000000000000E+000
  1.000000000000001E-003  1.025446495906857E-002
  1.999999999999998E-003  4.264910281208467E-002
  2.999999999999999E-003  7.790073376597687E-002
  4.000000000000000E-003  0.159073374549002     
  4.999999999999998E-003  3.335528300701814E-002
  5.999999999999998E-003  7.089618778557594E-002
  6.999999999999999E-003  3.817091019083377E-002
  8.000000000000000E-003  0.225275176794957     
  9.000000000000001E-003  0.599208499320134     
  1.000000000000000E-002   1.12130410472117     
  1.100000000000000E-002  0.431102847510473     
  1.200000000000000E-002   1.56910639099553     
  1.300000000000000E-002   2.18201792981945     
  1.400000000000000E-002   4.95386591194827     
  1.500000000000000E-002   2.69631238135631     
  1.600000000000000E-002   3.06118070152027     
  1.700000000000000E-002  0.210467028202606     
  1.800000000000000E-002  0.000000000000000E+000
  1.900000000000000E-002  0.000000000000000E+000
  2.000000000000000E-002  0.000000000000000E+000
  2.100000000000000E-002  0.000000000000000E+000
  2.200000000000000E-002  0.000000000000000E+000
  2.300000000000000E-002  0.000000000000000E+000
  2.400000000000000E-002  0.000000000000000E+000
  2.500000000000000E-002  0.000000000000000E+000
4
   93.5091777777778     
12
43
 0
 0
12
43
  148.70750000
