 -2.500000000000000E-002  0.000000000000000E+000
 -2.400000000000000E-002  0.000000000000000E+000
 -2.300000000000000E-002  0.000000000000000E+000
 -2.200000000000000E-002  0.000000000000000E+000
 -2.100000000000000E-002  0.000000000000000E+000
 -2.000000000000000E-002  0.000000000000000E+000
 -1.900000000000000E-002  0.000000000000000E+000
 -1.800000000000000E-002  2.657351888154978E-002
 -1.700000000000000E-002  5.457254671212101E-002
 -1.600000000000000E-002  4.625630702730758E-003
 -1.500000000000000E-002  0.174551307683651     
 -1.400000000000000E-002  0.174983132601357     
 -1.300000000000000E-002  0.103729450536934     
 -1.200000000000000E-002  3.901376974782311E-002
 -1.100000000000000E-002  8.610498325714883E-002
 -1.000000000000000E-002  0.201761321445618     
 -9.000000000000001E-003  0.460949761989530     
 -8.000000000000000E-003  0.425167401071900     
 -6.999999999999999E-003  0.335590140524248     
 -6.000000000000002E-003  0.475758468984507     
 -5.000000000000001E-003   4.58129669453504     
 -4.000000000000000E-003   12.3957616869064     
 -3.000000000000003E-003   19.0511054272787     
 -2.000000000000002E-003   17.5637608672606     
 -1.000000000000001E-003   15.4099672674373     
  0.000000000000000E+000   17.0759718094711     
  1.000000000000001E-003   18.3816498172795     
  1.999999999999998E-003   11.9214593188129     
  2.999999999999999E-003   4.07063835526309     
  4.000000000000000E-003   2.73008652209276     
  4.999999999999998E-003   1.79822784417900     
  5.999999999999998E-003   1.89642619573196     
  6.999999999999999E-003   1.86334290520093     
  8.000000000000000E-003   2.13201113871008     
  9.000000000000001E-003  0.605456848587949     
  1.000000000000000E-002  0.876604080624788     
  1.100000000000000E-002   1.73491287914388     
  1.200000000000000E-002  0.637605273536527     
  1.300000000000000E-002  0.119155204696068     
  1.400000000000000E-002  0.000000000000000E+000
  1.500000000000000E-002  0.000000000000000E+000
  1.600000000000000E-002  0.000000000000000E+000
  1.700000000000000E-002  0.000000000000000E+000
  1.800000000000000E-002  0.000000000000000E+000
  1.900000000000000E-002  0.000000000000000E+000
  2.000000000000000E-002  0.000000000000000E+000
  2.100000000000000E-002  0.000000000000000E+000
  2.200000000000000E-002  0.000000000000000E+000
  2.300000000000000E-002  0.000000000000000E+000
  2.400000000000000E-002  0.000000000000000E+000
  2.500000000000000E-002  0.000000000000000E+000
 -2.500000000000000E-002  0.000000000000000E+000
 -2.400000000000000E-002  0.000000000000000E+000
 -2.300000000000000E-002  0.000000000000000E+000
 -2.200000000000000E-002  0.000000000000000E+000
 -2.100000000000000E-002  0.000000000000000E+000
 -2.000000000000000E-002  0.000000000000000E+000
 -1.900000000000000E-002  0.000000000000000E+000
 -1.800000000000000E-002  0.698329325502398     
 -1.700000000000000E-002  0.987024608903933     
 -1.600000000000000E-002  5.841992855045216E-002
 -1.500000000000000E-002   1.55936361616500     
 -1.400000000000000E-002   1.11797705055669     
 -1.300000000000000E-002  0.478157315249342     
 -1.200000000000000E-002  0.130562434669987     
 -1.100000000000000E-002  0.209865924491526     
 -1.000000000000000E-002  0.357990542286131     
 -9.000000000000001E-003  0.592493813953464     
 -8.000000000000000E-003  0.261191172883046     
 -6.999999999999999E-003  2.868776890525483E-002
 -6.000000000000002E-003  1.462967408551953E-002
 -5.000000000000001E-003  2.140041560230482E-002
 -4.000000000000000E-003  0.000000000000000E+000
 -3.000000000000003E-003  0.000000000000000E+000
 -2.000000000000002E-003  0.000000000000000E+000
 -1.000000000000001E-003  0.000000000000000E+000
  0.000000000000000E+000  0.000000000000000E+000
  1.000000000000001E-003  2.731708107838530E-003
  1.999999999999998E-003  4.976300594730381E-003
  2.999999999999999E-003  6.171067028597637E-002
  4.000000000000000E-003  0.180758084006730     
  4.999999999999998E-003  0.271379411733037     
  5.999999999999998E-003  0.578362698829554     
  6.999999999999999E-003  0.916766414920532     
  8.000000000000000E-003  0.838426633084859     
  9.000000000000001E-003  0.163033291952334     
  1.000000000000000E-002  0.000000000000000E+000
  1.100000000000000E-002  0.000000000000000E+000
  1.200000000000000E-002  0.000000000000000E+000
  1.300000000000000E-002  0.000000000000000E+000
  1.400000000000000E-002  0.000000000000000E+000
  1.500000000000000E-002  0.000000000000000E+000
  1.600000000000000E-002  0.000000000000000E+000
  1.700000000000000E-002  0.000000000000000E+000
  1.800000000000000E-002  0.000000000000000E+000
  1.900000000000000E-002  0.000000000000000E+000
  2.000000000000000E-002  0.000000000000000E+000
  2.100000000000000E-002  0.000000000000000E+000
  2.200000000000000E-002  0.000000000000000E+000
  2.300000000000000E-002  0.000000000000000E+000
  2.400000000000000E-002  0.000000000000000E+000
  2.500000000000000E-002  0.000000000000000E+000
 -2.500000000000000E-002  0.000000000000000E+000
 -2.400000000000000E-002  0.000000000000000E+000
 -2.300000000000000E-002  0.000000000000000E+000
 -2.200000000000000E-002  0.000000000000000E+000
 -2.100000000000000E-002  0.000000000000000E+000
 -2.000000000000000E-002  0.000000000000000E+000
 -1.900000000000000E-002  0.000000000000000E+000
 -1.800000000000000E-002  0.000000000000000E+000
 -1.700000000000000E-002  0.000000000000000E+000
 -1.600000000000000E-002  0.000000000000000E+000
 -1.500000000000000E-002  0.000000000000000E+000
 -1.400000000000000E-002  0.000000000000000E+000
 -1.300000000000000E-002  0.000000000000000E+000
 -1.200000000000000E-002  0.000000000000000E+000
 -1.100000000000000E-002  0.000000000000000E+000
 -1.000000000000000E-002  0.000000000000000E+000
 -9.000000000000001E-003  0.000000000000000E+000
 -8.000000000000000E-003  0.000000000000000E+000
 -6.999999999999999E-003  0.000000000000000E+000
 -6.000000000000002E-003  0.000000000000000E+000
 -5.000000000000001E-003  0.000000000000000E+000
 -4.000000000000000E-003  0.000000000000000E+000
 -3.000000000000003E-003  0.000000000000000E+000
 -2.000000000000002E-003  0.000000000000000E+000
 -1.000000000000001E-003  0.000000000000000E+000
  0.000000000000000E+000  0.000000000000000E+000
  1.000000000000001E-003  7.091609359320330E-004
  1.999999999999998E-003  2.375158649485040E-003
  2.999999999999999E-003  7.415579887530808E-002
  4.000000000000000E-003  0.150246050332328     
  4.999999999999998E-003  0.196358003031293     
  5.999999999999998E-003  0.143922114354752     
  6.999999999999999E-003  0.163921043542435     
  8.000000000000000E-003   1.12603766859654     
  9.000000000000001E-003  0.615206479461774     
  1.000000000000000E-002   1.55538221074592     
  1.100000000000000E-002   4.22854847095689     
  1.200000000000000E-002   2.13379269446262     
  1.300000000000000E-002  0.549264769846352     
  1.400000000000000E-002  0.000000000000000E+000
  1.500000000000000E-002  0.000000000000000E+000
  1.600000000000000E-002  0.000000000000000E+000
  1.700000000000000E-002  0.000000000000000E+000
  1.800000000000000E-002  0.000000000000000E+000
  1.900000000000000E-002  0.000000000000000E+000
  2.000000000000000E-002  0.000000000000000E+000
  2.100000000000000E-002  0.000000000000000E+000
  2.200000000000000E-002  0.000000000000000E+000
  2.300000000000000E-002  0.000000000000000E+000
  2.400000000000000E-002  0.000000000000000E+000
  2.500000000000000E-002  0.000000000000000E+000
1
   88.8764111111111     
 8
39
 8
35
27
39
  160.22316000
