 -2.500000000000000E-002  0.000000000000000E+000
 -2.400000000000000E-002  0.000000000000000E+000
 -2.300000000000000E-002  0.000000000000000E+000
 -2.200000000000000E-002  0.000000000000000E+000
 -2.100000000000000E-002  0.000000000000000E+000
 -2.000000000000000E-002  5.274557569319929E-003
 -1.900000000000000E-002  2.809815900621825E-002
 -1.800000000000000E-002  2.454635850636809E-002
 -1.700000000000000E-002  2.895742177624006E-002
 -1.600000000000000E-002  5.930041632788412E-002
 -1.500000000000000E-002  0.157568969665824     
 -1.400000000000000E-002  0.127447119803199     
 -1.300000000000000E-002  4.722329656309186E-002
 -1.200000000000000E-002  8.655391281463705E-002
 -1.100000000000000E-002  0.810994655291534     
 -1.000000000000000E-002  0.822840834443436     
 -9.000000000000001E-003  0.980196203407321     
 -8.000000000000000E-003   2.82870083239981     
 -6.999999999999999E-003   4.35695288517346     
 -6.000000000000002E-003   3.24908614865721     
 -5.000000000000001E-003   4.55999295114614     
 -4.000000000000000E-003   5.62546147836771     
 -3.000000000000003E-003   26.8847410052869     
 -2.000000000000002E-003   70.9337735512836     
 -1.000000000000001E-003   89.4938484342017     
  0.000000000000000E+000   68.7382747304759     
  1.000000000000001E-003   57.9546458290522     
  1.999999999999998E-003   33.5958733661237     
  2.999999999999999E-003   35.2814402034849     
  4.000000000000000E-003   3.97996627467894     
  4.999999999999998E-003   2.22274552320322     
  5.999999999999998E-003   2.34273404429738     
  6.999999999999999E-003  0.461246472648244     
  8.000000000000000E-003   1.30234891956161     
  9.000000000000001E-003   1.99230846433641     
  1.000000000000000E-002   2.33648051229838     
  1.100000000000000E-002   2.00671505289801     
  1.200000000000000E-002  0.655065075291208     
  1.300000000000000E-002  0.415345996423877     
  1.400000000000000E-002  9.402744390052988E-002
  1.500000000000000E-002  0.000000000000000E+000
  1.600000000000000E-002  0.000000000000000E+000
  1.700000000000000E-002  0.000000000000000E+000
  1.800000000000000E-002  0.000000000000000E+000
  1.900000000000000E-002  0.000000000000000E+000
  2.000000000000000E-002  0.000000000000000E+000
  2.100000000000000E-002  0.000000000000000E+000
  2.200000000000000E-002  0.000000000000000E+000
  2.300000000000000E-002  0.000000000000000E+000
  2.400000000000000E-002  0.000000000000000E+000
  2.500000000000000E-002  0.000000000000000E+000
 -2.500000000000000E-002  0.000000000000000E+000
 -2.400000000000000E-002  0.000000000000000E+000
 -2.300000000000000E-002  0.000000000000000E+000
 -2.200000000000000E-002  0.000000000000000E+000
 -2.100000000000000E-002  0.000000000000000E+000
 -2.000000000000000E-002  0.307201376674461     
 -1.900000000000000E-002   1.08999226186394     
 -1.800000000000000E-002  0.645057286379695     
 -1.700000000000000E-002  0.523737476543519     
 -1.600000000000000E-002  0.748941346061604     
 -1.500000000000000E-002   1.40765097434160     
 -1.400000000000000E-002  0.814266798069774     
 -1.300000000000000E-002  0.217683257598974     
 -1.200000000000000E-002  0.289659001433034     
 -1.100000000000000E-002  0.310897001592173     
 -1.000000000000000E-002  0.311494470710844     
 -9.000000000000001E-003  1.349031060885017E-002
 -8.000000000000000E-003  0.000000000000000E+000
 -6.999999999999999E-003  0.000000000000000E+000
 -6.000000000000002E-003  0.000000000000000E+000
 -5.000000000000001E-003  0.000000000000000E+000
 -4.000000000000000E-003  0.000000000000000E+000
 -3.000000000000003E-003  0.000000000000000E+000
 -2.000000000000002E-003  0.000000000000000E+000
 -1.000000000000001E-003  0.000000000000000E+000
  0.000000000000000E+000  0.000000000000000E+000
  1.000000000000001E-003  2.342250034437990E-004
  1.999999999999998E-003  1.265783436378430E-002
  2.999999999999999E-003  3.340238778228453E-002
  4.000000000000000E-003  0.116231089880561     
  4.999999999999998E-003  0.318315056466035     
  5.999999999999998E-003  0.333353788777274     
  6.999999999999999E-003  0.214504630904508     
  8.000000000000000E-003  0.594209294809944     
  9.000000000000001E-003   1.30340786663582     
  1.000000000000000E-002   2.71337054508151     
  1.100000000000000E-002  0.227242912233711     
  1.200000000000000E-002  0.000000000000000E+000
  1.300000000000000E-002  0.000000000000000E+000
  1.400000000000000E-002  0.000000000000000E+000
  1.500000000000000E-002  0.000000000000000E+000
  1.600000000000000E-002  0.000000000000000E+000
  1.700000000000000E-002  0.000000000000000E+000
  1.800000000000000E-002  0.000000000000000E+000
  1.900000000000000E-002  0.000000000000000E+000
  2.000000000000000E-002  0.000000000000000E+000
  2.100000000000000E-002  0.000000000000000E+000
  2.200000000000000E-002  0.000000000000000E+000
  2.300000000000000E-002  0.000000000000000E+000
  2.400000000000000E-002  0.000000000000000E+000
  2.500000000000000E-002  0.000000000000000E+000
 -2.500000000000000E-002  0.000000000000000E+000
 -2.400000000000000E-002  0.000000000000000E+000
 -2.300000000000000E-002  0.000000000000000E+000
 -2.200000000000000E-002  0.000000000000000E+000
 -2.100000000000000E-002  0.000000000000000E+000
 -2.000000000000000E-002  0.000000000000000E+000
 -1.900000000000000E-002  0.000000000000000E+000
 -1.800000000000000E-002  0.000000000000000E+000
 -1.700000000000000E-002  0.000000000000000E+000
 -1.600000000000000E-002  0.000000000000000E+000
 -1.500000000000000E-002  0.000000000000000E+000
 -1.400000000000000E-002  0.000000000000000E+000
 -1.300000000000000E-002  0.000000000000000E+000
 -1.200000000000000E-002  0.000000000000000E+000
 -1.100000000000000E-002  0.000000000000000E+000
 -1.000000000000000E-002  0.000000000000000E+000
 -9.000000000000001E-003  0.000000000000000E+000
 -8.000000000000000E-003  0.000000000000000E+000
 -6.999999999999999E-003  0.000000000000000E+000
 -6.000000000000002E-003  0.000000000000000E+000
 -5.000000000000001E-003  0.000000000000000E+000
 -4.000000000000000E-003  0.000000000000000E+000
 -3.000000000000003E-003  0.000000000000000E+000
 -2.000000000000002E-003  0.000000000000000E+000
 -1.000000000000001E-003  0.000000000000000E+000
  0.000000000000000E+000  0.000000000000000E+000
  1.000000000000001E-003  0.000000000000000E+000
  1.999999999999998E-003  0.000000000000000E+000
  2.999999999999999E-003  0.000000000000000E+000
  4.000000000000000E-003  1.191101824241147E-002
  4.999999999999998E-003  2.953703664627772E-002
  5.999999999999998E-003  0.269248390231133     
  6.999999999999999E-003  8.471576693781295E-002
  8.000000000000000E-003  0.571505298893221     
  9.000000000000001E-003   1.22685549139595     
  1.000000000000000E-002   1.43230970545217     
  1.100000000000000E-002   4.66377609545582     
  1.200000000000000E-002   2.19222319837653     
  1.300000000000000E-002   1.91460309026595     
  1.400000000000000E-002  0.600746613919539     
  1.500000000000000E-002  0.000000000000000E+000
  1.600000000000000E-002  0.000000000000000E+000
  1.700000000000000E-002  0.000000000000000E+000
  1.800000000000000E-002  0.000000000000000E+000
  1.900000000000000E-002  0.000000000000000E+000
  2.000000000000000E-002  0.000000000000000E+000
  2.100000000000000E-002  0.000000000000000E+000
  2.200000000000000E-002  0.000000000000000E+000
  2.300000000000000E-002  0.000000000000000E+000
  2.400000000000000E-002  0.000000000000000E+000
  2.500000000000000E-002  0.000000000000000E+000
1
   105.205213043478     
 6
40
 6
37
30
40
  468.60837000
