 -2.500000000000000E-002  0.000000000000000E+000
 -2.400000000000000E-002  0.000000000000000E+000
 -2.300000000000000E-002  0.000000000000000E+000
 -2.200000000000000E-002  0.000000000000000E+000
 -2.100000000000000E-002  0.000000000000000E+000
 -2.000000000000000E-002  0.000000000000000E+000
 -1.900000000000000E-002  0.000000000000000E+000
 -1.800000000000000E-002  0.000000000000000E+000
 -1.700000000000000E-002  0.000000000000000E+000
 -1.600000000000000E-002  0.000000000000000E+000
 -1.500000000000000E-002  0.000000000000000E+000
 -1.400000000000000E-002  0.000000000000000E+000
 -1.300000000000000E-002  7.622868650997483E-002
 -1.200000000000000E-002  0.662185869985720     
 -1.100000000000000E-002   1.39609421664942     
 -1.000000000000000E-002   1.65140806675314     
 -9.000000000000001E-003   2.29832007346750     
 -8.000000000000000E-003   3.33115124485749     
 -6.999999999999999E-003   4.08062014989529     
 -6.000000000000002E-003   5.00325300738121     
 -5.000000000000001E-003   7.13654047036527     
 -4.000000000000000E-003   9.26340446277426     
 -3.000000000000003E-003   7.00653603936082     
 -2.000000000000002E-003   6.92644315996020     
 -1.000000000000001E-003   6.00866414690266     
  0.000000000000000E+000   5.68919691034000     
  1.000000000000001E-003   5.09256064755466     
  1.999999999999998E-003   5.49834185925730     
  2.999999999999999E-003   7.58683501927165     
  4.000000000000000E-003   8.97061263477961     
  4.999999999999998E-003   9.83771428933117     
  5.999999999999998E-003   9.97345897977592     
  6.999999999999999E-003   7.71055437924386     
  8.000000000000000E-003   5.88463668055126     
  9.000000000000001E-003  0.996596394529354     
  1.000000000000000E-002  0.877644991932607     
  1.100000000000000E-002  0.238670539554099     
  1.200000000000000E-002  0.263502463526582     
  1.300000000000000E-002  0.224886785560235     
  1.400000000000000E-002  0.181039692947804     
  1.500000000000000E-002  9.903518590346203E-002
  1.600000000000000E-002  0.000000000000000E+000
  1.700000000000000E-002  0.000000000000000E+000
  1.800000000000000E-002  0.000000000000000E+000
  1.900000000000000E-002  0.000000000000000E+000
  2.000000000000000E-002  0.000000000000000E+000
  2.100000000000000E-002  0.000000000000000E+000
  2.200000000000000E-002  0.000000000000000E+000
  2.300000000000000E-002  0.000000000000000E+000
  2.400000000000000E-002  0.000000000000000E+000
  2.500000000000000E-002  0.000000000000000E+000
 -2.500000000000000E-002  0.000000000000000E+000
 -2.400000000000000E-002  0.000000000000000E+000
 -2.300000000000000E-002  0.000000000000000E+000
 -2.200000000000000E-002  0.000000000000000E+000
 -2.100000000000000E-002  0.000000000000000E+000
 -2.000000000000000E-002  0.000000000000000E+000
 -1.900000000000000E-002  0.000000000000000E+000
 -1.800000000000000E-002  0.000000000000000E+000
 -1.700000000000000E-002  0.000000000000000E+000
 -1.600000000000000E-002  0.000000000000000E+000
 -1.500000000000000E-002  0.000000000000000E+000
 -1.400000000000000E-002  0.000000000000000E+000
 -1.300000000000000E-002  0.000000000000000E+000
 -1.200000000000000E-002  0.000000000000000E+000
 -1.100000000000000E-002  0.000000000000000E+000
 -1.000000000000000E-002  0.000000000000000E+000
 -9.000000000000001E-003  0.000000000000000E+000
 -8.000000000000000E-003  0.000000000000000E+000
 -6.999999999999999E-003  0.000000000000000E+000
 -6.000000000000002E-003  0.000000000000000E+000
 -5.000000000000001E-003  0.000000000000000E+000
 -4.000000000000000E-003  0.000000000000000E+000
 -3.000000000000003E-003  0.000000000000000E+000
 -2.000000000000002E-003  0.000000000000000E+000
 -1.000000000000001E-003  0.000000000000000E+000
  0.000000000000000E+000  0.000000000000000E+000
  1.000000000000001E-003  0.000000000000000E+000
  1.999999999999998E-003  0.000000000000000E+000
  2.999999999999999E-003  0.000000000000000E+000
  4.000000000000000E-003  0.000000000000000E+000
  4.999999999999998E-003  0.000000000000000E+000
  5.999999999999998E-003  0.000000000000000E+000
  6.999999999999999E-003  0.000000000000000E+000
  8.000000000000000E-003  0.000000000000000E+000
  9.000000000000001E-003  0.000000000000000E+000
  1.000000000000000E-002  0.000000000000000E+000
  1.100000000000000E-002  0.000000000000000E+000
  1.200000000000000E-002  0.000000000000000E+000
  1.300000000000000E-002  0.000000000000000E+000
  1.400000000000000E-002  0.000000000000000E+000
  1.500000000000000E-002  0.000000000000000E+000
  1.600000000000000E-002  0.000000000000000E+000
  1.700000000000000E-002  0.000000000000000E+000
  1.800000000000000E-002  0.000000000000000E+000
  1.900000000000000E-002  0.000000000000000E+000
  2.000000000000000E-002  0.000000000000000E+000
  2.100000000000000E-002  0.000000000000000E+000
  2.200000000000000E-002  0.000000000000000E+000
  2.300000000000000E-002  0.000000000000000E+000
  2.400000000000000E-002  0.000000000000000E+000
  2.500000000000000E-002  0.000000000000000E+000
 -2.500000000000000E-002  0.000000000000000E+000
 -2.400000000000000E-002  0.000000000000000E+000
 -2.300000000000000E-002  0.000000000000000E+000
 -2.200000000000000E-002  0.000000000000000E+000
 -2.100000000000000E-002  0.000000000000000E+000
 -2.000000000000000E-002  0.000000000000000E+000
 -1.900000000000000E-002  0.000000000000000E+000
 -1.800000000000000E-002  0.000000000000000E+000
 -1.700000000000000E-002  0.000000000000000E+000
 -1.600000000000000E-002  0.000000000000000E+000
 -1.500000000000000E-002  0.000000000000000E+000
 -1.400000000000000E-002  0.000000000000000E+000
 -1.300000000000000E-002  0.351388192050772     
 -1.200000000000000E-002   2.21605345877203     
 -1.100000000000000E-002   3.40273689595171     
 -1.000000000000000E-002   2.93013777426114     
 -9.000000000000001E-003   2.56065486756650     
 -8.000000000000000E-003   1.70164110508430     
 -6.999999999999999E-003   1.17834664077119     
 -6.000000000000002E-003  0.427789304505559     
 -5.000000000000001E-003  0.398717042191519     
 -4.000000000000000E-003  0.211354182377793     
 -3.000000000000003E-003  1.388370487339596E-002
 -2.000000000000002E-003  6.190225370407385E-003
 -1.000000000000001E-003  1.107604060942695E-003
  0.000000000000000E+000  0.000000000000000E+000
  1.000000000000001E-003  4.140682164982405E-003
  1.999999999999998E-003  8.267249566222516E-003
  2.999999999999999E-003  0.276924556211642     
  4.000000000000000E-003  0.196027586385948     
  4.999999999999998E-003  0.136386106706863     
  5.999999999999998E-003  0.479963000415779     
  6.999999999999999E-003  0.321269956769187     
  8.000000000000000E-003  0.629153510973569     
  9.000000000000001E-003  0.420341760796720     
  1.000000000000000E-002   1.55722912769159     
  1.100000000000000E-002  0.581717939399910     
  1.200000000000000E-002  0.881830271771918     
  1.300000000000000E-002   1.03665122163400     
  1.400000000000000E-002   1.15667275437670     
  1.500000000000000E-002  0.884736228375214     
  1.600000000000000E-002  0.000000000000000E+000
  1.700000000000000E-002  0.000000000000000E+000
  1.800000000000000E-002  0.000000000000000E+000
  1.900000000000000E-002  0.000000000000000E+000
  2.000000000000000E-002  0.000000000000000E+000
  2.100000000000000E-002  0.000000000000000E+000
  2.200000000000000E-002  0.000000000000000E+000
  2.300000000000000E-002  0.000000000000000E+000
  2.400000000000000E-002  0.000000000000000E+000
  2.500000000000000E-002  0.000000000000000E+000
4
   108.371150000000     
13
41
 0
 0
13
41
  141.10877000
