 -2.500000000000000E-002  0.000000000000000E+000
 -2.400000000000000E-002  0.000000000000000E+000
 -2.300000000000000E-002  0.000000000000000E+000
 -2.200000000000000E-002  0.000000000000000E+000
 -2.100000000000000E-002  0.000000000000000E+000
 -2.000000000000000E-002  0.000000000000000E+000
 -1.900000000000000E-002  0.000000000000000E+000
 -1.800000000000000E-002  0.000000000000000E+000
 -1.700000000000000E-002  6.106708688634110E-003
 -1.600000000000000E-002  3.276041586810194E-002
 -1.500000000000000E-002  0.119000077850686     
 -1.400000000000000E-002  9.319357173450137E-002
 -1.300000000000000E-002  0.148310445583390     
 -1.200000000000000E-002  0.141852122156236     
 -1.100000000000000E-002  0.429116374403064     
 -1.000000000000000E-002  0.149674862219825     
 -9.000000000000001E-003  0.825577463667119     
 -8.000000000000000E-003   3.15131225122097     
 -6.999999999999999E-003   8.08123242024710     
 -6.000000000000002E-003   11.0861809051823     
 -5.000000000000001E-003   11.0824224763684     
 -4.000000000000000E-003   9.35321668104597     
 -3.000000000000003E-003   9.56851286106507     
 -2.000000000000002E-003   8.11443207012085     
 -1.000000000000001E-003   6.12810116179255     
  0.000000000000000E+000   8.87728953204490     
  1.000000000000001E-003   6.52808003930758     
  1.999999999999998E-003   2.68633244551244     
  2.999999999999999E-003   1.90789928602033     
  4.000000000000000E-003   1.32029872169252     
  4.999999999999998E-003   1.97753877737000     
  5.999999999999998E-003  0.753078216056776     
  6.999999999999999E-003   1.47768435373127     
  8.000000000000000E-003   1.52680872419982     
  9.000000000000001E-003   2.08222533017303     
  1.000000000000000E-002   2.34218888817162     
  1.100000000000000E-002   1.14352648759197     
  1.200000000000000E-002   1.09012544958604     
  1.300000000000000E-002  0.559463732211720     
  1.400000000000000E-002  0.320035517301095     
  1.500000000000000E-002  0.102228162480505     
  1.600000000000000E-002  4.517109143367599E-003
  1.700000000000000E-002  0.000000000000000E+000
  1.800000000000000E-002  0.000000000000000E+000
  1.900000000000000E-002  0.000000000000000E+000
  2.000000000000000E-002  0.000000000000000E+000
  2.100000000000000E-002  0.000000000000000E+000
  2.200000000000000E-002  0.000000000000000E+000
  2.300000000000000E-002  0.000000000000000E+000
  2.400000000000000E-002  0.000000000000000E+000
  2.500000000000000E-002  0.000000000000000E+000
 -2.500000000000000E-002  0.000000000000000E+000
 -2.400000000000000E-002  0.000000000000000E+000
 -2.300000000000000E-002  0.000000000000000E+000
 -2.200000000000000E-002  0.000000000000000E+000
 -2.100000000000000E-002  0.000000000000000E+000
 -2.000000000000000E-002  0.000000000000000E+000
 -1.900000000000000E-002  0.000000000000000E+000
 -1.800000000000000E-002  0.000000000000000E+000
 -1.700000000000000E-002  0.110448790064448     
 -1.600000000000000E-002  0.413751394629874     
 -1.500000000000000E-002   1.06309367820647     
 -1.400000000000000E-002  0.595418957871447     
 -1.300000000000000E-002  0.683660465918857     
 -1.200000000000000E-002  0.474718504557123     
 -1.100000000000000E-002   1.04589654654017     
 -1.000000000000000E-002  0.265572135971162     
 -9.000000000000001E-003  0.449165367776439     
 -8.000000000000000E-003  0.128980285614833     
 -6.999999999999999E-003  0.103006246290600     
 -6.000000000000002E-003  0.145930445774669     
 -5.000000000000001E-003  4.243376565296933E-002
 -4.000000000000000E-003  1.913265656690086E-002
 -3.000000000000003E-003  6.077428625241896E-003
 -2.000000000000002E-003  3.933142093544954E-003
 -1.000000000000001E-003  3.173816643599883E-004
  0.000000000000000E+000  0.000000000000000E+000
  1.000000000000001E-003  2.025423346554423E-003
  1.999999999999998E-003  7.312219166773255E-003
  2.999999999999999E-003  4.970882139531500E-002
  4.000000000000000E-003  8.107103643652053E-002
  4.999999999999998E-003  0.206938247537268     
  5.999999999999998E-003  0.168496829702168     
  6.999999999999999E-003  0.192297398940184     
  8.000000000000000E-003  0.448363394385099     
  9.000000000000001E-003  0.899588522690740     
  1.000000000000000E-002   1.11736510609882     
  1.100000000000000E-002  0.644659266965599     
  1.200000000000000E-002   1.31483626932665     
  1.300000000000000E-002   1.43964148544744     
  1.400000000000000E-002   1.88539283590730     
  1.500000000000000E-002  0.913260858568945     
  1.600000000000000E-002  5.704934318564198E-002
  1.700000000000000E-002  0.000000000000000E+000
  1.800000000000000E-002  0.000000000000000E+000
  1.900000000000000E-002  0.000000000000000E+000
  2.000000000000000E-002  0.000000000000000E+000
  2.100000000000000E-002  0.000000000000000E+000
  2.200000000000000E-002  0.000000000000000E+000
  2.300000000000000E-002  0.000000000000000E+000
  2.400000000000000E-002  0.000000000000000E+000
  2.500000000000000E-002  0.000000000000000E+000
 -2.500000000000000E-002  0.000000000000000E+000
 -2.400000000000000E-002  0.000000000000000E+000
 -2.300000000000000E-002  0.000000000000000E+000
 -2.200000000000000E-002  0.000000000000000E+000
 -2.100000000000000E-002  0.000000000000000E+000
 -2.000000000000000E-002  0.000000000000000E+000
 -1.900000000000000E-002  0.000000000000000E+000
 -1.800000000000000E-002  0.000000000000000E+000
 -1.700000000000000E-002  0.000000000000000E+000
 -1.600000000000000E-002  0.000000000000000E+000
 -1.500000000000000E-002  0.000000000000000E+000
 -1.400000000000000E-002  0.000000000000000E+000
 -1.300000000000000E-002  0.000000000000000E+000
 -1.200000000000000E-002  0.000000000000000E+000
 -1.100000000000000E-002  0.000000000000000E+000
 -1.000000000000000E-002  0.000000000000000E+000
 -9.000000000000001E-003  0.000000000000000E+000
 -8.000000000000000E-003  0.000000000000000E+000
 -6.999999999999999E-003  0.000000000000000E+000
 -6.000000000000002E-003  0.000000000000000E+000
 -5.000000000000001E-003  0.000000000000000E+000
 -4.000000000000000E-003  0.000000000000000E+000
 -3.000000000000003E-003  0.000000000000000E+000
 -2.000000000000002E-003  0.000000000000000E+000
 -1.000000000000001E-003  0.000000000000000E+000
  0.000000000000000E+000  0.000000000000000E+000
  1.000000000000001E-003  0.000000000000000E+000
  1.999999999999998E-003  0.000000000000000E+000
  2.999999999999999E-003  1.382437767880856E-003
  4.000000000000000E-003  1.263049039160212E-002
  4.999999999999998E-003  0.200986141103815     
  5.999999999999998E-003  0.119965053652008     
  6.999999999999999E-003  0.766307872706063     
  8.000000000000000E-003  0.958459102799862     
  9.000000000000001E-003   1.77685418130343     
  1.000000000000000E-002   3.03844366936616     
  1.100000000000000E-002   2.14248770665759     
  1.200000000000000E-002   2.33334830021518     
  1.300000000000000E-002   1.13929511152684     
  1.400000000000000E-002  0.159332037779680     
  1.500000000000000E-002  0.000000000000000E+000
  1.600000000000000E-002  0.000000000000000E+000
  1.700000000000000E-002  0.000000000000000E+000
  1.800000000000000E-002  0.000000000000000E+000
  1.900000000000000E-002  0.000000000000000E+000
  2.000000000000000E-002  0.000000000000000E+000
  2.100000000000000E-002  0.000000000000000E+000
  2.200000000000000E-002  0.000000000000000E+000
  2.300000000000000E-002  0.000000000000000E+000
  2.400000000000000E-002  0.000000000000000E+000
  2.500000000000000E-002  0.000000000000000E+000
4
   81.2118714285714     
 9
42
 9
42
29
40
  119.87806000
