 -2.500000000000000E-002  0.000000000000000E+000
 -2.400000000000000E-002  0.000000000000000E+000
 -2.300000000000000E-002  0.000000000000000E+000
 -2.200000000000000E-002  0.000000000000000E+000
 -2.100000000000000E-002  0.000000000000000E+000
 -2.000000000000000E-002  0.000000000000000E+000
 -1.900000000000000E-002  0.000000000000000E+000
 -1.800000000000000E-002  0.000000000000000E+000
 -1.700000000000000E-002  0.000000000000000E+000
 -1.600000000000000E-002  0.000000000000000E+000
 -1.500000000000000E-002  0.000000000000000E+000
 -1.400000000000000E-002  0.000000000000000E+000
 -1.300000000000000E-002  0.000000000000000E+000
 -1.200000000000000E-002  0.000000000000000E+000
 -1.100000000000000E-002  3.036639409036303E-002
 -1.000000000000000E-002  0.377557115892370     
 -9.000000000000001E-003   1.16282348727719     
 -8.000000000000000E-003  0.856399869562718     
 -6.999999999999999E-003   1.39897432455698     
 -6.000000000000002E-003   1.76799653710156     
 -5.000000000000001E-003   3.24194050111239     
 -4.000000000000000E-003   6.53656648512330     
 -3.000000000000003E-003   11.6622465927886     
 -2.000000000000002E-003   17.9647481256563     
 -1.000000000000001E-003   19.5410418306188     
  0.000000000000000E+000   13.0478032664655     
  1.000000000000001E-003   11.7002966457035     
  1.999999999999998E-003   15.7835642245789     
  2.999999999999999E-003   5.75305911948582     
  4.000000000000000E-003   1.52325726812567     
  4.999999999999998E-003   1.23209516804001     
  5.999999999999998E-003  0.339106797948759     
  6.999999999999999E-003  0.539401962227397     
  8.000000000000000E-003  0.474022850225077     
  9.000000000000001E-003  0.133963294980268     
  1.000000000000000E-002  0.381621820050935     
  1.100000000000000E-002  0.128880381605846     
  1.200000000000000E-002  4.719875418195027E-002
  1.300000000000000E-002  5.126809085357404E-003
  1.400000000000000E-002  0.120166898007600     
  1.500000000000000E-002  0.129423609614526     
  1.600000000000000E-002  6.204104478385884E-002
  1.700000000000000E-002  1.621780845604593E-002
  1.800000000000000E-002  4.507870144723928E-003
  1.900000000000000E-002  1.708855919378479E-002
  2.000000000000000E-002  6.361113877218145E-003
  2.100000000000000E-002  9.176066113966829E-003
  2.200000000000000E-002  3.507956336019612E-003
  2.300000000000000E-002  0.000000000000000E+000
  2.400000000000000E-002  0.000000000000000E+000
  2.500000000000000E-002  0.000000000000000E+000
 -2.500000000000000E-002  0.000000000000000E+000
 -2.400000000000000E-002  0.000000000000000E+000
 -2.300000000000000E-002  0.000000000000000E+000
 -2.200000000000000E-002  0.000000000000000E+000
 -2.100000000000000E-002  0.000000000000000E+000
 -2.000000000000000E-002  0.000000000000000E+000
 -1.900000000000000E-002  0.000000000000000E+000
 -1.800000000000000E-002  0.000000000000000E+000
 -1.700000000000000E-002  0.000000000000000E+000
 -1.600000000000000E-002  0.000000000000000E+000
 -1.500000000000000E-002  0.000000000000000E+000
 -1.400000000000000E-002  0.000000000000000E+000
 -1.300000000000000E-002  0.000000000000000E+000
 -1.200000000000000E-002  0.000000000000000E+000
 -1.100000000000000E-002  0.000000000000000E+000
 -1.000000000000000E-002  0.000000000000000E+000
 -9.000000000000001E-003  0.000000000000000E+000
 -8.000000000000000E-003  0.000000000000000E+000
 -6.999999999999999E-003  0.000000000000000E+000
 -6.000000000000002E-003  0.000000000000000E+000
 -5.000000000000001E-003  0.000000000000000E+000
 -4.000000000000000E-003  0.000000000000000E+000
 -3.000000000000003E-003  0.000000000000000E+000
 -2.000000000000002E-003  0.000000000000000E+000
 -1.000000000000001E-003  0.000000000000000E+000
  0.000000000000000E+000  0.000000000000000E+000
  1.000000000000001E-003  0.000000000000000E+000
  1.999999999999998E-003  0.000000000000000E+000
  2.999999999999999E-003  0.000000000000000E+000
  4.000000000000000E-003  0.000000000000000E+000
  4.999999999999998E-003  0.000000000000000E+000
  5.999999999999998E-003  0.000000000000000E+000
  6.999999999999999E-003  0.000000000000000E+000
  8.000000000000000E-003  0.000000000000000E+000
  9.000000000000001E-003  0.000000000000000E+000
  1.000000000000000E-002  0.000000000000000E+000
  1.100000000000000E-002  0.000000000000000E+000
  1.200000000000000E-002  0.000000000000000E+000
  1.300000000000000E-002  0.000000000000000E+000
  1.400000000000000E-002  0.000000000000000E+000
  1.500000000000000E-002  0.000000000000000E+000
  1.600000000000000E-002  0.000000000000000E+000
  1.700000000000000E-002  0.000000000000000E+000
  1.800000000000000E-002  0.000000000000000E+000
  1.900000000000000E-002  0.000000000000000E+000
  2.000000000000000E-002  0.000000000000000E+000
  2.100000000000000E-002  0.000000000000000E+000
  2.200000000000000E-002  0.000000000000000E+000
  2.300000000000000E-002  0.000000000000000E+000
  2.400000000000000E-002  0.000000000000000E+000
  2.500000000000000E-002  0.000000000000000E+000
 -2.500000000000000E-002  0.000000000000000E+000
 -2.400000000000000E-002  0.000000000000000E+000
 -2.300000000000000E-002  0.000000000000000E+000
 -2.200000000000000E-002  0.000000000000000E+000
 -2.100000000000000E-002  0.000000000000000E+000
 -2.000000000000000E-002  0.000000000000000E+000
 -1.900000000000000E-002  0.000000000000000E+000
 -1.800000000000000E-002  0.000000000000000E+000
 -1.700000000000000E-002  0.000000000000000E+000
 -1.600000000000000E-002  0.000000000000000E+000
 -1.500000000000000E-002  0.000000000000000E+000
 -1.400000000000000E-002  0.000000000000000E+000
 -1.300000000000000E-002  0.000000000000000E+000
 -1.200000000000000E-002  0.000000000000000E+000
 -1.100000000000000E-002  7.401280539380335E-002
 -1.000000000000000E-002  0.669909751253927     
 -9.000000000000001E-003   1.49466553569276     
 -8.000000000000000E-003  0.789098584512293     
 -6.999999999999999E-003  0.907544401503460     
 -6.000000000000002E-003  0.641563665421475     
 -5.000000000000001E-003  0.351213634993664     
 -4.000000000000000E-003  0.135166586385034     
 -3.000000000000003E-003  6.271759344272805E-002
 -2.000000000000002E-003  2.506500290503930E-002
 -1.000000000000001E-003  2.875536210940568E-003
  0.000000000000000E+000  0.000000000000000E+000
  1.000000000000001E-003  3.913742662960151E-003
  1.999999999999998E-003  1.500925024519082E-002
  2.999999999999999E-003  2.624360314707966E-002
  4.000000000000000E-003  2.663104869263734E-002
  4.999999999999998E-003  0.000000000000000E+000
  5.999999999999998E-003  5.747800963864135E-002
  6.999999999999999E-003  0.349921526354300     
  8.000000000000000E-003  0.436771154963024     
  9.000000000000001E-003  0.172193219560519     
  1.000000000000000E-002  0.677121865228653     
  1.100000000000000E-002  0.314123520049416     
  1.200000000000000E-002  0.157954083884177     
  1.300000000000000E-002  2.363283768843995E-002
  1.400000000000000E-002  0.767753052605035     
  1.500000000000000E-002   1.15621286705798     
  1.600000000000000E-002  0.783554424552037     
  1.700000000000000E-002  0.293322870436103     
  1.800000000000000E-002  0.118462968026531     
  1.900000000000000E-002  0.662904544155619     
  2.000000000000000E-002  0.370484711671540     
  2.100000000000000E-002  0.816827082089257     
  2.200000000000000E-002  0.486199966562597     
  2.300000000000000E-002  0.000000000000000E+000
  2.400000000000000E-002  0.000000000000000E+000
  2.500000000000000E-002  0.000000000000000E+000
4
   108.663014285714     
15
48
 0
 0
15
48
  118.28991000
