 -2.500000000000000E-002  0.000000000000000E+000
 -2.400000000000000E-002  0.000000000000000E+000
 -2.300000000000000E-002  0.000000000000000E+000
 -2.200000000000000E-002  0.000000000000000E+000
 -2.100000000000000E-002  0.000000000000000E+000
 -2.000000000000000E-002  0.000000000000000E+000
 -1.900000000000000E-002  0.000000000000000E+000
 -1.800000000000000E-002  0.000000000000000E+000
 -1.700000000000000E-002  6.802401818445249E-003
 -1.600000000000000E-002  4.788882528415767E-002
 -1.500000000000000E-002  0.198605907015165     
 -1.400000000000000E-002  6.007633295108213E-002
 -1.300000000000000E-002  0.127180824064561     
 -1.200000000000000E-002  0.201609835641986     
 -1.100000000000000E-002  0.233755298200775     
 -1.000000000000000E-002  0.501108583423072     
 -9.000000000000001E-003  0.309390897704761     
 -8.000000000000000E-003  0.797021937130041     
 -6.999999999999999E-003  0.450479318815781     
 -6.000000000000002E-003   1.92252599632846     
 -5.000000000000001E-003   17.3499047180121     
 -4.000000000000000E-003   40.4953983163210     
 -3.000000000000003E-003   30.1143244497914     
 -2.000000000000002E-003   19.2553860951191     
 -1.000000000000001E-003   20.9619668453710     
  0.000000000000000E+000   19.1261992380370     
  1.000000000000001E-003   7.72763186250562     
  1.999999999999998E-003   4.51519041229894     
  2.999999999999999E-003   4.20725377133571     
  4.000000000000000E-003   5.06463357428503     
  4.999999999999998E-003   2.31008656618288     
  5.999999999999998E-003   2.21609449818130     
  6.999999999999999E-003   1.48572965268948     
  8.000000000000000E-003   1.88188826072328     
  9.000000000000001E-003   4.01254186034428     
  1.000000000000000E-002   3.27915204035305     
  1.100000000000000E-002  0.534518441271977     
  1.200000000000000E-002   1.66551128957266     
  1.300000000000000E-002  0.866530258874540     
  1.400000000000000E-002  0.345107304761048     
  1.500000000000000E-002  7.888092411574936E-002
  1.600000000000000E-002  0.000000000000000E+000
  1.700000000000000E-002  0.000000000000000E+000
  1.800000000000000E-002  0.000000000000000E+000
  1.900000000000000E-002  0.000000000000000E+000
  2.000000000000000E-002  0.000000000000000E+000
  2.100000000000000E-002  0.000000000000000E+000
  2.200000000000000E-002  0.000000000000000E+000
  2.300000000000000E-002  0.000000000000000E+000
  2.400000000000000E-002  0.000000000000000E+000
  2.500000000000000E-002  0.000000000000000E+000
 -2.500000000000000E-002  0.000000000000000E+000
 -2.400000000000000E-002  0.000000000000000E+000
 -2.300000000000000E-002  0.000000000000000E+000
 -2.200000000000000E-002  0.000000000000000E+000
 -2.100000000000000E-002  0.000000000000000E+000
 -2.000000000000000E-002  0.000000000000000E+000
 -1.900000000000000E-002  0.000000000000000E+000
 -1.800000000000000E-002  0.000000000000000E+000
 -1.700000000000000E-002  0.123031421455856     
 -1.600000000000000E-002  0.604817360325364     
 -1.500000000000000E-002   1.77425668970743     
 -1.400000000000000E-002  0.383831061442500     
 -1.300000000000000E-002  0.586260132210536     
 -1.200000000000000E-002  0.674702064552535     
 -1.100000000000000E-002  0.569737893278378     
 -1.000000000000000E-002  0.889130445015516     
 -9.000000000000001E-003  0.260697137641917     
 -8.000000000000000E-003  4.844337103938311E-002
 -6.999999999999999E-003  0.137614875681661     
 -6.000000000000002E-003  4.441547238504965E-002
 -5.000000000000001E-003  9.679525847331771E-002
 -4.000000000000000E-003  3.613119359835016E-002
 -3.000000000000003E-003  0.000000000000000E+000
 -2.000000000000002E-003  0.000000000000000E+000
 -1.000000000000001E-003  0.000000000000000E+000
  0.000000000000000E+000  0.000000000000000E+000
  1.000000000000001E-003  1.943051702498103E-003
  1.999999999999998E-003  1.178062916107596E-002
  2.999999999999999E-003  5.333650920642498E-002
  4.000000000000000E-003  5.598834788334628E-002
  4.999999999999998E-003  0.110262266678951     
  5.999999999999998E-003  0.281813446284100     
  6.999999999999999E-003  9.830673001971166E-002
  8.000000000000000E-003  0.429048011542683     
  9.000000000000001E-003  0.670612105626663     
  1.000000000000000E-002   1.72038238809436     
  1.100000000000000E-002  0.264772614760436     
  1.200000000000000E-002   1.26021738575759     
  1.300000000000000E-002   1.87673225805040     
  1.400000000000000E-002   1.92929848929523     
  1.500000000000000E-002  0.704687032757717     
  1.600000000000000E-002  0.000000000000000E+000
  1.700000000000000E-002  0.000000000000000E+000
  1.800000000000000E-002  0.000000000000000E+000
  1.900000000000000E-002  0.000000000000000E+000
  2.000000000000000E-002  0.000000000000000E+000
  2.100000000000000E-002  0.000000000000000E+000
  2.200000000000000E-002  0.000000000000000E+000
  2.300000000000000E-002  0.000000000000000E+000
  2.400000000000000E-002  0.000000000000000E+000
  2.500000000000000E-002  0.000000000000000E+000
 -2.500000000000000E-002  0.000000000000000E+000
 -2.400000000000000E-002  0.000000000000000E+000
 -2.300000000000000E-002  0.000000000000000E+000
 -2.200000000000000E-002  0.000000000000000E+000
 -2.100000000000000E-002  0.000000000000000E+000
 -2.000000000000000E-002  0.000000000000000E+000
 -1.900000000000000E-002  0.000000000000000E+000
 -1.800000000000000E-002  0.000000000000000E+000
 -1.700000000000000E-002  0.000000000000000E+000
 -1.600000000000000E-002  0.000000000000000E+000
 -1.500000000000000E-002  0.000000000000000E+000
 -1.400000000000000E-002  0.000000000000000E+000
 -1.300000000000000E-002  0.000000000000000E+000
 -1.200000000000000E-002  0.000000000000000E+000
 -1.100000000000000E-002  0.000000000000000E+000
 -1.000000000000000E-002  0.000000000000000E+000
 -9.000000000000001E-003  0.000000000000000E+000
 -8.000000000000000E-003  0.000000000000000E+000
 -6.999999999999999E-003  0.000000000000000E+000
 -6.000000000000002E-003  0.000000000000000E+000
 -5.000000000000001E-003  0.000000000000000E+000
 -4.000000000000000E-003  0.000000000000000E+000
 -3.000000000000003E-003  0.000000000000000E+000
 -2.000000000000002E-003  0.000000000000000E+000
 -1.000000000000001E-003  0.000000000000000E+000
  0.000000000000000E+000  0.000000000000000E+000
  1.000000000000001E-003  0.000000000000000E+000
  1.999999999999998E-003  0.000000000000000E+000
  2.999999999999999E-003  0.000000000000000E+000
  4.000000000000000E-003  1.374461879597358E-003
  4.999999999999998E-003  5.136731365150496E-002
  5.999999999999998E-003  0.331012675606655     
  6.999999999999999E-003  0.510826388681197     
  8.000000000000000E-003   1.30494964016795     
  9.000000000000001E-003   4.48701335928748     
  1.000000000000000E-002   4.09790532311631     
  1.100000000000000E-002   1.03802314213903     
  1.200000000000000E-002   4.31353799195975     
  1.300000000000000E-002   2.11767608038225     
  1.400000000000000E-002  0.275611440973864     
  1.500000000000000E-002  0.000000000000000E+000
  1.600000000000000E-002  0.000000000000000E+000
  1.700000000000000E-002  0.000000000000000E+000
  1.800000000000000E-002  0.000000000000000E+000
  1.900000000000000E-002  0.000000000000000E+000
  2.000000000000000E-002  0.000000000000000E+000
  2.100000000000000E-002  0.000000000000000E+000
  2.200000000000000E-002  0.000000000000000E+000
  2.300000000000000E-002  0.000000000000000E+000
  2.400000000000000E-002  0.000000000000000E+000
  2.500000000000000E-002  0.000000000000000E+000
4
   100.978116666667     
 9
41
 9
41
30
40
  214.03315000
