 -2.500000000000000E-002  0.000000000000000E+000
 -2.400000000000000E-002  0.000000000000000E+000
 -2.300000000000000E-002  0.000000000000000E+000
 -2.200000000000000E-002  0.000000000000000E+000
 -2.100000000000000E-002  0.000000000000000E+000
 -2.000000000000000E-002  0.000000000000000E+000
 -1.900000000000000E-002  0.000000000000000E+000
 -1.800000000000000E-002  0.000000000000000E+000
 -1.700000000000000E-002  0.000000000000000E+000
 -1.600000000000000E-002  0.000000000000000E+000
 -1.500000000000000E-002  0.000000000000000E+000
 -1.400000000000000E-002  0.000000000000000E+000
 -1.300000000000000E-002  0.000000000000000E+000
 -1.200000000000000E-002  0.000000000000000E+000
 -1.100000000000000E-002  0.302522085875679     
 -1.000000000000000E-002   1.54991349126710     
 -9.000000000000001E-003   1.38776690337763     
 -8.000000000000000E-003   1.87444012363685     
 -6.999999999999999E-003   2.12304419335334     
 -6.000000000000002E-003   2.65833485724018     
 -5.000000000000001E-003   7.40128176792529     
 -4.000000000000000E-003   15.4794864830208     
 -3.000000000000003E-003   16.7289703355982     
 -2.000000000000002E-003   20.8393332783639     
 -1.000000000000001E-003   26.8793051410745     
  0.000000000000000E+000   18.7919144362198     
  1.000000000000001E-003   12.8351504636889     
  1.999999999999998E-003   3.64247632160707     
  2.999999999999999E-003   4.59792406386654     
  4.000000000000000E-003   4.22394855053274     
  4.999999999999998E-003   2.12393437563740     
  5.999999999999998E-003   1.33657323397128     
  6.999999999999999E-003   1.44354052141996     
  8.000000000000000E-003  0.979482350615899     
  9.000000000000001E-003  0.465805934624061     
  1.000000000000000E-002  0.648018894717151     
  1.100000000000000E-002  0.436413786920700     
  1.200000000000000E-002  0.235969664924030     
  1.300000000000000E-002  0.289178737582783     
  1.400000000000000E-002  0.381740962897355     
  1.500000000000000E-002  0.283940751959210     
  1.600000000000000E-002  5.793099526560186E-002
  1.700000000000000E-002  7.895499082406449E-002
  1.800000000000000E-002  4.002339338744180E-002
  1.900000000000000E-002  2.547200057572465E-002
  2.000000000000000E-002  1.589395040330474E-002
  2.100000000000000E-002  1.364467116778000E-002
  2.200000000000000E-002  1.815574409209469E-004
  2.300000000000000E-002  0.000000000000000E+000
  2.400000000000000E-002  0.000000000000000E+000
  2.500000000000000E-002  0.000000000000000E+000
 -2.500000000000000E-002  0.000000000000000E+000
 -2.400000000000000E-002  0.000000000000000E+000
 -2.300000000000000E-002  0.000000000000000E+000
 -2.200000000000000E-002  0.000000000000000E+000
 -2.100000000000000E-002  0.000000000000000E+000
 -2.000000000000000E-002  0.000000000000000E+000
 -1.900000000000000E-002  0.000000000000000E+000
 -1.800000000000000E-002  0.000000000000000E+000
 -1.700000000000000E-002  0.000000000000000E+000
 -1.600000000000000E-002  0.000000000000000E+000
 -1.500000000000000E-002  0.000000000000000E+000
 -1.400000000000000E-002  0.000000000000000E+000
 -1.300000000000000E-002  0.000000000000000E+000
 -1.200000000000000E-002  0.000000000000000E+000
 -1.100000000000000E-002  0.000000000000000E+000
 -1.000000000000000E-002  0.000000000000000E+000
 -9.000000000000001E-003  0.000000000000000E+000
 -8.000000000000000E-003  0.000000000000000E+000
 -6.999999999999999E-003  0.000000000000000E+000
 -6.000000000000002E-003  0.000000000000000E+000
 -5.000000000000001E-003  0.000000000000000E+000
 -4.000000000000000E-003  0.000000000000000E+000
 -3.000000000000003E-003  0.000000000000000E+000
 -2.000000000000002E-003  0.000000000000000E+000
 -1.000000000000001E-003  0.000000000000000E+000
  0.000000000000000E+000  0.000000000000000E+000
  1.000000000000001E-003  0.000000000000000E+000
  1.999999999999998E-003  0.000000000000000E+000
  2.999999999999999E-003  0.000000000000000E+000
  4.000000000000000E-003  0.000000000000000E+000
  4.999999999999998E-003  0.000000000000000E+000
  5.999999999999998E-003  0.000000000000000E+000
  6.999999999999999E-003  0.000000000000000E+000
  8.000000000000000E-003  0.000000000000000E+000
  9.000000000000001E-003  0.000000000000000E+000
  1.000000000000000E-002  0.000000000000000E+000
  1.100000000000000E-002  0.000000000000000E+000
  1.200000000000000E-002  0.000000000000000E+000
  1.300000000000000E-002  0.000000000000000E+000
  1.400000000000000E-002  0.000000000000000E+000
  1.500000000000000E-002  0.000000000000000E+000
  1.600000000000000E-002  0.000000000000000E+000
  1.700000000000000E-002  0.000000000000000E+000
  1.800000000000000E-002  0.000000000000000E+000
  1.900000000000000E-002  0.000000000000000E+000
  2.000000000000000E-002  0.000000000000000E+000
  2.100000000000000E-002  0.000000000000000E+000
  2.200000000000000E-002  0.000000000000000E+000
  2.300000000000000E-002  0.000000000000000E+000
  2.400000000000000E-002  0.000000000000000E+000
  2.500000000000000E-002  0.000000000000000E+000
 -2.500000000000000E-002  0.000000000000000E+000
 -2.400000000000000E-002  0.000000000000000E+000
 -2.300000000000000E-002  0.000000000000000E+000
 -2.200000000000000E-002  0.000000000000000E+000
 -2.100000000000000E-002  0.000000000000000E+000
 -2.000000000000000E-002  0.000000000000000E+000
 -1.900000000000000E-002  0.000000000000000E+000
 -1.800000000000000E-002  0.000000000000000E+000
 -1.700000000000000E-002  0.000000000000000E+000
 -1.600000000000000E-002  0.000000000000000E+000
 -1.500000000000000E-002  0.000000000000000E+000
 -1.400000000000000E-002  0.000000000000000E+000
 -1.300000000000000E-002  0.000000000000000E+000
 -1.200000000000000E-002  0.000000000000000E+000
 -1.100000000000000E-002  0.737344980856645     
 -1.000000000000000E-002   2.75005321763246     
 -9.000000000000001E-003   1.78380242981724     
 -8.000000000000000E-003   1.72713483605518     
 -6.999999999999999E-003   1.37726392686471     
 -6.000000000000002E-003   1.00776579203689     
 -5.000000000000001E-003  0.536316284554202     
 -4.000000000000000E-003  0.153463248555564     
 -3.000000000000003E-003  3.593032642498949E-002
 -2.000000000000002E-003  1.725117464875811E-002
 -1.000000000000001E-003  6.615636272113403E-003
  0.000000000000000E+000  0.000000000000000E+000
  1.000000000000001E-003  5.373663746381737E-003
  1.999999999999998E-003  1.194749002020649E-002
  2.999999999999999E-003  0.102110457275882     
  4.000000000000000E-003  0.192690772796808     
  4.999999999999998E-003  6.730461254027303E-002
  5.999999999999998E-003  0.175322408050594     
  6.999999999999999E-003  0.497909046915366     
  8.000000000000000E-003  0.143763398193129     
  9.000000000000001E-003  0.522181959638164     
  1.000000000000000E-002   1.14979736388166     
  1.100000000000000E-002   1.06368272065550     
  1.200000000000000E-002  0.789689746976101     
  1.300000000000000E-002   1.33301514732832     
  1.400000000000000E-002   2.43896442721101     
  1.500000000000000E-002   2.53660017577280     
  1.600000000000000E-002  0.731646087154146     
  1.700000000000000E-002   1.42801689923382     
  1.800000000000000E-002   1.05178051251522     
  1.900000000000000E-002  0.988117531671351     
  2.000000000000000E-002  0.925697251479685     
  2.100000000000000E-002   1.21460948489472     
  2.200000000000000E-002  2.516371734692580E-002
  2.300000000000000E-002  0.000000000000000E+000
  2.400000000000000E-002  0.000000000000000E+000
  2.500000000000000E-002  0.000000000000000E+000
4
   97.0164000000000     
15
48
 0
 0
15
48
  176.76119000
