 -2.500000000000000E-002  0.000000000000000E+000
 -2.400000000000000E-002  0.000000000000000E+000
 -2.300000000000000E-002  0.000000000000000E+000
 -2.200000000000000E-002  0.000000000000000E+000
 -2.100000000000000E-002  0.000000000000000E+000
 -2.000000000000000E-002  0.000000000000000E+000
 -1.900000000000000E-002  0.000000000000000E+000
 -1.800000000000000E-002  0.000000000000000E+000
 -1.700000000000000E-002  5.184986218010171E-003
 -1.600000000000000E-002  5.294525191355511E-002
 -1.500000000000000E-002  0.153161156327376     
 -1.400000000000000E-002  9.975565069955376E-002
 -1.300000000000000E-002  0.144908844545602     
 -1.200000000000000E-002  0.108894021176649     
 -1.100000000000000E-002  0.265385313582682     
 -1.000000000000000E-002  0.486847276531515     
 -9.000000000000001E-003  0.499229961760448     
 -8.000000000000000E-003  0.628777449164640     
 -6.999999999999999E-003  0.456601568113589     
 -6.000000000000002E-003   1.75520511514371     
 -5.000000000000001E-003   4.05270593986724     
 -4.000000000000000E-003   6.34562841931024     
 -3.000000000000003E-003   6.91255773601088     
 -2.000000000000002E-003   4.50000921774023     
 -1.000000000000001E-003   6.83699745622153     
  0.000000000000000E+000   5.49109425022361     
  1.000000000000001E-003   1.99530344903665     
  1.999999999999998E-003   2.25827884622769     
  2.999999999999999E-003  0.834514309898688     
  4.000000000000000E-003   1.27244548241045     
  4.999999999999998E-003   1.59526994075813     
  5.999999999999998E-003   1.02393749778655     
  6.999999999999999E-003  0.507938301614262     
  8.000000000000000E-003  0.466983760970520     
  9.000000000000001E-003  0.310316910981264     
  1.000000000000000E-002  0.621811926735502     
  1.100000000000000E-002  0.289916628193783     
  1.200000000000000E-002  0.314419911682621     
  1.300000000000000E-002  0.469045814398984     
  1.400000000000000E-002  0.309131470317061     
  1.500000000000000E-002  0.182540294550963     
  1.600000000000000E-002  3.562995338509773E-002
  1.700000000000000E-002  0.000000000000000E+000
  1.800000000000000E-002  0.000000000000000E+000
  1.900000000000000E-002  0.000000000000000E+000
  2.000000000000000E-002  0.000000000000000E+000
  2.100000000000000E-002  0.000000000000000E+000
  2.200000000000000E-002  0.000000000000000E+000
  2.300000000000000E-002  0.000000000000000E+000
  2.400000000000000E-002  0.000000000000000E+000
  2.500000000000000E-002  0.000000000000000E+000
 -2.500000000000000E-002  0.000000000000000E+000
 -2.400000000000000E-002  0.000000000000000E+000
 -2.300000000000000E-002  0.000000000000000E+000
 -2.200000000000000E-002  0.000000000000000E+000
 -2.100000000000000E-002  0.000000000000000E+000
 -2.000000000000000E-002  0.000000000000000E+000
 -1.900000000000000E-002  0.000000000000000E+000
 -1.800000000000000E-002  0.000000000000000E+000
 -1.700000000000000E-002  9.377808627844531E-002
 -1.600000000000000E-002  0.668678074981122     
 -1.500000000000000E-002   1.36827353375961     
 -1.400000000000000E-002  0.637344448504780     
 -1.300000000000000E-002  0.667980247703498     
 -1.200000000000000E-002  0.364421808446791     
 -1.100000000000000E-002  0.646830555847986     
 -1.000000000000000E-002  0.863826224408527     
 -9.000000000000001E-003  0.308369524128040     
 -8.000000000000000E-003  0.102613570518942     
 -6.999999999999999E-003  6.700042351097193E-002
 -6.000000000000002E-003  0.165254144113838     
 -5.000000000000001E-003  2.808210723394507E-002
 -4.000000000000000E-003  6.592051436408861E-002
 -3.000000000000003E-003  1.392235143289390E-002
 -2.000000000000002E-003  0.000000000000000E+000
 -1.000000000000001E-003  0.000000000000000E+000
  0.000000000000000E+000  0.000000000000000E+000
  1.000000000000001E-003  2.757411894340038E-003
  1.999999999999998E-003  7.936789055409304E-003
  2.999999999999999E-003  4.000342881705611E-002
  4.000000000000000E-003  9.428680113162521E-002
  4.999999999999998E-003  9.336974643001798E-002
  5.999999999999998E-003  0.149976292530497     
  6.999999999999999E-003  0.258356958322569     
  8.000000000000000E-003  0.430285241589563     
  9.000000000000001E-003  0.398873945238577     
  1.000000000000000E-002   1.10329763533010     
  1.100000000000000E-002  0.706621369632552     
  1.200000000000000E-002   1.05222923709636     
  1.300000000000000E-002   2.16214089808663     
  1.400000000000000E-002   1.97505830580062     
  1.500000000000000E-002   1.63073366555749     
  1.600000000000000E-002  0.449992544753849     
  1.700000000000000E-002  0.000000000000000E+000
  1.800000000000000E-002  0.000000000000000E+000
  1.900000000000000E-002  0.000000000000000E+000
  2.000000000000000E-002  0.000000000000000E+000
  2.100000000000000E-002  0.000000000000000E+000
  2.200000000000000E-002  0.000000000000000E+000
  2.300000000000000E-002  0.000000000000000E+000
  2.400000000000000E-002  0.000000000000000E+000
  2.500000000000000E-002  0.000000000000000E+000
 -2.500000000000000E-002  0.000000000000000E+000
 -2.400000000000000E-002  0.000000000000000E+000
 -2.300000000000000E-002  0.000000000000000E+000
 -2.200000000000000E-002  0.000000000000000E+000
 -2.100000000000000E-002  0.000000000000000E+000
 -2.000000000000000E-002  0.000000000000000E+000
 -1.900000000000000E-002  0.000000000000000E+000
 -1.800000000000000E-002  0.000000000000000E+000
 -1.700000000000000E-002  0.000000000000000E+000
 -1.600000000000000E-002  0.000000000000000E+000
 -1.500000000000000E-002  0.000000000000000E+000
 -1.400000000000000E-002  0.000000000000000E+000
 -1.300000000000000E-002  0.000000000000000E+000
 -1.200000000000000E-002  0.000000000000000E+000
 -1.100000000000000E-002  0.000000000000000E+000
 -1.000000000000000E-002  0.000000000000000E+000
 -9.000000000000001E-003  0.000000000000000E+000
 -8.000000000000000E-003  0.000000000000000E+000
 -6.999999999999999E-003  0.000000000000000E+000
 -6.000000000000002E-003  0.000000000000000E+000
 -5.000000000000001E-003  0.000000000000000E+000
 -4.000000000000000E-003  0.000000000000000E+000
 -3.000000000000003E-003  0.000000000000000E+000
 -2.000000000000002E-003  0.000000000000000E+000
 -1.000000000000001E-003  0.000000000000000E+000
  0.000000000000000E+000  0.000000000000000E+000
  1.000000000000001E-003  0.000000000000000E+000
  1.999999999999998E-003  0.000000000000000E+000
  2.999999999999999E-003  0.000000000000000E+000
  4.000000000000000E-003  0.000000000000000E+000
  4.999999999999998E-003  0.000000000000000E+000
  5.999999999999998E-003  0.000000000000000E+000
  6.999999999999999E-003  0.000000000000000E+000
  8.000000000000000E-003  0.000000000000000E+000
  9.000000000000001E-003  0.000000000000000E+000
  1.000000000000000E-002  0.000000000000000E+000
  1.100000000000000E-002  0.000000000000000E+000
  1.200000000000000E-002  0.000000000000000E+000
  1.300000000000000E-002  0.000000000000000E+000
  1.400000000000000E-002  0.000000000000000E+000
  1.500000000000000E-002  0.000000000000000E+000
  1.600000000000000E-002  0.000000000000000E+000
  1.700000000000000E-002  0.000000000000000E+000
  1.800000000000000E-002  0.000000000000000E+000
  1.900000000000000E-002  0.000000000000000E+000
  2.000000000000000E-002  0.000000000000000E+000
  2.100000000000000E-002  0.000000000000000E+000
  2.200000000000000E-002  0.000000000000000E+000
  2.300000000000000E-002  0.000000000000000E+000
  2.400000000000000E-002  0.000000000000000E+000
  2.500000000000000E-002  0.000000000000000E+000
4
   76.8894666666667     
 9
42
 9
42
 0
 0
   48.77104000
