 -2.500000000000000E-002  0.000000000000000E+000
 -2.400000000000000E-002  0.000000000000000E+000
 -2.300000000000000E-002  0.000000000000000E+000
 -2.200000000000000E-002  0.000000000000000E+000
 -2.100000000000000E-002  0.000000000000000E+000
 -2.000000000000000E-002  0.000000000000000E+000
 -1.900000000000000E-002  0.000000000000000E+000
 -1.800000000000000E-002  0.000000000000000E+000
 -1.700000000000000E-002  1.450124606791213E-003
 -1.600000000000000E-002  3.795893450508910E-002
 -1.500000000000000E-002  0.119954943968540     
 -1.400000000000000E-002  0.107638601078981     
 -1.300000000000000E-002  0.142477900147095     
 -1.200000000000000E-002  0.143214863689104     
 -1.100000000000000E-002  0.350564565134921     
 -1.000000000000000E-002  0.355812090171844     
 -9.000000000000001E-003  0.255530861124094     
 -8.000000000000000E-003  0.841964466595520     
 -6.999999999999999E-003   4.73795587905772     
 -6.000000000000002E-003   11.2236471151467     
 -5.000000000000001E-003   18.9123629438892     
 -4.000000000000000E-003   15.9646947405328     
 -3.000000000000003E-003   11.3702492189422     
 -2.000000000000002E-003   6.50725371200497     
 -1.000000000000001E-003   4.53288350921861     
  0.000000000000000E+000   4.95997693231731     
  1.000000000000001E-003   3.90817380770212     
  1.999999999999998E-003   1.64411771704353     
  2.999999999999999E-003   1.78506333091772     
  4.000000000000000E-003   2.18706482724088     
  4.999999999999998E-003   1.85434942880293     
  5.999999999999998E-003   1.75875801654708     
  6.999999999999999E-003   1.99186551003979     
  8.000000000000000E-003   1.27199405680948     
  9.000000000000001E-003   1.47662600920046     
  1.000000000000000E-002   2.23051155289025     
  1.100000000000000E-002   1.41136186840654     
  1.200000000000000E-002  0.985608129138912     
  1.300000000000000E-002  0.686111666019582     
  1.400000000000000E-002  0.363239149893141     
  1.500000000000000E-002  0.170980229769053     
  1.600000000000000E-002  2.574889520801050E-002
  1.700000000000000E-002  0.000000000000000E+000
  1.800000000000000E-002  0.000000000000000E+000
  1.900000000000000E-002  0.000000000000000E+000
  2.000000000000000E-002  0.000000000000000E+000
  2.100000000000000E-002  0.000000000000000E+000
  2.200000000000000E-002  0.000000000000000E+000
  2.300000000000000E-002  0.000000000000000E+000
  2.400000000000000E-002  0.000000000000000E+000
  2.500000000000000E-002  0.000000000000000E+000
 -2.500000000000000E-002  0.000000000000000E+000
 -2.400000000000000E-002  0.000000000000000E+000
 -2.300000000000000E-002  0.000000000000000E+000
 -2.200000000000000E-002  0.000000000000000E+000
 -2.100000000000000E-002  0.000000000000000E+000
 -2.000000000000000E-002  0.000000000000000E+000
 -1.900000000000000E-002  0.000000000000000E+000
 -1.800000000000000E-002  0.000000000000000E+000
 -1.700000000000000E-002  2.622763200754494E-002
 -1.600000000000000E-002  0.479406676440783     
 -1.500000000000000E-002   1.07162402668824     
 -1.400000000000000E-002  0.687709060704026     
 -1.300000000000000E-002  0.656774424852864     
 -1.200000000000000E-002  0.479279018793693     
 -1.100000000000000E-002  0.854440170277853     
 -1.000000000000000E-002  0.631326966932625     
 -9.000000000000001E-003  0.289591844464078     
 -8.000000000000000E-003  0.213400711943850     
 -6.999999999999999E-003  9.345524814693934E-002
 -6.000000000000002E-003  0.124677734683142     
 -5.000000000000001E-003  6.185836730064707E-002
 -4.000000000000000E-003  3.579889925220254E-002
 -3.000000000000003E-003  8.487936443328434E-003
 -2.000000000000002E-003  1.570648813695870E-003
 -1.000000000000001E-003  3.739910603449069E-004
  0.000000000000000E+000  0.000000000000000E+000
  1.000000000000001E-003  2.106660207226223E-003
  1.999999999999998E-003  8.630734741115647E-003
  2.999999999999999E-003  2.858569237734165E-002
  4.000000000000000E-003  8.224325240103629E-002
  4.999999999999998E-003  0.154927747773510     
  5.999999999999998E-003  0.276434039392719     
  6.999999999999999E-003  0.269602150629351     
  8.000000000000000E-003  0.393838823008482     
  9.000000000000001E-003  0.462004745991192     
  1.000000000000000E-002  0.850940335127194     
  1.100000000000000E-002   1.05838399196835     
  1.200000000000000E-002   1.08459488254259     
  1.300000000000000E-002   1.71452716853177     
  1.400000000000000E-002   2.01082655409838     
  1.500000000000000E-002   1.52746119707452     
  1.600000000000000E-002  0.325198597764628     
  1.700000000000000E-002  0.000000000000000E+000
  1.800000000000000E-002  0.000000000000000E+000
  1.900000000000000E-002  0.000000000000000E+000
  2.000000000000000E-002  0.000000000000000E+000
  2.100000000000000E-002  0.000000000000000E+000
  2.200000000000000E-002  0.000000000000000E+000
  2.300000000000000E-002  0.000000000000000E+000
  2.400000000000000E-002  0.000000000000000E+000
  2.500000000000000E-002  0.000000000000000E+000
 -2.500000000000000E-002  0.000000000000000E+000
 -2.400000000000000E-002  0.000000000000000E+000
 -2.300000000000000E-002  0.000000000000000E+000
 -2.200000000000000E-002  0.000000000000000E+000
 -2.100000000000000E-002  0.000000000000000E+000
 -2.000000000000000E-002  0.000000000000000E+000
 -1.900000000000000E-002  0.000000000000000E+000
 -1.800000000000000E-002  0.000000000000000E+000
 -1.700000000000000E-002  0.000000000000000E+000
 -1.600000000000000E-002  0.000000000000000E+000
 -1.500000000000000E-002  0.000000000000000E+000
 -1.400000000000000E-002  0.000000000000000E+000
 -1.300000000000000E-002  0.000000000000000E+000
 -1.200000000000000E-002  0.000000000000000E+000
 -1.100000000000000E-002  0.000000000000000E+000
 -1.000000000000000E-002  0.000000000000000E+000
 -9.000000000000001E-003  0.000000000000000E+000
 -8.000000000000000E-003  0.000000000000000E+000
 -6.999999999999999E-003  0.000000000000000E+000
 -6.000000000000002E-003  0.000000000000000E+000
 -5.000000000000001E-003  0.000000000000000E+000
 -4.000000000000000E-003  0.000000000000000E+000
 -3.000000000000003E-003  0.000000000000000E+000
 -2.000000000000002E-003  0.000000000000000E+000
 -1.000000000000001E-003  0.000000000000000E+000
  0.000000000000000E+000  0.000000000000000E+000
  1.000000000000001E-003  0.000000000000000E+000
  1.999999999999998E-003  0.000000000000000E+000
  2.999999999999999E-003  7.161131936058693E-003
  4.000000000000000E-003  5.487282027201127E-003
  4.999999999999998E-003  0.143233955877656     
  5.999999999999998E-003  0.288664191998423     
  6.999999999999999E-003  0.859613981982327     
  8.000000000000000E-003  0.649440682332423     
  9.000000000000001E-003   1.43601505598874     
  1.000000000000000E-002   3.10671633897369     
  1.100000000000000E-002   2.38156515035536     
  1.200000000000000E-002   2.21381482773892     
  1.300000000000000E-002   1.44821311869614     
  1.400000000000000E-002  0.309928751896778     
  1.500000000000000E-002  0.000000000000000E+000
  1.600000000000000E-002  0.000000000000000E+000
  1.700000000000000E-002  0.000000000000000E+000
  1.800000000000000E-002  0.000000000000000E+000
  1.900000000000000E-002  0.000000000000000E+000
  2.000000000000000E-002  0.000000000000000E+000
  2.100000000000000E-002  0.000000000000000E+000
  2.200000000000000E-002  0.000000000000000E+000
  2.300000000000000E-002  0.000000000000000E+000
  2.400000000000000E-002  0.000000000000000E+000
  2.500000000000000E-002  0.000000000000000E+000
4
   81.2118714285714     
 9
42
 9
42
29
40
  119.42735000
