 -2.500000000000000E-002  0.000000000000000E+000
 -2.400000000000000E-002  0.000000000000000E+000
 -2.300000000000000E-002  0.000000000000000E+000
 -2.200000000000000E-002  0.000000000000000E+000
 -2.100000000000000E-002  0.000000000000000E+000
 -2.000000000000000E-002  0.000000000000000E+000
 -1.900000000000000E-002  2.397127035652677E-003
 -1.800000000000000E-002  4.080020608600649E-002
 -1.700000000000000E-002  2.924103675531140E-002
 -1.600000000000000E-002  5.988971396924115E-002
 -1.500000000000000E-002  0.151531976704830     
 -1.400000000000000E-002  0.165292734614565     
 -1.300000000000000E-002  6.215502839643614E-002
 -1.200000000000000E-002  0.267466276285645     
 -1.100000000000000E-002  0.612441426960193     
 -1.000000000000000E-002   1.62101499128729     
 -9.000000000000001E-003   2.77131508238080     
 -8.000000000000000E-003   2.26040055736013     
 -6.999999999999999E-003   3.92323931432308     
 -6.000000000000002E-003   5.19904550714228     
 -5.000000000000001E-003   5.08082617474222     
 -4.000000000000000E-003   7.50209899089946     
 -3.000000000000003E-003   18.0884044375852     
 -2.000000000000002E-003   19.5631345657143     
 -1.000000000000001E-003   17.8480693626427     
  0.000000000000000E+000   12.5068083278041     
  1.000000000000001E-003   11.6315091094209     
  1.999999999999998E-003   7.11052310846452     
  2.999999999999999E-003   4.63625785461643     
  4.000000000000000E-003   4.65884401015766     
  4.999999999999998E-003   5.88985265849023     
  5.999999999999998E-003   3.11514767269051     
  6.999999999999999E-003   1.96426989348850     
  8.000000000000000E-003   3.01920456811561     
  9.000000000000001E-003   1.83980475631960     
  1.000000000000000E-002   1.18156626853789     
  1.100000000000000E-002   1.80199095671463     
  1.200000000000000E-002  0.848853907169543     
  1.300000000000000E-002  0.381712729604256     
  1.400000000000000E-002  0.202767445629207     
  1.500000000000000E-002  0.167872775149986     
  1.600000000000000E-002  7.114955365464891E-002
  1.700000000000000E-002  4.527352328442969E-002
  1.800000000000000E-002  2.486201463341585E-002
  1.900000000000000E-002  1.730553810510095E-002
  2.000000000000000E-002  3.204931994970830E-003
  2.100000000000000E-002  0.000000000000000E+000
  2.200000000000000E-002  0.000000000000000E+000
  2.300000000000000E-002  0.000000000000000E+000
  2.400000000000000E-002  0.000000000000000E+000
  2.500000000000000E-002  0.000000000000000E+000
 -2.500000000000000E-002  0.000000000000000E+000
 -2.400000000000000E-002  0.000000000000000E+000
 -2.300000000000000E-002  0.000000000000000E+000
 -2.200000000000000E-002  0.000000000000000E+000
 -2.100000000000000E-002  0.000000000000000E+000
 -2.000000000000000E-002  0.000000000000000E+000
 -1.900000000000000E-002  9.299007522122796E-002
 -1.800000000000000E-002   1.07219448517155     
 -1.700000000000000E-002  0.528867069730252     
 -1.600000000000000E-002  0.756383947582452     
 -1.500000000000000E-002   1.35371916884932     
 -1.400000000000000E-002   1.05606455419811     
 -1.300000000000000E-002  0.249921070957257     
 -1.200000000000000E-002  9.985718493752041E-002
 -1.100000000000000E-002  0.265691220882347     
 -1.000000000000000E-002  0.656994303148947     
 -9.000000000000001E-003  0.438126956446077     
 -8.000000000000000E-003  0.112842937192164     
 -6.999999999999999E-003  1.572664249231538E-002
 -6.000000000000002E-003  3.174488487434966E-002
 -5.000000000000001E-003  5.741943437034005E-003
 -4.000000000000000E-003  0.000000000000000E+000
 -3.000000000000003E-003  0.000000000000000E+000
 -2.000000000000002E-003  0.000000000000000E+000
 -1.000000000000001E-003  0.000000000000000E+000
  0.000000000000000E+000  0.000000000000000E+000
  1.000000000000001E-003  6.348714322333176E-003
  1.999999999999998E-003  4.441937861444970E-002
  2.999999999999999E-003  9.989828764877150E-002
  4.000000000000000E-003  0.187760386060401     
  4.999999999999998E-003  0.602227700950416     
  5.999999999999998E-003  0.260653930952298     
  6.999999999999999E-003  0.407098447566956     
  8.000000000000000E-003   1.24307673490006     
  9.000000000000001E-003  0.752734656146878     
  1.000000000000000E-002  6.505473861905893E-002
  1.100000000000000E-002  0.000000000000000E+000
  1.200000000000000E-002  0.000000000000000E+000
  1.300000000000000E-002  0.000000000000000E+000
  1.400000000000000E-002  0.000000000000000E+000
  1.500000000000000E-002  0.000000000000000E+000
  1.600000000000000E-002  0.000000000000000E+000
  1.700000000000000E-002  0.000000000000000E+000
  1.800000000000000E-002  0.000000000000000E+000
  1.900000000000000E-002  0.000000000000000E+000
  2.000000000000000E-002  0.000000000000000E+000
  2.100000000000000E-002  0.000000000000000E+000
  2.200000000000000E-002  0.000000000000000E+000
  2.300000000000000E-002  0.000000000000000E+000
  2.400000000000000E-002  0.000000000000000E+000
  2.500000000000000E-002  0.000000000000000E+000
 -2.500000000000000E-002  0.000000000000000E+000
 -2.400000000000000E-002  0.000000000000000E+000
 -2.300000000000000E-002  0.000000000000000E+000
 -2.200000000000000E-002  0.000000000000000E+000
 -2.100000000000000E-002  0.000000000000000E+000
 -2.000000000000000E-002  0.000000000000000E+000
 -1.900000000000000E-002  0.000000000000000E+000
 -1.800000000000000E-002  0.000000000000000E+000
 -1.700000000000000E-002  0.000000000000000E+000
 -1.600000000000000E-002  0.000000000000000E+000
 -1.500000000000000E-002  0.000000000000000E+000
 -1.400000000000000E-002  0.000000000000000E+000
 -1.300000000000000E-002  3.659236715937843E-002
 -1.200000000000000E-002  0.795238276221233     
 -1.100000000000000E-002   1.22702826414513     
 -1.000000000000000E-002   2.21921621939811     
 -9.000000000000001E-003   3.09622915050321     
 -8.000000000000000E-003   1.57346715470314     
 -6.999999999999999E-003   1.84323823314387     
 -6.000000000000002E-003   1.20011625025048     
 -5.000000000000001E-003  0.646744167129055     
 -4.000000000000000E-003  0.204022131372341     
 -3.000000000000003E-003  0.149398116785209     
 -2.000000000000002E-003  3.219684478540631E-002
 -1.000000000000001E-003  6.026006222729207E-003
  0.000000000000000E+000  0.000000000000000E+000
  1.000000000000001E-003  1.552599870187347E-002
  1.999999999999998E-003  3.698177429371792E-002
  2.999999999999999E-003  9.911235324517892E-002
  4.000000000000000E-003  0.288834660871653     
  4.999999999999998E-003  0.542172000175213     
  5.999999999999998E-003  0.581227666151028     
  6.999999999999999E-003  0.867165213734906     
  8.000000000000000E-003   1.53885975963674     
  9.000000000000001E-003   1.61210643260128     
  1.000000000000000E-002   2.03143008904843     
  1.100000000000000E-002   4.39203962129438     
  1.200000000000000E-002   2.84075170165709     
  1.300000000000000E-002   1.75956522510529     
  1.400000000000000E-002   1.29549258516187     
  1.500000000000000E-002   1.49970058195132     
  1.600000000000000E-002  0.898591372295959     
  1.700000000000000E-002  0.818838121102238     
  1.800000000000000E-002  0.653352459152052     
  1.900000000000000E-002  0.671321655549641     
  2.000000000000000E-002  0.186662010616752     
  2.100000000000000E-002  0.000000000000000E+000
  2.200000000000000E-002  0.000000000000000E+000
  2.300000000000000E-002  0.000000000000000E+000
  2.400000000000000E-002  0.000000000000000E+000
  2.500000000000000E-002  0.000000000000000E+000
1
   93.0367666666667     
 7
46
 7
36
13
46
  194.08824000
