 -2.500000000000000E-002  0.000000000000000E+000
 -2.400000000000000E-002  0.000000000000000E+000
 -2.300000000000000E-002  0.000000000000000E+000
 -2.200000000000000E-002  0.000000000000000E+000
 -2.100000000000000E-002  0.000000000000000E+000
 -2.000000000000000E-002  0.000000000000000E+000
 -1.900000000000000E-002  0.000000000000000E+000
 -1.800000000000000E-002  0.000000000000000E+000
 -1.700000000000000E-002  1.123370285551831E-002
 -1.600000000000000E-002  4.805048373575588E-002
 -1.500000000000000E-002  0.149981928414891     
 -1.400000000000000E-002  4.927328638711247E-002
 -1.300000000000000E-002  0.150589359298487     
 -1.200000000000000E-002  0.218340512958332     
 -1.100000000000000E-002  0.448157271171312     
 -1.000000000000000E-002  0.138083192329960     
 -9.000000000000001E-003  0.392945156136366     
 -8.000000000000000E-003  0.467364121750905     
 -6.999999999999999E-003   1.42952860702102     
 -6.000000000000002E-003   3.50230975697492     
 -5.000000000000001E-003   13.8665457296775     
 -4.000000000000000E-003   27.6553730449007     
 -3.000000000000003E-003   20.5731104269375     
 -2.000000000000002E-003   14.1102789211405     
 -1.000000000000001E-003   17.5542492612179     
  0.000000000000000E+000   12.6778500392897     
  1.000000000000001E-003   5.69745190432563     
  1.999999999999998E-003   3.88154703287391     
  2.999999999999999E-003   3.63045043803816     
  4.000000000000000E-003   3.75785400875219     
  4.999999999999998E-003   2.59319052527055     
  5.999999999999998E-003   1.17125847211685     
  6.999999999999999E-003   1.51268692429795     
  8.000000000000000E-003   1.69037597781929     
  9.000000000000001E-003   2.32030530415344     
  1.000000000000000E-002   2.39193787652545     
  1.100000000000000E-002  0.659405581966912     
  1.200000000000000E-002   1.14262058087322     
  1.300000000000000E-002  0.909268980362987     
  1.400000000000000E-002  0.316890820837976     
  1.500000000000000E-002  8.585920966009658E-002
  1.600000000000000E-002  0.000000000000000E+000
  1.700000000000000E-002  0.000000000000000E+000
  1.800000000000000E-002  0.000000000000000E+000
  1.900000000000000E-002  0.000000000000000E+000
  2.000000000000000E-002  0.000000000000000E+000
  2.100000000000000E-002  0.000000000000000E+000
  2.200000000000000E-002  0.000000000000000E+000
  2.300000000000000E-002  0.000000000000000E+000
  2.400000000000000E-002  0.000000000000000E+000
  2.500000000000000E-002  0.000000000000000E+000
 -2.500000000000000E-002  0.000000000000000E+000
 -2.400000000000000E-002  0.000000000000000E+000
 -2.300000000000000E-002  0.000000000000000E+000
 -2.200000000000000E-002  0.000000000000000E+000
 -2.100000000000000E-002  0.000000000000000E+000
 -2.000000000000000E-002  0.000000000000000E+000
 -1.900000000000000E-002  0.000000000000000E+000
 -1.800000000000000E-002  0.000000000000000E+000
 -1.700000000000000E-002  0.203178004977514     
 -1.600000000000000E-002  0.606859044108371     
 -1.500000000000000E-002   1.33987172800969     
 -1.400000000000000E-002  0.314809790905938     
 -1.300000000000000E-002  0.694165479278661     
 -1.200000000000000E-002  0.730692500191532     
 -1.100000000000000E-002   1.09230542152342     
 -1.000000000000000E-002  0.245004724139490     
 -9.000000000000001E-003  0.291315351841185     
 -8.000000000000000E-003  6.459567834426286E-002
 -6.999999999999999E-003  0.206050691494486     
 -6.000000000000002E-003  8.615206156083505E-002
 -5.000000000000001E-003  4.862313150131874E-002
 -4.000000000000000E-003  3.210217526806075E-002
 -3.000000000000003E-003  3.717943635132140E-003
 -2.000000000000002E-003  1.306154432563413E-003
 -1.000000000000001E-003  0.000000000000000E+000
  0.000000000000000E+000  0.000000000000000E+000
  1.000000000000001E-003  1.799683952968909E-003
  1.999999999999998E-003  1.225213128578712E-002
  2.999999999999999E-003  5.242313606384473E-002
  4.000000000000000E-003  8.852300774730401E-002
  4.999999999999998E-003  0.197735293330410     
  5.999999999999998E-003  0.195308381279726     
  6.999999999999999E-003  0.130461958867283     
  8.000000000000000E-003  0.501493649283941     
  9.000000000000001E-003  0.484049085362547     
  1.000000000000000E-002   1.36184583789796     
  1.100000000000000E-002  0.825874884987760     
  1.200000000000000E-002   1.05940662796632     
  1.300000000000000E-002   2.01984085153859     
  1.400000000000000E-002   1.97225949093664     
  1.500000000000000E-002  0.767027926821866     
  1.600000000000000E-002  0.000000000000000E+000
  1.700000000000000E-002  0.000000000000000E+000
  1.800000000000000E-002  0.000000000000000E+000
  1.900000000000000E-002  0.000000000000000E+000
  2.000000000000000E-002  0.000000000000000E+000
  2.100000000000000E-002  0.000000000000000E+000
  2.200000000000000E-002  0.000000000000000E+000
  2.300000000000000E-002  0.000000000000000E+000
  2.400000000000000E-002  0.000000000000000E+000
  2.500000000000000E-002  0.000000000000000E+000
 -2.500000000000000E-002  0.000000000000000E+000
 -2.400000000000000E-002  0.000000000000000E+000
 -2.300000000000000E-002  0.000000000000000E+000
 -2.200000000000000E-002  0.000000000000000E+000
 -2.100000000000000E-002  0.000000000000000E+000
 -2.000000000000000E-002  0.000000000000000E+000
 -1.900000000000000E-002  0.000000000000000E+000
 -1.800000000000000E-002  0.000000000000000E+000
 -1.700000000000000E-002  0.000000000000000E+000
 -1.600000000000000E-002  0.000000000000000E+000
 -1.500000000000000E-002  0.000000000000000E+000
 -1.400000000000000E-002  0.000000000000000E+000
 -1.300000000000000E-002  0.000000000000000E+000
 -1.200000000000000E-002  0.000000000000000E+000
 -1.100000000000000E-002  0.000000000000000E+000
 -1.000000000000000E-002  0.000000000000000E+000
 -9.000000000000001E-003  0.000000000000000E+000
 -8.000000000000000E-003  0.000000000000000E+000
 -6.999999999999999E-003  0.000000000000000E+000
 -6.000000000000002E-003  0.000000000000000E+000
 -5.000000000000001E-003  0.000000000000000E+000
 -4.000000000000000E-003  0.000000000000000E+000
 -3.000000000000003E-003  0.000000000000000E+000
 -2.000000000000002E-003  0.000000000000000E+000
 -1.000000000000001E-003  0.000000000000000E+000
  0.000000000000000E+000  0.000000000000000E+000
  1.000000000000001E-003  0.000000000000000E+000
  1.999999999999998E-003  0.000000000000000E+000
  2.999999999999999E-003  0.000000000000000E+000
  4.000000000000000E-003  1.272500633736762E-003
  4.999999999999998E-003  3.381889153576868E-002
  5.999999999999998E-003  0.241115027574166     
  6.999999999999999E-003  0.388479464814402     
  8.000000000000000E-003  0.913923582696665     
  9.000000000000001E-003   2.49841593047914     
  1.000000000000000E-002   2.88223390640965     
  1.100000000000000E-002  0.781311561597715     
  1.200000000000000E-002   2.76445673892009     
  1.300000000000000E-002   2.17157838609696     
  1.400000000000000E-002  5.237374063336632E-002
  1.500000000000000E-002  0.000000000000000E+000
  1.600000000000000E-002  0.000000000000000E+000
  1.700000000000000E-002  0.000000000000000E+000
  1.800000000000000E-002  0.000000000000000E+000
  1.900000000000000E-002  0.000000000000000E+000
  2.000000000000000E-002  0.000000000000000E+000
  2.100000000000000E-002  0.000000000000000E+000
  2.200000000000000E-002  0.000000000000000E+000
  2.300000000000000E-002  0.000000000000000E+000
  2.400000000000000E-002  0.000000000000000E+000
  2.500000000000000E-002  0.000000000000000E+000
4
   98.3016000000000     
 9
41
 9
41
30
40
  159.13921000
