 -2.500000000000000E-002  0.000000000000000E+000
 -2.400000000000000E-002  0.000000000000000E+000
 -2.300000000000000E-002  0.000000000000000E+000
 -2.200000000000000E-002  0.000000000000000E+000
 -2.100000000000000E-002  0.000000000000000E+000
 -2.000000000000000E-002  0.000000000000000E+000
 -1.900000000000000E-002  0.000000000000000E+000
 -1.800000000000000E-002  0.000000000000000E+000
 -1.700000000000000E-002  0.000000000000000E+000
 -1.600000000000000E-002  6.890103879341033E-003
 -1.500000000000000E-002  3.599220672960945E-002
 -1.400000000000000E-002  0.201127674455422     
 -1.300000000000000E-002  0.102458350749056     
 -1.200000000000000E-002  9.319910751201195E-002
 -1.100000000000000E-002  0.251643343904629     
 -1.000000000000000E-002  0.522802747194399     
 -9.000000000000001E-003  0.334202010382999     
 -8.000000000000000E-003  0.279871348751545     
 -6.999999999999999E-003  0.491554139446673     
 -6.000000000000002E-003   1.43651765400488     
 -5.000000000000001E-003   1.03529568975467     
 -4.000000000000000E-003   5.90502258543323     
 -3.000000000000003E-003   18.1915904792225     
 -2.000000000000002E-003   18.7687996618409     
 -1.000000000000001E-003   18.4691208921485     
  0.000000000000000E+000   13.6896680180295     
  1.000000000000001E-003   13.9952875430716     
  1.999999999999998E-003   14.8423095724614     
  2.999999999999999E-003   10.9509757685676     
  4.000000000000000E-003   2.44216836191996     
  4.999999999999998E-003   1.30982916592914     
  5.999999999999998E-003   1.12470392955079     
  6.999999999999999E-003  0.841179177586961     
  8.000000000000000E-003  0.128946365634513     
  9.000000000000001E-003  0.433395962643468     
  1.000000000000000E-002  0.300118615871863     
  1.100000000000000E-002  0.382645363710138     
  1.200000000000000E-002  0.454015676555098     
  1.300000000000000E-002  0.467501726892711     
  1.400000000000000E-002  0.218950045292900     
  1.500000000000000E-002  2.089668998656109E-002
  1.600000000000000E-002  0.000000000000000E+000
  1.700000000000000E-002  0.000000000000000E+000
  1.800000000000000E-002  0.000000000000000E+000
  1.900000000000000E-002  0.000000000000000E+000
  2.000000000000000E-002  0.000000000000000E+000
  2.100000000000000E-002  0.000000000000000E+000
  2.200000000000000E-002  0.000000000000000E+000
  2.300000000000000E-002  0.000000000000000E+000
  2.400000000000000E-002  0.000000000000000E+000
  2.500000000000000E-002  0.000000000000000E+000
 -2.500000000000000E-002  0.000000000000000E+000
 -2.400000000000000E-002  0.000000000000000E+000
 -2.300000000000000E-002  0.000000000000000E+000
 -2.200000000000000E-002  0.000000000000000E+000
 -2.100000000000000E-002  0.000000000000000E+000
 -2.000000000000000E-002  0.000000000000000E+000
 -1.900000000000000E-002  0.000000000000000E+000
 -1.800000000000000E-002  0.000000000000000E+000
 -1.700000000000000E-002  0.000000000000000E+000
 -1.600000000000000E-002  8.701934983669742E-002
 -1.500000000000000E-002  0.321538339554352     
 -1.400000000000000E-002   1.28501599514316     
 -1.300000000000000E-002  0.472297979652368     
 -1.200000000000000E-002  0.311897631643686     
 -1.100000000000000E-002  0.613336894253439     
 -1.000000000000000E-002  0.927622983611595     
 -9.000000000000001E-003  0.429575281497241     
 -8.000000000000000E-003  0.257877298904957     
 -6.999999999999999E-003  0.127138114954507     
 -6.000000000000002E-003  0.178686452942949     
 -5.000000000000001E-003  6.248907158390320E-002
 -4.000000000000000E-003  3.238428421352688E-002
 -3.000000000000003E-003  2.314366718887219E-002
 -2.000000000000002E-003  3.803989452774686E-003
 -1.000000000000001E-003  2.630636861296066E-004
  0.000000000000000E+000  0.000000000000000E+000
  1.000000000000001E-003  4.168810496565997E-003
  1.999999999999998E-003  8.764344756110884E-003
  2.999999999999999E-003  1.551171786087150E-002
  4.000000000000000E-003  8.526767309624951E-002
  4.999999999999998E-003  0.152072342716430     
  5.999999999999998E-003  0.108451979914971     
  6.999999999999999E-003  0.233047210683494     
  8.000000000000000E-003  0.118812949670525     
  9.000000000000001E-003  0.557076818415830     
  1.000000000000000E-002  0.532508536702315     
  1.100000000000000E-002  0.932631538497596     
  1.200000000000000E-002   1.51939667693051     
  1.300000000000000E-002   2.15502318240716     
  1.400000000000000E-002   1.39888412223974     
  1.500000000000000E-002  0.186681718376921     
  1.600000000000000E-002  0.000000000000000E+000
  1.700000000000000E-002  0.000000000000000E+000
  1.800000000000000E-002  0.000000000000000E+000
  1.900000000000000E-002  0.000000000000000E+000
  2.000000000000000E-002  0.000000000000000E+000
  2.100000000000000E-002  0.000000000000000E+000
  2.200000000000000E-002  0.000000000000000E+000
  2.300000000000000E-002  0.000000000000000E+000
  2.400000000000000E-002  0.000000000000000E+000
  2.500000000000000E-002  0.000000000000000E+000
 -2.500000000000000E-002  0.000000000000000E+000
 -2.400000000000000E-002  0.000000000000000E+000
 -2.300000000000000E-002  0.000000000000000E+000
 -2.200000000000000E-002  0.000000000000000E+000
 -2.100000000000000E-002  0.000000000000000E+000
 -2.000000000000000E-002  0.000000000000000E+000
 -1.900000000000000E-002  0.000000000000000E+000
 -1.800000000000000E-002  0.000000000000000E+000
 -1.700000000000000E-002  0.000000000000000E+000
 -1.600000000000000E-002  0.000000000000000E+000
 -1.500000000000000E-002  0.000000000000000E+000
 -1.400000000000000E-002  0.000000000000000E+000
 -1.300000000000000E-002  0.000000000000000E+000
 -1.200000000000000E-002  0.000000000000000E+000
 -1.100000000000000E-002  0.000000000000000E+000
 -1.000000000000000E-002  0.000000000000000E+000
 -9.000000000000001E-003  0.000000000000000E+000
 -8.000000000000000E-003  0.000000000000000E+000
 -6.999999999999999E-003  0.000000000000000E+000
 -6.000000000000002E-003  0.000000000000000E+000
 -5.000000000000001E-003  0.000000000000000E+000
 -4.000000000000000E-003  0.000000000000000E+000
 -3.000000000000003E-003  0.000000000000000E+000
 -2.000000000000002E-003  0.000000000000000E+000
 -1.000000000000001E-003  0.000000000000000E+000
  0.000000000000000E+000  0.000000000000000E+000
  1.000000000000001E-003  0.000000000000000E+000
  1.999999999999998E-003  0.000000000000000E+000
  2.999999999999999E-003  0.000000000000000E+000
  4.000000000000000E-003  0.000000000000000E+000
  4.999999999999998E-003  0.000000000000000E+000
  5.999999999999998E-003  0.000000000000000E+000
  6.999999999999999E-003  0.000000000000000E+000
  8.000000000000000E-003  0.000000000000000E+000
  9.000000000000001E-003  0.000000000000000E+000
  1.000000000000000E-002  0.000000000000000E+000
  1.100000000000000E-002  0.000000000000000E+000
  1.200000000000000E-002  0.000000000000000E+000
  1.300000000000000E-002  0.000000000000000E+000
  1.400000000000000E-002  0.000000000000000E+000
  1.500000000000000E-002  0.000000000000000E+000
  1.600000000000000E-002  0.000000000000000E+000
  1.700000000000000E-002  0.000000000000000E+000
  1.800000000000000E-002  0.000000000000000E+000
  1.900000000000000E-002  0.000000000000000E+000
  2.000000000000000E-002  0.000000000000000E+000
  2.100000000000000E-002  0.000000000000000E+000
  2.200000000000000E-002  0.000000000000000E+000
  2.300000000000000E-002  0.000000000000000E+000
  2.400000000000000E-002  0.000000000000000E+000
  2.500000000000000E-002  0.000000000000000E+000
4
   99.0682285714285     
10
41
10
41
 0
 0
  135.75665000
