 -2.500000000000000E-002  0.000000000000000E+000
 -2.400000000000000E-002  0.000000000000000E+000
 -2.300000000000000E-002  0.000000000000000E+000
 -2.200000000000000E-002  0.000000000000000E+000
 -2.100000000000000E-002  0.000000000000000E+000
 -2.000000000000000E-002  0.000000000000000E+000
 -1.900000000000000E-002  0.000000000000000E+000
 -1.800000000000000E-002  0.000000000000000E+000
 -1.700000000000000E-002  0.000000000000000E+000
 -1.600000000000000E-002  0.000000000000000E+000
 -1.500000000000000E-002  0.000000000000000E+000
 -1.400000000000000E-002  0.000000000000000E+000
 -1.300000000000000E-002  0.000000000000000E+000
 -1.200000000000000E-002  8.454230590216466E-003
 -1.100000000000000E-002  0.207424368932832     
 -1.000000000000000E-002  0.278502259954059     
 -9.000000000000001E-003  0.162051330186036     
 -8.000000000000000E-003  0.225071081985947     
 -6.999999999999999E-003  0.475188581107384     
 -6.000000000000002E-003  0.851147368618364     
 -5.000000000000001E-003   3.41728156845013     
 -4.000000000000000E-003   18.0481775490871     
 -3.000000000000003E-003   31.3231657270578     
 -2.000000000000002E-003   25.3304173114498     
 -1.000000000000001E-003   21.5332841086441     
  0.000000000000000E+000   17.1083581494885     
  1.000000000000001E-003   17.6193674615181     
  1.999999999999998E-003   11.6328429117024     
  2.999999999999999E-003   3.00283158129253     
  4.000000000000000E-003   2.36842689575581     
  4.999999999999998E-003   1.43492654026178     
  5.999999999999998E-003   1.85889018798218     
  6.999999999999999E-003  0.895063873910311     
  8.000000000000000E-003  0.689375926065306     
  9.000000000000001E-003  0.705555651626104     
  1.000000000000000E-002   1.37736619541554     
  1.100000000000000E-002  0.534891319427104     
  1.200000000000000E-002  0.530936834634742     
  1.300000000000000E-002  0.374026087827196     
  1.400000000000000E-002  0.358029044606273     
  1.500000000000000E-002  0.134580887807352     
  1.600000000000000E-002  1.375160113336893E-002
  1.700000000000000E-002  0.000000000000000E+000
  1.800000000000000E-002  0.000000000000000E+000
  1.900000000000000E-002  0.000000000000000E+000
  2.000000000000000E-002  0.000000000000000E+000
  2.100000000000000E-002  0.000000000000000E+000
  2.200000000000000E-002  0.000000000000000E+000
  2.300000000000000E-002  0.000000000000000E+000
  2.400000000000000E-002  0.000000000000000E+000
  2.500000000000000E-002  0.000000000000000E+000
 -2.500000000000000E-002  0.000000000000000E+000
 -2.400000000000000E-002  0.000000000000000E+000
 -2.300000000000000E-002  0.000000000000000E+000
 -2.200000000000000E-002  0.000000000000000E+000
 -2.100000000000000E-002  0.000000000000000E+000
 -2.000000000000000E-002  0.000000000000000E+000
 -1.900000000000000E-002  0.000000000000000E+000
 -1.800000000000000E-002  0.000000000000000E+000
 -1.700000000000000E-002  0.000000000000000E+000
 -1.600000000000000E-002  0.000000000000000E+000
 -1.500000000000000E-002  0.000000000000000E+000
 -1.400000000000000E-002  0.000000000000000E+000
 -1.300000000000000E-002  0.000000000000000E+000
 -1.200000000000000E-002  2.829270117332688E-002
 -1.100000000000000E-002  0.505560831690260     
 -1.000000000000000E-002  0.494154054674646     
 -9.000000000000001E-003  0.208296909111621     
 -8.000000000000000E-003  0.207383581574395     
 -6.999999999999999E-003  0.308264940158173     
 -6.000000000000002E-003  0.375834506113935     
 -5.000000000000001E-003  7.492462151993720E-002
 -4.000000000000000E-003  0.111480649547523     
 -3.000000000000003E-003  4.247010786409938E-002
 -2.000000000000002E-003  1.635738803113070E-002
 -1.000000000000001E-003  3.092131362860889E-003
  0.000000000000000E+000  0.000000000000000E+000
  1.000000000000001E-003  1.918590537766938E-003
  1.999999999999998E-003  1.026892112107820E-002
  2.999999999999999E-003  2.955634213085075E-002
  4.000000000000000E-003  9.954890824903954E-002
  4.999999999999998E-003  4.377081186191564E-002
  5.999999999999998E-003  0.186331817053476     
  6.999999999999999E-003  0.312663381559581     
  8.000000000000000E-003  0.419450619233007     
  9.000000000000001E-003  0.313147955435570     
  1.000000000000000E-002   1.32695059490846     
  1.100000000000000E-002   1.01239714974365     
  1.200000000000000E-002   1.25730471905941     
  1.300000000000000E-002   1.33665317530583     
  1.400000000000000E-002   2.28746765103602     
  1.500000000000000E-002   1.20228569274491     
  1.600000000000000E-002  0.173677409048556     
  1.700000000000000E-002  0.000000000000000E+000
  1.800000000000000E-002  0.000000000000000E+000
  1.900000000000000E-002  0.000000000000000E+000
  2.000000000000000E-002  0.000000000000000E+000
  2.100000000000000E-002  0.000000000000000E+000
  2.200000000000000E-002  0.000000000000000E+000
  2.300000000000000E-002  0.000000000000000E+000
  2.400000000000000E-002  0.000000000000000E+000
  2.500000000000000E-002  0.000000000000000E+000
 -2.500000000000000E-002  0.000000000000000E+000
 -2.400000000000000E-002  0.000000000000000E+000
 -2.300000000000000E-002  0.000000000000000E+000
 -2.200000000000000E-002  0.000000000000000E+000
 -2.100000000000000E-002  0.000000000000000E+000
 -2.000000000000000E-002  0.000000000000000E+000
 -1.900000000000000E-002  0.000000000000000E+000
 -1.800000000000000E-002  0.000000000000000E+000
 -1.700000000000000E-002  0.000000000000000E+000
 -1.600000000000000E-002  0.000000000000000E+000
 -1.500000000000000E-002  0.000000000000000E+000
 -1.400000000000000E-002  0.000000000000000E+000
 -1.300000000000000E-002  0.000000000000000E+000
 -1.200000000000000E-002  0.000000000000000E+000
 -1.100000000000000E-002  0.000000000000000E+000
 -1.000000000000000E-002  0.000000000000000E+000
 -9.000000000000001E-003  0.000000000000000E+000
 -8.000000000000000E-003  0.000000000000000E+000
 -6.999999999999999E-003  0.000000000000000E+000
 -6.000000000000002E-003  0.000000000000000E+000
 -5.000000000000001E-003  0.000000000000000E+000
 -4.000000000000000E-003  0.000000000000000E+000
 -3.000000000000003E-003  0.000000000000000E+000
 -2.000000000000002E-003  0.000000000000000E+000
 -1.000000000000001E-003  0.000000000000000E+000
  0.000000000000000E+000  0.000000000000000E+000
  1.000000000000001E-003  0.000000000000000E+000
  1.999999999999998E-003  0.000000000000000E+000
  2.999999999999999E-003  5.377137118213194E-003
  4.000000000000000E-003  1.200131468563777E-002
  4.999999999999998E-003  1.971214102956984E-002
  5.999999999999998E-003  0.202511215923646     
  6.999999999999999E-003  0.110046139575117     
  8.000000000000000E-003  0.213534582628479     
  9.000000000000001E-003  0.593756426473771     
  1.000000000000000E-002   1.11694731223476     
  1.100000000000000E-002  0.291307432821744     
  1.200000000000000E-002  0.519514240860649     
  1.300000000000000E-002  0.387479258279044     
  1.400000000000000E-002  0.000000000000000E+000
  1.500000000000000E-002  0.000000000000000E+000
  1.600000000000000E-002  0.000000000000000E+000
  1.700000000000000E-002  0.000000000000000E+000
  1.800000000000000E-002  0.000000000000000E+000
  1.900000000000000E-002  0.000000000000000E+000
  2.000000000000000E-002  0.000000000000000E+000
  2.100000000000000E-002  0.000000000000000E+000
  2.200000000000000E-002  0.000000000000000E+000
  2.300000000000000E-002  0.000000000000000E+000
  2.400000000000000E-002  0.000000000000000E+000
  2.500000000000000E-002  0.000000000000000E+000
4
   100.533144444444     
14
42
14
42
29
39
  168.78370000
