 -2.500000000000000E-002  0.000000000000000E+000
 -2.400000000000000E-002  0.000000000000000E+000
 -2.300000000000000E-002  0.000000000000000E+000
 -2.200000000000000E-002  0.000000000000000E+000
 -2.100000000000000E-002  0.000000000000000E+000
 -2.000000000000000E-002  0.000000000000000E+000
 -1.900000000000000E-002  0.000000000000000E+000
 -1.800000000000000E-002  0.000000000000000E+000
 -1.700000000000000E-002  0.000000000000000E+000
 -1.600000000000000E-002  0.000000000000000E+000
 -1.500000000000000E-002  0.000000000000000E+000
 -1.400000000000000E-002  8.742199781823584E-003
 -1.300000000000000E-002  0.120366141017812     
 -1.200000000000000E-002  0.249581618110034     
 -1.100000000000000E-002  0.278771281863145     
 -1.000000000000000E-002  0.235084798880861     
 -9.000000000000001E-003  0.673438663424621     
 -8.000000000000000E-003  0.741761292950717     
 -6.999999999999999E-003   2.03141059005315     
 -6.000000000000002E-003   6.59623389867406     
 -5.000000000000001E-003   13.9747893889382     
 -4.000000000000000E-003   17.0995193428076     
 -3.000000000000003E-003   17.6277497876952     
 -2.000000000000002E-003   15.2528739085189     
 -1.000000000000001E-003   13.0450313270316     
  0.000000000000000E+000   10.3979437349141     
  1.000000000000001E-003   12.4667597287126     
  1.999999999999998E-003   6.48269160856532     
  2.999999999999999E-003   5.19247123454051     
  4.000000000000000E-003   8.94895722258860     
  4.999999999999998E-003   5.19858937813688     
  5.999999999999998E-003   9.62231412171258     
  6.999999999999999E-003   8.84373854693024     
  8.000000000000000E-003   8.04011509833689     
  9.000000000000001E-003   3.23359284359251     
  1.000000000000000E-002  0.113026705201307     
  1.100000000000000E-002  0.142784702748613     
  1.200000000000000E-002  0.203670149663534     
  1.300000000000000E-002  5.661779315563403E-002
  1.400000000000000E-002  0.000000000000000E+000
  1.500000000000000E-002  0.000000000000000E+000
  1.600000000000000E-002  0.000000000000000E+000
  1.700000000000000E-002  0.000000000000000E+000
  1.800000000000000E-002  0.000000000000000E+000
  1.900000000000000E-002  0.000000000000000E+000
  2.000000000000000E-002  0.000000000000000E+000
  2.100000000000000E-002  0.000000000000000E+000
  2.200000000000000E-002  0.000000000000000E+000
  2.300000000000000E-002  0.000000000000000E+000
  2.400000000000000E-002  0.000000000000000E+000
  2.500000000000000E-002  0.000000000000000E+000
 -2.500000000000000E-002  0.000000000000000E+000
 -2.400000000000000E-002  0.000000000000000E+000
 -2.300000000000000E-002  0.000000000000000E+000
 -2.200000000000000E-002  0.000000000000000E+000
 -2.100000000000000E-002  0.000000000000000E+000
 -2.000000000000000E-002  0.000000000000000E+000
 -1.900000000000000E-002  0.000000000000000E+000
 -1.800000000000000E-002  0.000000000000000E+000
 -1.700000000000000E-002  0.000000000000000E+000
 -1.600000000000000E-002  0.000000000000000E+000
 -1.500000000000000E-002  0.000000000000000E+000
 -1.400000000000000E-002  0.000000000000000E+000
 -1.300000000000000E-002  0.000000000000000E+000
 -1.200000000000000E-002  0.000000000000000E+000
 -1.100000000000000E-002  0.000000000000000E+000
 -1.000000000000000E-002  0.000000000000000E+000
 -9.000000000000001E-003  0.000000000000000E+000
 -8.000000000000000E-003  0.000000000000000E+000
 -6.999999999999999E-003  0.000000000000000E+000
 -6.000000000000002E-003  0.000000000000000E+000
 -5.000000000000001E-003  0.000000000000000E+000
 -4.000000000000000E-003  0.000000000000000E+000
 -3.000000000000003E-003  0.000000000000000E+000
 -2.000000000000002E-003  0.000000000000000E+000
 -1.000000000000001E-003  0.000000000000000E+000
  0.000000000000000E+000  0.000000000000000E+000
  1.000000000000001E-003  0.000000000000000E+000
  1.999999999999998E-003  0.000000000000000E+000
  2.999999999999999E-003  0.000000000000000E+000
  4.000000000000000E-003  0.000000000000000E+000
  4.999999999999998E-003  0.000000000000000E+000
  5.999999999999998E-003  0.000000000000000E+000
  6.999999999999999E-003  0.000000000000000E+000
  8.000000000000000E-003  0.000000000000000E+000
  9.000000000000001E-003  0.000000000000000E+000
  1.000000000000000E-002  0.000000000000000E+000
  1.100000000000000E-002  0.000000000000000E+000
  1.200000000000000E-002  0.000000000000000E+000
  1.300000000000000E-002  0.000000000000000E+000
  1.400000000000000E-002  0.000000000000000E+000
  1.500000000000000E-002  0.000000000000000E+000
  1.600000000000000E-002  0.000000000000000E+000
  1.700000000000000E-002  0.000000000000000E+000
  1.800000000000000E-002  0.000000000000000E+000
  1.900000000000000E-002  0.000000000000000E+000
  2.000000000000000E-002  0.000000000000000E+000
  2.100000000000000E-002  0.000000000000000E+000
  2.200000000000000E-002  0.000000000000000E+000
  2.300000000000000E-002  0.000000000000000E+000
  2.400000000000000E-002  0.000000000000000E+000
  2.500000000000000E-002  0.000000000000000E+000
 -2.500000000000000E-002  0.000000000000000E+000
 -2.400000000000000E-002  0.000000000000000E+000
 -2.300000000000000E-002  0.000000000000000E+000
 -2.200000000000000E-002  0.000000000000000E+000
 -2.100000000000000E-002  0.000000000000000E+000
 -2.000000000000000E-002  0.000000000000000E+000
 -1.900000000000000E-002  0.000000000000000E+000
 -1.800000000000000E-002  0.000000000000000E+000
 -1.700000000000000E-002  0.000000000000000E+000
 -1.600000000000000E-002  0.000000000000000E+000
 -1.500000000000000E-002  0.000000000000000E+000
 -1.400000000000000E-002  5.585440483413022E-002
 -1.300000000000000E-002  0.554846772426579     
 -1.200000000000000E-002  0.835243144150128     
 -1.100000000000000E-002  0.679456525938520     
 -1.000000000000000E-002  0.417117285075223     
 -9.000000000000001E-003  0.813757051443611     
 -8.000000000000000E-003  0.224509620805358     
 -6.999999999999999E-003  0.182775054205158     
 -6.000000000000002E-003  0.102508286181660     
 -5.000000000000001E-003  3.879723292792690E-002
 -4.000000000000000E-003  4.693894253792995E-002
 -3.000000000000003E-003  9.000084958587385E-003
 -2.000000000000002E-003  3.772838370888044E-003
 -1.000000000000001E-003  1.294837573697807E-005
  0.000000000000000E+000  0.000000000000000E+000
  1.000000000000001E-003  4.858299591286177E-004
  1.999999999999998E-003  2.155236657748459E-003
  2.999999999999999E-003  3.627340278674401E-002
  4.000000000000000E-003  4.713655773901711E-002
  4.999999999999998E-003  3.782049211138445E-002
  5.999999999999998E-003  4.886912543931619E-003
  6.999999999999999E-003  0.256025306761000     
  8.000000000000000E-003  0.508858134142345     
  9.000000000000001E-003  0.337231143269932     
  1.000000000000000E-002  0.163571065861671     
  1.100000000000000E-002  0.348012885109033     
  1.200000000000000E-002  0.681597056156188     
  1.300000000000000E-002  0.260988676123384     
  1.400000000000000E-002  0.000000000000000E+000
  1.500000000000000E-002  0.000000000000000E+000
  1.600000000000000E-002  0.000000000000000E+000
  1.700000000000000E-002  0.000000000000000E+000
  1.800000000000000E-002  0.000000000000000E+000
  1.900000000000000E-002  0.000000000000000E+000
  2.000000000000000E-002  0.000000000000000E+000
  2.100000000000000E-002  0.000000000000000E+000
  2.200000000000000E-002  0.000000000000000E+000
  2.300000000000000E-002  0.000000000000000E+000
  2.400000000000000E-002  0.000000000000000E+000
  2.500000000000000E-002  0.000000000000000E+000
4
   109.285560000000     
12
39
 0
 0
12
39
  167.49341000
