 -2.500000000000000E-002  0.000000000000000E+000
 -2.400000000000000E-002  0.000000000000000E+000
 -2.300000000000000E-002  0.000000000000000E+000
 -2.200000000000000E-002  0.000000000000000E+000
 -2.100000000000000E-002  0.000000000000000E+000
 -2.000000000000000E-002  0.000000000000000E+000
 -1.900000000000000E-002  1.717565708548378E-002
 -1.800000000000000E-002  3.970179843991949E-002
 -1.700000000000000E-002  2.047527752623790E-002
 -1.600000000000000E-002  0.103096823126700     
 -1.500000000000000E-002  0.156401219306075     
 -1.400000000000000E-002  5.014308227646484E-002
 -1.300000000000000E-002  2.844140322463453E-002
 -1.200000000000000E-002  6.980627516407654E-002
 -1.100000000000000E-002  0.240777123180690     
 -1.000000000000000E-002  0.352459671912130     
 -9.000000000000001E-003  0.787781369206589     
 -8.000000000000000E-003   7.14206667868511     
 -6.999999999999999E-003   10.1951601647664     
 -6.000000000000002E-003   5.70212715062476     
 -5.000000000000001E-003   4.01812404459946     
 -4.000000000000000E-003   4.89032525406217     
 -3.000000000000003E-003   8.45624471523062     
 -2.000000000000002E-003   9.80878248731839     
 -1.000000000000001E-003   10.8613190856757     
  0.000000000000000E+000   13.0145072420588     
  1.000000000000001E-003   11.5410774170360     
  1.999999999999998E-003   10.1244568343065     
  2.999999999999999E-003   4.57390126288363     
  4.000000000000000E-003   4.42615174674220     
  4.999999999999998E-003   3.43521961866685     
  5.999999999999998E-003   1.64441051953816     
  6.999999999999999E-003   3.80955453695454     
  8.000000000000000E-003   1.69218328941402     
  9.000000000000001E-003  0.834170792015782     
  1.000000000000000E-002   2.58048540422826     
  1.100000000000000E-002   1.37548287474859     
  1.200000000000000E-002  0.382407011222434     
  1.300000000000000E-002  9.949449198369634E-002
  1.400000000000000E-002  0.157530861628444     
  1.500000000000000E-002  9.482455050611546E-002
  1.600000000000000E-002  3.788958359376179E-002
  1.700000000000000E-002  6.937553225571038E-003
  1.800000000000000E-002  0.000000000000000E+000
  1.900000000000000E-002  0.000000000000000E+000
  2.000000000000000E-002  0.000000000000000E+000
  2.100000000000000E-002  0.000000000000000E+000
  2.200000000000000E-002  0.000000000000000E+000
  2.300000000000000E-002  0.000000000000000E+000
  2.400000000000000E-002  0.000000000000000E+000
  2.500000000000000E-002  0.000000000000000E+000
 -2.500000000000000E-002  0.000000000000000E+000
 -2.400000000000000E-002  0.000000000000000E+000
 -2.300000000000000E-002  0.000000000000000E+000
 -2.200000000000000E-002  0.000000000000000E+000
 -2.100000000000000E-002  0.000000000000000E+000
 -2.000000000000000E-002  0.000000000000000E+000
 -1.900000000000000E-002  0.666283271849331     
 -1.800000000000000E-002   1.04332927262527     
 -1.700000000000000E-002  0.370325447686056     
 -1.600000000000000E-002   1.30207304212262     
 -1.500000000000000E-002   1.39721881288764     
 -1.400000000000000E-002  0.320366965637629     
 -1.300000000000000E-002  0.131105148416582     
 -1.200000000000000E-002  0.233611806794789     
 -1.100000000000000E-002  0.586852370690523     
 -1.000000000000000E-002  0.625378680996719     
 -9.000000000000001E-003  0.200827506754503     
 -8.000000000000000E-003  2.957339779605669E-002
 -6.999999999999999E-003  3.049106526037631E-002
 -6.000000000000002E-003  1.560122695166900E-002
 -5.000000000000001E-003  0.000000000000000E+000
 -4.000000000000000E-003  0.000000000000000E+000
 -3.000000000000003E-003  0.000000000000000E+000
 -2.000000000000002E-003  0.000000000000000E+000
 -1.000000000000001E-003  0.000000000000000E+000
  0.000000000000000E+000  0.000000000000000E+000
  1.000000000000001E-003  1.219160096534591E-003
  1.999999999999998E-003  4.125497589429944E-002
  2.999999999999999E-003  0.100546135933514     
  4.000000000000000E-003  0.373198675970683     
  4.999999999999998E-003  0.550601346208793     
  5.999999999999998E-003  0.359966043254637     
  6.999999999999999E-003  0.728617380714894     
  8.000000000000000E-003  0.125723628769444     
  9.000000000000001E-003  0.000000000000000E+000
  1.000000000000000E-002  0.000000000000000E+000
  1.100000000000000E-002  0.000000000000000E+000
  1.200000000000000E-002  0.000000000000000E+000
  1.300000000000000E-002  0.000000000000000E+000
  1.400000000000000E-002  0.000000000000000E+000
  1.500000000000000E-002  0.000000000000000E+000
  1.600000000000000E-002  0.000000000000000E+000
  1.700000000000000E-002  0.000000000000000E+000
  1.800000000000000E-002  0.000000000000000E+000
  1.900000000000000E-002  0.000000000000000E+000
  2.000000000000000E-002  0.000000000000000E+000
  2.100000000000000E-002  0.000000000000000E+000
  2.200000000000000E-002  0.000000000000000E+000
  2.300000000000000E-002  0.000000000000000E+000
  2.400000000000000E-002  0.000000000000000E+000
  2.500000000000000E-002  0.000000000000000E+000
 -2.500000000000000E-002  0.000000000000000E+000
 -2.400000000000000E-002  0.000000000000000E+000
 -2.300000000000000E-002  0.000000000000000E+000
 -2.200000000000000E-002  0.000000000000000E+000
 -2.100000000000000E-002  0.000000000000000E+000
 -2.000000000000000E-002  0.000000000000000E+000
 -1.900000000000000E-002  0.000000000000000E+000
 -1.800000000000000E-002  0.000000000000000E+000
 -1.700000000000000E-002  0.000000000000000E+000
 -1.600000000000000E-002  0.000000000000000E+000
 -1.500000000000000E-002  0.000000000000000E+000
 -1.400000000000000E-002  0.000000000000000E+000
 -1.300000000000000E-002  0.000000000000000E+000
 -1.200000000000000E-002  0.000000000000000E+000
 -1.100000000000000E-002  0.000000000000000E+000
 -1.000000000000000E-002  0.000000000000000E+000
 -9.000000000000001E-003  0.000000000000000E+000
 -8.000000000000000E-003  0.000000000000000E+000
 -6.999999999999999E-003  0.000000000000000E+000
 -6.000000000000002E-003  0.000000000000000E+000
 -5.000000000000001E-003  0.000000000000000E+000
 -4.000000000000000E-003  0.000000000000000E+000
 -3.000000000000003E-003  0.000000000000000E+000
 -2.000000000000002E-003  0.000000000000000E+000
 -1.000000000000001E-003  0.000000000000000E+000
  0.000000000000000E+000  0.000000000000000E+000
  1.000000000000001E-003  5.070698891305312E-004
  1.999999999999998E-003  1.636748737192397E-002
  2.999999999999999E-003  8.363595649126322E-002
  4.000000000000000E-003  0.159399977353718     
  4.999999999999998E-003  0.445287239042961     
  5.999999999999998E-003  0.369985774761366     
  6.999999999999999E-003   1.74272167929970     
  8.000000000000000E-003   1.43347726075634     
  9.000000000000001E-003   1.07222321130353     
  1.000000000000000E-002   4.57862469675645     
  1.100000000000000E-002   3.35250033403159     
  1.200000000000000E-002   1.27975303957546     
  1.300000000000000E-002  0.458635603705256     
  1.400000000000000E-002   1.00647351225701     
  1.500000000000000E-002  0.847120287671645     
  1.600000000000000E-002  0.478530801226133     
  1.700000000000000E-002  0.125475833029038     
  1.800000000000000E-002  0.000000000000000E+000
  1.900000000000000E-002  0.000000000000000E+000
  2.000000000000000E-002  0.000000000000000E+000
  2.100000000000000E-002  0.000000000000000E+000
  2.200000000000000E-002  0.000000000000000E+000
  2.300000000000000E-002  0.000000000000000E+000
  2.400000000000000E-002  0.000000000000000E+000
  2.500000000000000E-002  0.000000000000000E+000
1
   89.3328000000000     
 7
43
 7
34
27
43
  142.18644000
