 -2.500000000000000E-002  0.000000000000000E+000
 -2.400000000000000E-002  0.000000000000000E+000
 -2.300000000000000E-002  0.000000000000000E+000
 -2.200000000000000E-002  0.000000000000000E+000
 -2.100000000000000E-002  0.000000000000000E+000
 -2.000000000000000E-002  0.000000000000000E+000
 -1.900000000000000E-002  0.000000000000000E+000
 -1.800000000000000E-002  0.000000000000000E+000
 -1.700000000000000E-002  0.000000000000000E+000
 -1.600000000000000E-002  1.643605043831873E-002
 -1.500000000000000E-002  5.270558803284081E-002
 -1.400000000000000E-002  0.221492270967131     
 -1.300000000000000E-002  4.500752355954532E-002
 -1.200000000000000E-002  0.188947357480242     
 -1.100000000000000E-002  0.142499837083512     
 -1.000000000000000E-002  0.459881279935087     
 -9.000000000000001E-003  0.450550685931062     
 -8.000000000000000E-003  0.202498191143458     
 -6.999999999999999E-003  0.629212468502972     
 -6.000000000000002E-003   1.18363074397691     
 -5.000000000000001E-003   2.26610069466524     
 -4.000000000000000E-003   6.53932513368026     
 -3.000000000000003E-003   19.9837369836665     
 -2.000000000000002E-003   31.6647858902868     
 -1.000000000000001E-003   34.5912334550825     
  0.000000000000000E+000   24.8178258498275     
  1.000000000000001E-003   24.9427737822650     
  1.999999999999998E-003   19.6530464941023     
  2.999999999999999E-003   15.4163691262010     
  4.000000000000000E-003   2.38680158211206     
  4.999999999999998E-003   1.01163427066225     
  5.999999999999998E-003  0.777915710533794     
  6.999999999999999E-003  0.793110434003226     
  8.000000000000000E-003  0.377715252479316     
  9.000000000000001E-003  0.470458966065207     
  1.000000000000000E-002  0.167377257899117     
  1.100000000000000E-002  0.369982209017694     
  1.200000000000000E-002  0.544649889186608     
  1.300000000000000E-002  0.323608060898682     
  1.400000000000000E-002  0.252966706757654     
  1.500000000000000E-002  0.137864071632643     
  1.600000000000000E-002  4.086048206911064E-002
  1.700000000000000E-002  7.561670532440202E-004
  1.800000000000000E-002  0.000000000000000E+000
  1.900000000000000E-002  0.000000000000000E+000
  2.000000000000000E-002  0.000000000000000E+000
  2.100000000000000E-002  0.000000000000000E+000
  2.200000000000000E-002  0.000000000000000E+000
  2.300000000000000E-002  0.000000000000000E+000
  2.400000000000000E-002  0.000000000000000E+000
  2.500000000000000E-002  0.000000000000000E+000
 -2.500000000000000E-002  0.000000000000000E+000
 -2.400000000000000E-002  0.000000000000000E+000
 -2.300000000000000E-002  0.000000000000000E+000
 -2.200000000000000E-002  0.000000000000000E+000
 -2.100000000000000E-002  0.000000000000000E+000
 -2.000000000000000E-002  0.000000000000000E+000
 -1.900000000000000E-002  0.000000000000000E+000
 -1.800000000000000E-002  0.000000000000000E+000
 -1.700000000000000E-002  0.000000000000000E+000
 -1.600000000000000E-002  0.207580966567728     
 -1.500000000000000E-002  0.470848241916042     
 -1.400000000000000E-002   1.41512654468855     
 -1.300000000000000E-002  0.207469301339748     
 -1.200000000000000E-002  0.632326155009854     
 -1.100000000000000E-002  0.347318574583663     
 -1.000000000000000E-002  0.815979730959369     
 -9.000000000000001E-003  0.579127089977124     
 -8.000000000000000E-003  0.186584610386726     
 -6.999999999999999E-003  4.300816871951527E-002
 -6.000000000000002E-003  0.107328658442861     
 -5.000000000000001E-003  0.112558703370635     
 -4.000000000000000E-003  3.220442033056701E-002
 -3.000000000000003E-003  2.306866151139288E-002
 -2.000000000000002E-003  1.595987002533866E-003
 -1.000000000000001E-003  4.581138781391232E-004
  0.000000000000000E+000  0.000000000000000E+000
  1.000000000000001E-003  4.792186568035318E-003
  1.999999999999998E-003  8.305215292605755E-003
  2.999999999999999E-003  1.554628772360952E-002
  4.000000000000000E-003  7.614651692388626E-002
  4.999999999999998E-003  9.271651425135648E-002
  5.999999999999998E-003  0.103686524668002     
  6.999999999999999E-003  0.261317040064501     
  8.000000000000000E-003  0.333932898853741     
  9.000000000000001E-003  0.604716717738341     
  1.000000000000000E-002  0.296981973018158     
  1.100000000000000E-002  0.901767300842822     
  1.200000000000000E-002   1.82271070021142     
  1.300000000000000E-002   1.49172256086774     
  1.400000000000000E-002   1.61621848063639     
  1.500000000000000E-002   1.23161619430505     
  1.600000000000000E-002  0.516052101090833     
  1.700000000000000E-002  1.367639106035062E-002
  1.800000000000000E-002  0.000000000000000E+000
  1.900000000000000E-002  0.000000000000000E+000
  2.000000000000000E-002  0.000000000000000E+000
  2.100000000000000E-002  0.000000000000000E+000
  2.200000000000000E-002  0.000000000000000E+000
  2.300000000000000E-002  0.000000000000000E+000
  2.400000000000000E-002  0.000000000000000E+000
  2.500000000000000E-002  0.000000000000000E+000
 -2.500000000000000E-002  0.000000000000000E+000
 -2.400000000000000E-002  0.000000000000000E+000
 -2.300000000000000E-002  0.000000000000000E+000
 -2.200000000000000E-002  0.000000000000000E+000
 -2.100000000000000E-002  0.000000000000000E+000
 -2.000000000000000E-002  0.000000000000000E+000
 -1.900000000000000E-002  0.000000000000000E+000
 -1.800000000000000E-002  0.000000000000000E+000
 -1.700000000000000E-002  0.000000000000000E+000
 -1.600000000000000E-002  0.000000000000000E+000
 -1.500000000000000E-002  0.000000000000000E+000
 -1.400000000000000E-002  0.000000000000000E+000
 -1.300000000000000E-002  0.000000000000000E+000
 -1.200000000000000E-002  0.000000000000000E+000
 -1.100000000000000E-002  0.000000000000000E+000
 -1.000000000000000E-002  0.000000000000000E+000
 -9.000000000000001E-003  0.000000000000000E+000
 -8.000000000000000E-003  0.000000000000000E+000
 -6.999999999999999E-003  0.000000000000000E+000
 -6.000000000000002E-003  0.000000000000000E+000
 -5.000000000000001E-003  0.000000000000000E+000
 -4.000000000000000E-003  0.000000000000000E+000
 -3.000000000000003E-003  0.000000000000000E+000
 -2.000000000000002E-003  0.000000000000000E+000
 -1.000000000000001E-003  0.000000000000000E+000
  0.000000000000000E+000  0.000000000000000E+000
  1.000000000000001E-003  0.000000000000000E+000
  1.999999999999998E-003  0.000000000000000E+000
  2.999999999999999E-003  0.000000000000000E+000
  4.000000000000000E-003  0.000000000000000E+000
  4.999999999999998E-003  0.000000000000000E+000
  5.999999999999998E-003  0.000000000000000E+000
  6.999999999999999E-003  0.000000000000000E+000
  8.000000000000000E-003  0.000000000000000E+000
  9.000000000000001E-003  0.000000000000000E+000
  1.000000000000000E-002  0.000000000000000E+000
  1.100000000000000E-002  0.000000000000000E+000
  1.200000000000000E-002  0.000000000000000E+000
  1.300000000000000E-002  0.000000000000000E+000
  1.400000000000000E-002  0.000000000000000E+000
  1.500000000000000E-002  0.000000000000000E+000
  1.600000000000000E-002  0.000000000000000E+000
  1.700000000000000E-002  0.000000000000000E+000
  1.800000000000000E-002  0.000000000000000E+000
  1.900000000000000E-002  0.000000000000000E+000
  2.000000000000000E-002  0.000000000000000E+000
  2.100000000000000E-002  0.000000000000000E+000
  2.200000000000000E-002  0.000000000000000E+000
  2.300000000000000E-002  0.000000000000000E+000
  2.400000000000000E-002  0.000000000000000E+000
  2.500000000000000E-002  0.000000000000000E+000
4
   104.058450000000     
10
43
10
43
 0
 0
  201.77709000
