 -2.500000000000000E-002  0.000000000000000E+000
 -2.400000000000000E-002  0.000000000000000E+000
 -2.300000000000000E-002  0.000000000000000E+000
 -2.200000000000000E-002  0.000000000000000E+000
 -2.100000000000000E-002  0.000000000000000E+000
 -2.000000000000000E-002  5.998168190637965E-003
 -1.900000000000000E-002  2.663791012575422E-002
 -1.800000000000000E-002  2.540823692727523E-002
 -1.700000000000000E-002  3.247188236704160E-002
 -1.600000000000000E-002  6.479726346155551E-002
 -1.500000000000000E-002  0.158546740848615     
 -1.400000000000000E-002  9.920742747771778E-002
 -1.300000000000000E-002  3.358120847143962E-002
 -1.200000000000000E-002  9.117678172229861E-002
 -1.100000000000000E-002  0.967246705515136     
 -1.000000000000000E-002  0.917793163225091     
 -9.000000000000001E-003  0.744477587285650     
 -8.000000000000000E-003   2.91671246677046     
 -6.999999999999999E-003   4.10005654774386     
 -6.000000000000002E-003   3.35221954720962     
 -5.000000000000001E-003   4.58926324037588     
 -4.000000000000000E-003   5.54950526774215     
 -3.000000000000003E-003   26.4892819236665     
 -2.000000000000002E-003   67.4783086587777     
 -1.000000000000001E-003   84.7148532701540     
  0.000000000000000E+000   64.6419612892281     
  1.000000000000001E-003   54.4877279963447     
  1.999999999999998E-003   31.8366360898612     
  2.999999999999999E-003   33.9546207995006     
  4.000000000000000E-003   4.24758813295979     
  4.999999999999998E-003   1.86081348560685     
  5.999999999999998E-003   2.25748705567648     
  6.999999999999999E-003  0.508367427577322     
  8.000000000000000E-003   1.30868711771642     
  9.000000000000001E-003   2.00502278979980     
  1.000000000000000E-002   2.35609746188436     
  1.100000000000000E-002   1.97520938146844     
  1.200000000000000E-002  0.666128306827135     
  1.300000000000000E-002  0.406576135756798     
  1.400000000000000E-002  8.946344704266940E-002
  1.500000000000000E-002  0.000000000000000E+000
  1.600000000000000E-002  0.000000000000000E+000
  1.700000000000000E-002  0.000000000000000E+000
  1.800000000000000E-002  0.000000000000000E+000
  1.900000000000000E-002  0.000000000000000E+000
  2.000000000000000E-002  0.000000000000000E+000
  2.100000000000000E-002  0.000000000000000E+000
  2.200000000000000E-002  0.000000000000000E+000
  2.300000000000000E-002  0.000000000000000E+000
  2.400000000000000E-002  0.000000000000000E+000
  2.500000000000000E-002  0.000000000000000E+000
 -2.500000000000000E-002  0.000000000000000E+000
 -2.400000000000000E-002  0.000000000000000E+000
 -2.300000000000000E-002  0.000000000000000E+000
 -2.200000000000000E-002  0.000000000000000E+000
 -2.100000000000000E-002  0.000000000000000E+000
 -2.000000000000000E-002  0.349345988070527     
 -1.900000000000000E-002   1.03334584671094     
 -1.800000000000000E-002  0.667706713390848     
 -1.700000000000000E-002  0.587301654855427     
 -1.600000000000000E-002  0.818364401519158     
 -1.500000000000000E-002   1.41638594646877     
 -1.400000000000000E-002  0.633841819585733     
 -1.300000000000000E-002  0.154797893967583     
 -1.200000000000000E-002  0.305129770437051     
 -1.100000000000000E-002  0.347125142244341     
 -1.000000000000000E-002  0.331645560475597     
 -9.000000000000001E-003  2.194606663966216E-002
 -8.000000000000000E-003  0.000000000000000E+000
 -6.999999999999999E-003  0.000000000000000E+000
 -6.000000000000002E-003  0.000000000000000E+000
 -5.000000000000001E-003  0.000000000000000E+000
 -4.000000000000000E-003  0.000000000000000E+000
 -3.000000000000003E-003  0.000000000000000E+000
 -2.000000000000002E-003  0.000000000000000E+000
 -1.000000000000001E-003  0.000000000000000E+000
  0.000000000000000E+000  0.000000000000000E+000
  1.000000000000001E-003  0.000000000000000E+000
  1.999999999999998E-003  7.218373154924793E-003
  2.999999999999999E-003  5.587865891604663E-002
  4.000000000000000E-003  0.151447325262359     
  4.999999999999998E-003  0.268004574206844     
  5.999999999999998E-003  0.320789315560465     
  6.999999999999999E-003  0.241417179657456     
  8.000000000000000E-003  0.584576958061040     
  9.000000000000001E-003   1.39265627340900     
  1.000000000000000E-002   2.61367059404008     
  1.100000000000000E-002  0.241518790487945     
  1.200000000000000E-002  0.000000000000000E+000
  1.300000000000000E-002  0.000000000000000E+000
  1.400000000000000E-002  0.000000000000000E+000
  1.500000000000000E-002  0.000000000000000E+000
  1.600000000000000E-002  0.000000000000000E+000
  1.700000000000000E-002  0.000000000000000E+000
  1.800000000000000E-002  0.000000000000000E+000
  1.900000000000000E-002  0.000000000000000E+000
  2.000000000000000E-002  0.000000000000000E+000
  2.100000000000000E-002  0.000000000000000E+000
  2.200000000000000E-002  0.000000000000000E+000
  2.300000000000000E-002  0.000000000000000E+000
  2.400000000000000E-002  0.000000000000000E+000
  2.500000000000000E-002  0.000000000000000E+000
 -2.500000000000000E-002  0.000000000000000E+000
 -2.400000000000000E-002  0.000000000000000E+000
 -2.300000000000000E-002  0.000000000000000E+000
 -2.200000000000000E-002  0.000000000000000E+000
 -2.100000000000000E-002  0.000000000000000E+000
 -2.000000000000000E-002  0.000000000000000E+000
 -1.900000000000000E-002  0.000000000000000E+000
 -1.800000000000000E-002  0.000000000000000E+000
 -1.700000000000000E-002  0.000000000000000E+000
 -1.600000000000000E-002  0.000000000000000E+000
 -1.500000000000000E-002  0.000000000000000E+000
 -1.400000000000000E-002  0.000000000000000E+000
 -1.300000000000000E-002  0.000000000000000E+000
 -1.200000000000000E-002  0.000000000000000E+000
 -1.100000000000000E-002  0.000000000000000E+000
 -1.000000000000000E-002  0.000000000000000E+000
 -9.000000000000001E-003  0.000000000000000E+000
 -8.000000000000000E-003  0.000000000000000E+000
 -6.999999999999999E-003  0.000000000000000E+000
 -6.000000000000002E-003  0.000000000000000E+000
 -5.000000000000001E-003  0.000000000000000E+000
 -4.000000000000000E-003  0.000000000000000E+000
 -3.000000000000003E-003  0.000000000000000E+000
 -2.000000000000002E-003  0.000000000000000E+000
 -1.000000000000001E-003  0.000000000000000E+000
  0.000000000000000E+000  0.000000000000000E+000
  1.000000000000001E-003  0.000000000000000E+000
  1.999999999999998E-003  0.000000000000000E+000
  2.999999999999999E-003  0.000000000000000E+000
  4.000000000000000E-003  1.157146351085337E-002
  4.999999999999998E-003  3.163040748053945E-002
  5.999999999999998E-003  0.270071143734407     
  6.999999999999999E-003  8.692036157259991E-002
  8.000000000000000E-003  0.585883485564066     
  9.000000000000001E-003   1.15557909233072     
  1.000000000000000E-002   1.56681653806024     
  1.100000000000000E-002   4.57271062139449     
  1.200000000000000E-002   2.22924711208661     
  1.300000000000000E-002   1.87417702987543     
  1.400000000000000E-002  0.571586981959326     
  1.500000000000000E-002  0.000000000000000E+000
  1.600000000000000E-002  0.000000000000000E+000
  1.700000000000000E-002  0.000000000000000E+000
  1.800000000000000E-002  0.000000000000000E+000
  1.900000000000000E-002  0.000000000000000E+000
  2.000000000000000E-002  0.000000000000000E+000
  2.100000000000000E-002  0.000000000000000E+000
  2.200000000000000E-002  0.000000000000000E+000
  2.300000000000000E-002  0.000000000000000E+000
  2.400000000000000E-002  0.000000000000000E+000
  2.500000000000000E-002  0.000000000000000E+000
1
   104.728072727273     
 6
40
 6
37
30
40
  446.57835000
