 -2.500000000000000E-002  0.000000000000000E+000
 -2.400000000000000E-002  0.000000000000000E+000
 -2.300000000000000E-002  0.000000000000000E+000
 -2.200000000000000E-002  0.000000000000000E+000
 -2.100000000000000E-002  0.000000000000000E+000
 -2.000000000000000E-002  0.000000000000000E+000
 -1.900000000000000E-002  0.000000000000000E+000
 -1.800000000000000E-002  0.000000000000000E+000
 -1.700000000000000E-002  0.000000000000000E+000
 -1.600000000000000E-002  0.000000000000000E+000
 -1.500000000000000E-002  0.000000000000000E+000
 -1.400000000000000E-002  0.000000000000000E+000
 -1.300000000000000E-002  0.000000000000000E+000
 -1.200000000000000E-002  0.000000000000000E+000
 -1.100000000000000E-002  0.000000000000000E+000
 -1.000000000000000E-002  0.000000000000000E+000
 -9.000000000000001E-003  0.133567496253649     
 -8.000000000000000E-003   3.96489969110086     
 -6.999999999999999E-003   12.6482508255881     
 -6.000000000000002E-003   13.2622529141619     
 -5.000000000000001E-003   11.9506389751891     
 -4.000000000000000E-003   8.81374824212787     
 -3.000000000000003E-003   8.02560941219938     
 -2.000000000000002E-003   11.9842909326579     
 -1.000000000000001E-003   12.5275035978588     
  0.000000000000000E+000   8.65230039409082     
  1.000000000000001E-003   10.2338141603450     
  1.999999999999998E-003   11.9102093999622     
  2.999999999999999E-003   8.45182181398912     
  4.000000000000000E-003   10.5866075387868     
  4.999999999999998E-003   9.47685669421231     
  5.999999999999998E-003   2.44434462306175     
  6.999999999999999E-003   2.26508899021499     
  8.000000000000000E-003   1.47354384588345     
  9.000000000000001E-003   1.75030901736226     
  1.000000000000000E-002   1.51275634516272     
  1.100000000000000E-002  0.932684410833086     
  1.200000000000000E-002  0.380149862279646     
  1.300000000000000E-002  3.849077685233569E-002
  1.400000000000000E-002  0.000000000000000E+000
  1.500000000000000E-002  0.000000000000000E+000
  1.600000000000000E-002  0.000000000000000E+000
  1.700000000000000E-002  0.000000000000000E+000
  1.800000000000000E-002  0.000000000000000E+000
  1.900000000000000E-002  0.000000000000000E+000
  2.000000000000000E-002  0.000000000000000E+000
  2.100000000000000E-002  0.000000000000000E+000
  2.200000000000000E-002  0.000000000000000E+000
  2.300000000000000E-002  0.000000000000000E+000
  2.400000000000000E-002  0.000000000000000E+000
  2.500000000000000E-002  0.000000000000000E+000
 -2.500000000000000E-002  0.000000000000000E+000
 -2.400000000000000E-002  0.000000000000000E+000
 -2.300000000000000E-002  0.000000000000000E+000
 -2.200000000000000E-002  0.000000000000000E+000
 -2.100000000000000E-002  0.000000000000000E+000
 -2.000000000000000E-002  0.000000000000000E+000
 -1.900000000000000E-002  0.000000000000000E+000
 -1.800000000000000E-002  0.000000000000000E+000
 -1.700000000000000E-002  0.000000000000000E+000
 -1.600000000000000E-002  0.000000000000000E+000
 -1.500000000000000E-002  0.000000000000000E+000
 -1.400000000000000E-002  0.000000000000000E+000
 -1.300000000000000E-002  0.000000000000000E+000
 -1.200000000000000E-002  0.000000000000000E+000
 -1.100000000000000E-002  0.000000000000000E+000
 -1.000000000000000E-002  0.000000000000000E+000
 -9.000000000000001E-003  0.000000000000000E+000
 -8.000000000000000E-003  0.000000000000000E+000
 -6.999999999999999E-003  8.370683869435587E-002
 -6.000000000000002E-003  0.168731276806003     
 -5.000000000000001E-003  0.175801287986081     
 -4.000000000000000E-003  7.980796931699449E-003
 -3.000000000000003E-003  1.743355436476464E-002
 -2.000000000000002E-003  1.280681277498353E-002
 -1.000000000000001E-003  2.321188726959379E-004
  0.000000000000000E+000  0.000000000000000E+000
  1.000000000000001E-003  1.480333148786616E-002
  1.999999999999998E-003  9.196851696639930E-003
  2.999999999999999E-003  4.926032325042723E-002
  4.000000000000000E-003  0.111805891580870     
  4.999999999999998E-003  0.285423889401636     
  5.999999999999998E-003  0.569680986936843     
  6.999999999999999E-003  0.779671560384809     
  8.000000000000000E-003  0.368252510863898     
  9.000000000000001E-003   1.08858883910434     
  1.000000000000000E-002   1.65858927308774     
  1.100000000000000E-002   1.39711539521110     
  1.200000000000000E-002  3.351235314549268E-002
  1.300000000000000E-002  0.000000000000000E+000
  1.400000000000000E-002  0.000000000000000E+000
  1.500000000000000E-002  0.000000000000000E+000
  1.600000000000000E-002  0.000000000000000E+000
  1.700000000000000E-002  0.000000000000000E+000
  1.800000000000000E-002  0.000000000000000E+000
  1.900000000000000E-002  0.000000000000000E+000
  2.000000000000000E-002  0.000000000000000E+000
  2.100000000000000E-002  0.000000000000000E+000
  2.200000000000000E-002  0.000000000000000E+000
  2.300000000000000E-002  0.000000000000000E+000
  2.400000000000000E-002  0.000000000000000E+000
  2.500000000000000E-002  0.000000000000000E+000
 -2.500000000000000E-002  0.000000000000000E+000
 -2.400000000000000E-002  0.000000000000000E+000
 -2.300000000000000E-002  0.000000000000000E+000
 -2.200000000000000E-002  0.000000000000000E+000
 -2.100000000000000E-002  0.000000000000000E+000
 -2.000000000000000E-002  0.000000000000000E+000
 -1.900000000000000E-002  0.000000000000000E+000
 -1.800000000000000E-002  0.000000000000000E+000
 -1.700000000000000E-002  0.000000000000000E+000
 -1.600000000000000E-002  0.000000000000000E+000
 -1.500000000000000E-002  0.000000000000000E+000
 -1.400000000000000E-002  0.000000000000000E+000
 -1.300000000000000E-002  0.000000000000000E+000
 -1.200000000000000E-002  0.000000000000000E+000
 -1.100000000000000E-002  0.000000000000000E+000
 -1.000000000000000E-002  0.000000000000000E+000
 -9.000000000000001E-003  0.000000000000000E+000
 -8.000000000000000E-003  0.000000000000000E+000
 -6.999999999999999E-003  0.000000000000000E+000
 -6.000000000000002E-003  0.000000000000000E+000
 -5.000000000000001E-003  0.000000000000000E+000
 -4.000000000000000E-003  0.000000000000000E+000
 -3.000000000000003E-003  0.000000000000000E+000
 -2.000000000000002E-003  0.000000000000000E+000
 -1.000000000000001E-003  0.000000000000000E+000
  0.000000000000000E+000  0.000000000000000E+000
  1.000000000000001E-003  6.456230706342549E-003
  1.999999999999998E-003  4.094160503402679E-002
  2.999999999999999E-003  1.143646936586961E-002
  4.000000000000000E-003  0.185770540127443     
  4.999999999999998E-003  0.399609412271827     
  5.999999999999998E-003  0.115242483659546     
  6.999999999999999E-003  0.689739847596327     
  8.000000000000000E-003  0.989490996963992     
  9.000000000000001E-003   1.16121656445645     
  1.000000000000000E-002   1.02553502026725     
  1.100000000000000E-002  0.876140678177301     
  1.200000000000000E-002   1.23868697236214     
  1.300000000000000E-002  0.177429326255046     
  1.400000000000000E-002  0.000000000000000E+000
  1.500000000000000E-002  0.000000000000000E+000
  1.600000000000000E-002  0.000000000000000E+000
  1.700000000000000E-002  0.000000000000000E+000
  1.800000000000000E-002  0.000000000000000E+000
  1.900000000000000E-002  0.000000000000000E+000
  2.000000000000000E-002  0.000000000000000E+000
  2.100000000000000E-002  0.000000000000000E+000
  2.200000000000000E-002  0.000000000000000E+000
  2.300000000000000E-002  0.000000000000000E+000
  2.400000000000000E-002  0.000000000000000E+000
  2.500000000000000E-002  0.000000000000000E+000
4
   94.7153181818182     
17
39
19
38
27
39
  164.60549000
