 -2.500000000000000E-002  0.000000000000000E+000
 -2.400000000000000E-002  0.000000000000000E+000
 -2.300000000000000E-002  0.000000000000000E+000
 -2.200000000000000E-002  0.000000000000000E+000
 -2.100000000000000E-002  0.000000000000000E+000
 -2.000000000000000E-002  0.000000000000000E+000
 -1.900000000000000E-002  0.000000000000000E+000
 -1.800000000000000E-002  0.000000000000000E+000
 -1.700000000000000E-002  0.000000000000000E+000
 -1.600000000000000E-002  0.000000000000000E+000
 -1.500000000000000E-002  2.311129212585564E-002
 -1.400000000000000E-002  0.194944542735260     
 -1.300000000000000E-002  0.552187493325075     
 -1.200000000000000E-002  0.416183951749657     
 -1.100000000000000E-002  0.649422478316859     
 -1.000000000000000E-002  0.764804122463687     
 -9.000000000000001E-003   1.50705919190625     
 -8.000000000000000E-003   2.05799928430944     
 -6.999999999999999E-003   3.15124730089500     
 -6.000000000000002E-003   6.43974175766048     
 -5.000000000000001E-003   9.30539335088005     
 -4.000000000000000E-003   9.21864687403728     
 -3.000000000000003E-003   7.16590790206271     
 -2.000000000000002E-003   6.77026369350011     
 -1.000000000000001E-003   5.57370705364003     
  0.000000000000000E+000   4.69368787779989     
  1.000000000000001E-003   5.00314869554188     
  1.999999999999998E-003   6.13140994470028     
  2.999999999999999E-003   5.53832317789980     
  4.000000000000000E-003   6.55267221751701     
  4.999999999999998E-003   5.77041838202851     
  5.999999999999998E-003   11.5316841110314     
  6.999999999999999E-003   9.94837954763930     
  8.000000000000000E-003   8.02612210442578     
  9.000000000000001E-003   4.36541778466477     
  1.000000000000000E-002  0.417990657723653     
  1.100000000000000E-002  8.344377328620457E-002
  1.200000000000000E-002  0.000000000000000E+000
  1.300000000000000E-002  0.000000000000000E+000
  1.400000000000000E-002  0.000000000000000E+000
  1.500000000000000E-002  0.000000000000000E+000
  1.600000000000000E-002  0.000000000000000E+000
  1.700000000000000E-002  0.000000000000000E+000
  1.800000000000000E-002  0.000000000000000E+000
  1.900000000000000E-002  0.000000000000000E+000
  2.000000000000000E-002  0.000000000000000E+000
  2.100000000000000E-002  0.000000000000000E+000
  2.200000000000000E-002  0.000000000000000E+000
  2.300000000000000E-002  0.000000000000000E+000
  2.400000000000000E-002  0.000000000000000E+000
  2.500000000000000E-002  0.000000000000000E+000
 -2.500000000000000E-002  0.000000000000000E+000
 -2.400000000000000E-002  0.000000000000000E+000
 -2.300000000000000E-002  0.000000000000000E+000
 -2.200000000000000E-002  0.000000000000000E+000
 -2.100000000000000E-002  0.000000000000000E+000
 -2.000000000000000E-002  0.000000000000000E+000
 -1.900000000000000E-002  0.000000000000000E+000
 -1.800000000000000E-002  0.000000000000000E+000
 -1.700000000000000E-002  0.000000000000000E+000
 -1.600000000000000E-002  0.000000000000000E+000
 -1.500000000000000E-002  0.000000000000000E+000
 -1.400000000000000E-002  0.000000000000000E+000
 -1.300000000000000E-002  0.000000000000000E+000
 -1.200000000000000E-002  0.000000000000000E+000
 -1.100000000000000E-002  0.000000000000000E+000
 -1.000000000000000E-002  0.000000000000000E+000
 -9.000000000000001E-003  0.000000000000000E+000
 -8.000000000000000E-003  0.000000000000000E+000
 -6.999999999999999E-003  0.000000000000000E+000
 -6.000000000000002E-003  0.000000000000000E+000
 -5.000000000000001E-003  0.000000000000000E+000
 -4.000000000000000E-003  0.000000000000000E+000
 -3.000000000000003E-003  0.000000000000000E+000
 -2.000000000000002E-003  0.000000000000000E+000
 -1.000000000000001E-003  0.000000000000000E+000
  0.000000000000000E+000  0.000000000000000E+000
  1.000000000000001E-003  0.000000000000000E+000
  1.999999999999998E-003  0.000000000000000E+000
  2.999999999999999E-003  0.000000000000000E+000
  4.000000000000000E-003  0.000000000000000E+000
  4.999999999999998E-003  0.000000000000000E+000
  5.999999999999998E-003  0.000000000000000E+000
  6.999999999999999E-003  0.000000000000000E+000
  8.000000000000000E-003  0.000000000000000E+000
  9.000000000000001E-003  0.000000000000000E+000
  1.000000000000000E-002  0.000000000000000E+000
  1.100000000000000E-002  0.000000000000000E+000
  1.200000000000000E-002  0.000000000000000E+000
  1.300000000000000E-002  0.000000000000000E+000
  1.400000000000000E-002  0.000000000000000E+000
  1.500000000000000E-002  0.000000000000000E+000
  1.600000000000000E-002  0.000000000000000E+000
  1.700000000000000E-002  0.000000000000000E+000
  1.800000000000000E-002  0.000000000000000E+000
  1.900000000000000E-002  0.000000000000000E+000
  2.000000000000000E-002  0.000000000000000E+000
  2.100000000000000E-002  0.000000000000000E+000
  2.200000000000000E-002  0.000000000000000E+000
  2.300000000000000E-002  0.000000000000000E+000
  2.400000000000000E-002  0.000000000000000E+000
  2.500000000000000E-002  0.000000000000000E+000
 -2.500000000000000E-002  0.000000000000000E+000
 -2.400000000000000E-002  0.000000000000000E+000
 -2.300000000000000E-002  0.000000000000000E+000
 -2.200000000000000E-002  0.000000000000000E+000
 -2.100000000000000E-002  0.000000000000000E+000
 -2.000000000000000E-002  0.000000000000000E+000
 -1.900000000000000E-002  0.000000000000000E+000
 -1.800000000000000E-002  0.000000000000000E+000
 -1.700000000000000E-002  0.000000000000000E+000
 -1.600000000000000E-002  0.000000000000000E+000
 -1.500000000000000E-002  0.206465987232448     
 -1.400000000000000E-002   1.24551161971596     
 -1.300000000000000E-002   2.54539562251484     
 -1.200000000000000E-002   1.39279004213745     
 -1.100000000000000E-002   1.58285436733106     
 -1.000000000000000E-002   1.35701253630638     
 -9.000000000000001E-003   1.05635095575047     
 -8.000000000000000E-003  0.508980559996884     
 -6.999999999999999E-003  0.245932437077819     
 -6.000000000000002E-003  8.840172903588199E-002
 -5.000000000000001E-003  0.229051351985333     
 -4.000000000000000E-003  2.984125120612361E-002
 -3.000000000000003E-003  0.000000000000000E+000
 -2.000000000000002E-003  0.000000000000000E+000
 -1.000000000000001E-003  0.000000000000000E+000
  0.000000000000000E+000  0.000000000000000E+000
  1.000000000000001E-003  5.837740358360618E-003
  1.999999999999998E-003  3.721234915944524E-002
  2.999999999999999E-003  0.133103358660334     
  4.000000000000000E-003  0.101867317330015     
  4.999999999999998E-003  0.105834700025618     
  5.999999999999998E-003  0.152385527284522     
  6.999999999999999E-003  0.406465599114217     
  8.000000000000000E-003  0.408516623015394     
  9.000000000000001E-003  0.657678813791009     
  1.000000000000000E-002  0.581031259177478     
  1.100000000000000E-002  0.203379687926677     
  1.200000000000000E-002  0.000000000000000E+000
  1.300000000000000E-002  0.000000000000000E+000
  1.400000000000000E-002  0.000000000000000E+000
  1.500000000000000E-002  0.000000000000000E+000
  1.600000000000000E-002  0.000000000000000E+000
  1.700000000000000E-002  0.000000000000000E+000
  1.800000000000000E-002  0.000000000000000E+000
  1.900000000000000E-002  0.000000000000000E+000
  2.000000000000000E-002  0.000000000000000E+000
  2.100000000000000E-002  0.000000000000000E+000
  2.200000000000000E-002  0.000000000000000E+000
  2.300000000000000E-002  0.000000000000000E+000
  2.400000000000000E-002  0.000000000000000E+000
  2.500000000000000E-002  0.000000000000000E+000
4
   111.402433333333     
11
37
 0
 0
11
37
  125.23244000
