 -2.500000000000000E-002  0.000000000000000E+000
 -2.400000000000000E-002  0.000000000000000E+000
 -2.300000000000000E-002  0.000000000000000E+000
 -2.200000000000000E-002  0.000000000000000E+000
 -2.100000000000000E-002  0.000000000000000E+000
 -2.000000000000000E-002  0.000000000000000E+000
 -1.900000000000000E-002  0.000000000000000E+000
 -1.800000000000000E-002  1.004746636921073E-002
 -1.700000000000000E-002  2.964773858920547E-002
 -1.600000000000000E-002  0.107935649931957     
 -1.500000000000000E-002  7.615987160902007E-002
 -1.400000000000000E-002  6.563540274957302E-002
 -1.300000000000000E-002  0.134761017331756     
 -1.200000000000000E-002  0.278276878124775     
 -1.100000000000000E-002  0.101087032093795     
 -1.000000000000000E-002  0.264070585397155     
 -9.000000000000001E-003  0.482791324770564     
 -8.000000000000000E-003  0.296472338456012     
 -6.999999999999999E-003   4.47862565097132     
 -6.000000000000002E-003   12.9129708218055     
 -5.000000000000001E-003   17.7517701507264     
 -4.000000000000000E-003   13.0547902224162     
 -3.000000000000003E-003   13.1277649861969     
 -2.000000000000002E-003   10.6267752010169     
 -1.000000000000001E-003   9.71651946568606     
  0.000000000000000E+000   11.1192237485863     
  1.000000000000001E-003   8.35717525244814     
  1.999999999999998E-003   9.78365094845926     
  2.999999999999999E-003   5.68934084319855     
  4.000000000000000E-003   7.93613340716696     
  4.999999999999998E-003   9.58699024480370     
  5.999999999999998E-003   11.4441613713882     
  6.999999999999999E-003   4.52650079254178     
  8.000000000000000E-003   1.70068978758829     
  9.000000000000001E-003   1.16456528396790     
  1.000000000000000E-002   1.77066062723255     
  1.100000000000000E-002   1.07671602161550     
  1.200000000000000E-002  0.459031322016251     
  1.300000000000000E-002  0.235803016949388     
  1.400000000000000E-002  2.779604238665368E-002
  1.500000000000000E-002  0.000000000000000E+000
  1.600000000000000E-002  0.000000000000000E+000
  1.700000000000000E-002  0.000000000000000E+000
  1.800000000000000E-002  0.000000000000000E+000
  1.900000000000000E-002  0.000000000000000E+000
  2.000000000000000E-002  0.000000000000000E+000
  2.100000000000000E-002  0.000000000000000E+000
  2.200000000000000E-002  0.000000000000000E+000
  2.300000000000000E-002  0.000000000000000E+000
  2.400000000000000E-002  0.000000000000000E+000
  2.500000000000000E-002  0.000000000000000E+000
 -2.500000000000000E-002  0.000000000000000E+000
 -2.400000000000000E-002  0.000000000000000E+000
 -2.300000000000000E-002  0.000000000000000E+000
 -2.200000000000000E-002  0.000000000000000E+000
 -2.100000000000000E-002  0.000000000000000E+000
 -2.000000000000000E-002  0.000000000000000E+000
 -1.900000000000000E-002  0.000000000000000E+000
 -1.800000000000000E-002  0.264038814125235     
 -1.700000000000000E-002  0.536222869353411     
 -1.600000000000000E-002   1.36318555507447     
 -1.500000000000000E-002  0.680378361954987     
 -1.400000000000000E-002  0.419348270242929     
 -1.300000000000000E-002  0.621202232481496     
 -1.200000000000000E-002  0.931273931106364     
 -1.100000000000000E-002  0.246382063406388     
 -1.000000000000000E-002  0.468547546134230     
 -9.000000000000001E-003  0.508411032256828     
 -8.000000000000000E-003  4.814337635997143E-002
 -6.999999999999999E-003  3.432426764295420E-002
 -6.000000000000002E-003  0.132307358371676     
 -5.000000000000001E-003  4.499737396326428E-002
 -4.000000000000000E-003  1.804993497802978E-002
 -3.000000000000003E-003  3.103834434880958E-003
 -2.000000000000002E-003  3.334355956721795E-004
 -1.000000000000001E-003  0.000000000000000E+000
  0.000000000000000E+000  0.000000000000000E+000
  1.000000000000001E-003  3.081964442957863E-003
  1.999999999999998E-003  3.587647237264049E-002
  2.999999999999999E-003  3.400869360851860E-002
  4.000000000000000E-003  6.117983752219867E-002
  4.999999999999998E-003  0.180240870992046     
  5.999999999999998E-003  0.377788203360253     
  6.999999999999999E-003  0.813889151350792     
  8.000000000000000E-003  0.862320185803264     
  9.000000000000001E-003  0.740929457859463     
  1.000000000000000E-002   1.46291493777790     
  1.100000000000000E-002   1.09481376239100     
  1.200000000000000E-002  0.783472256215479     
  1.300000000000000E-002   1.08057739001119     
  1.400000000000000E-002  0.177590474136584     
  1.500000000000000E-002  0.000000000000000E+000
  1.600000000000000E-002  0.000000000000000E+000
  1.700000000000000E-002  0.000000000000000E+000
  1.800000000000000E-002  0.000000000000000E+000
  1.900000000000000E-002  0.000000000000000E+000
  2.000000000000000E-002  0.000000000000000E+000
  2.100000000000000E-002  0.000000000000000E+000
  2.200000000000000E-002  0.000000000000000E+000
  2.300000000000000E-002  0.000000000000000E+000
  2.400000000000000E-002  0.000000000000000E+000
  2.500000000000000E-002  0.000000000000000E+000
 -2.500000000000000E-002  0.000000000000000E+000
 -2.400000000000000E-002  0.000000000000000E+000
 -2.300000000000000E-002  0.000000000000000E+000
 -2.200000000000000E-002  0.000000000000000E+000
 -2.100000000000000E-002  0.000000000000000E+000
 -2.000000000000000E-002  0.000000000000000E+000
 -1.900000000000000E-002  0.000000000000000E+000
 -1.800000000000000E-002  0.000000000000000E+000
 -1.700000000000000E-002  0.000000000000000E+000
 -1.600000000000000E-002  0.000000000000000E+000
 -1.500000000000000E-002  0.000000000000000E+000
 -1.400000000000000E-002  0.000000000000000E+000
 -1.300000000000000E-002  0.000000000000000E+000
 -1.200000000000000E-002  0.000000000000000E+000
 -1.100000000000000E-002  0.000000000000000E+000
 -1.000000000000000E-002  0.000000000000000E+000
 -9.000000000000001E-003  0.000000000000000E+000
 -8.000000000000000E-003  0.000000000000000E+000
 -6.999999999999999E-003  0.000000000000000E+000
 -6.000000000000002E-003  0.000000000000000E+000
 -5.000000000000001E-003  0.000000000000000E+000
 -4.000000000000000E-003  0.000000000000000E+000
 -3.000000000000003E-003  0.000000000000000E+000
 -2.000000000000002E-003  0.000000000000000E+000
 -1.000000000000001E-003  0.000000000000000E+000
  0.000000000000000E+000  0.000000000000000E+000
  1.000000000000001E-003  4.641173032086117E-003
  1.999999999999998E-003  1.871243396832837E-002
  2.999999999999999E-003  1.252662079851897E-003
  4.000000000000000E-003  1.420284145356945E-002
  4.999999999999998E-003  5.025804917525541E-002
  5.999999999999998E-003  0.183081883721191     
  6.999999999999999E-003  0.298529123094083     
  8.000000000000000E-003  0.704718707798708     
  9.000000000000001E-003  0.755974941695503     
  1.000000000000000E-002   1.67881586377484     
  1.100000000000000E-002   1.52949431762264     
  1.200000000000000E-002  0.752709645190457     
  1.300000000000000E-002  6.393927474650372E-003
  1.400000000000000E-002  0.000000000000000E+000
  1.500000000000000E-002  0.000000000000000E+000
  1.600000000000000E-002  0.000000000000000E+000
  1.700000000000000E-002  0.000000000000000E+000
  1.800000000000000E-002  0.000000000000000E+000
  1.900000000000000E-002  0.000000000000000E+000
  2.000000000000000E-002  0.000000000000000E+000
  2.100000000000000E-002  0.000000000000000E+000
  2.200000000000000E-002  0.000000000000000E+000
  2.300000000000000E-002  0.000000000000000E+000
  2.400000000000000E-002  0.000000000000000E+000
  2.500000000000000E-002  0.000000000000000E+000
4
   104.252645454545     
 8
40
 8
40
27
39
  178.32023000
