 -2.500000000000000E-002  0.000000000000000E+000
 -2.400000000000000E-002  0.000000000000000E+000
 -2.300000000000000E-002  0.000000000000000E+000
 -2.200000000000000E-002  0.000000000000000E+000
 -2.100000000000000E-002  0.000000000000000E+000
 -2.000000000000000E-002  0.000000000000000E+000
 -1.900000000000000E-002  0.000000000000000E+000
 -1.800000000000000E-002  0.000000000000000E+000
 -1.700000000000000E-002  0.000000000000000E+000
 -1.600000000000000E-002  0.000000000000000E+000
 -1.500000000000000E-002  0.000000000000000E+000
 -1.400000000000000E-002  0.000000000000000E+000
 -1.300000000000000E-002  0.000000000000000E+000
 -1.200000000000000E-002  0.000000000000000E+000
 -1.100000000000000E-002  0.000000000000000E+000
 -1.000000000000000E-002  3.697966504406013E-002
 -9.000000000000001E-003  0.218206660258850     
 -8.000000000000000E-003  0.564019030177722     
 -6.999999999999999E-003  0.535947855773105     
 -6.000000000000002E-003  0.765542433550996     
 -5.000000000000001E-003  0.953361305489500     
 -4.000000000000000E-003   2.72184925495895     
 -3.000000000000003E-003   22.8576789857110     
 -2.000000000000002E-003   40.9073832783836     
 -1.000000000000001E-003   47.4056361031330     
  0.000000000000000E+000   33.2225890370110     
  1.000000000000001E-003   32.1109112774645     
  1.999999999999998E-003   27.0285502981649     
  2.999999999999999E-003   13.7179674817126     
  4.000000000000000E-003   2.40925813573736     
  4.999999999999998E-003   1.76247626133525     
  5.999999999999998E-003   1.16939537229817     
  6.999999999999999E-003  0.887738525625889     
  8.000000000000000E-003  0.411451162095375     
  9.000000000000001E-003   1.09546526594678     
  1.000000000000000E-002  0.640940498601088     
  1.100000000000000E-002  8.610173602473711E-002
  1.200000000000000E-002  0.140349487987555     
  1.300000000000000E-002  0.401942010439601     
  1.400000000000000E-002  3.947388970922055E-002
  1.500000000000000E-002  3.800994779495719E-002
  1.600000000000000E-002  2.509169022528373E-002
  1.700000000000000E-002  2.937178950055262E-002
  1.800000000000000E-002  1.794331829688526E-002
  1.900000000000000E-002  2.800740835091956E-003
  2.000000000000000E-002  0.000000000000000E+000
  2.100000000000000E-002  0.000000000000000E+000
  2.200000000000000E-002  0.000000000000000E+000
  2.300000000000000E-002  0.000000000000000E+000
  2.400000000000000E-002  0.000000000000000E+000
  2.500000000000000E-002  0.000000000000000E+000
 -2.500000000000000E-002  0.000000000000000E+000
 -2.400000000000000E-002  0.000000000000000E+000
 -2.300000000000000E-002  0.000000000000000E+000
 -2.200000000000000E-002  0.000000000000000E+000
 -2.100000000000000E-002  0.000000000000000E+000
 -2.000000000000000E-002  0.000000000000000E+000
 -1.900000000000000E-002  0.000000000000000E+000
 -1.800000000000000E-002  0.000000000000000E+000
 -1.700000000000000E-002  0.000000000000000E+000
 -1.600000000000000E-002  0.000000000000000E+000
 -1.500000000000000E-002  0.000000000000000E+000
 -1.400000000000000E-002  0.000000000000000E+000
 -1.300000000000000E-002  0.000000000000000E+000
 -1.200000000000000E-002  0.000000000000000E+000
 -1.100000000000000E-002  0.000000000000000E+000
 -1.000000000000000E-002  0.000000000000000E+000
 -9.000000000000001E-003  0.000000000000000E+000
 -8.000000000000000E-003  0.000000000000000E+000
 -6.999999999999999E-003  0.000000000000000E+000
 -6.000000000000002E-003  0.000000000000000E+000
 -5.000000000000001E-003  0.000000000000000E+000
 -4.000000000000000E-003  0.000000000000000E+000
 -3.000000000000003E-003  0.000000000000000E+000
 -2.000000000000002E-003  0.000000000000000E+000
 -1.000000000000001E-003  0.000000000000000E+000
  0.000000000000000E+000  0.000000000000000E+000
  1.000000000000001E-003  0.000000000000000E+000
  1.999999999999998E-003  0.000000000000000E+000
  2.999999999999999E-003  0.000000000000000E+000
  4.000000000000000E-003  0.000000000000000E+000
  4.999999999999998E-003  0.000000000000000E+000
  5.999999999999998E-003  0.000000000000000E+000
  6.999999999999999E-003  0.000000000000000E+000
  8.000000000000000E-003  0.000000000000000E+000
  9.000000000000001E-003  0.000000000000000E+000
  1.000000000000000E-002  0.000000000000000E+000
  1.100000000000000E-002  0.000000000000000E+000
  1.200000000000000E-002  0.000000000000000E+000
  1.300000000000000E-002  0.000000000000000E+000
  1.400000000000000E-002  0.000000000000000E+000
  1.500000000000000E-002  0.000000000000000E+000
  1.600000000000000E-002  0.000000000000000E+000
  1.700000000000000E-002  0.000000000000000E+000
  1.800000000000000E-002  0.000000000000000E+000
  1.900000000000000E-002  0.000000000000000E+000
  2.000000000000000E-002  0.000000000000000E+000
  2.100000000000000E-002  0.000000000000000E+000
  2.200000000000000E-002  0.000000000000000E+000
  2.300000000000000E-002  0.000000000000000E+000
  2.400000000000000E-002  0.000000000000000E+000
  2.500000000000000E-002  0.000000000000000E+000
 -2.500000000000000E-002  0.000000000000000E+000
 -2.400000000000000E-002  0.000000000000000E+000
 -2.300000000000000E-002  0.000000000000000E+000
 -2.200000000000000E-002  0.000000000000000E+000
 -2.100000000000000E-002  0.000000000000000E+000
 -2.000000000000000E-002  0.000000000000000E+000
 -1.900000000000000E-002  0.000000000000000E+000
 -1.800000000000000E-002  0.000000000000000E+000
 -1.700000000000000E-002  0.000000000000000E+000
 -1.600000000000000E-002  0.000000000000000E+000
 -1.500000000000000E-002  0.000000000000000E+000
 -1.400000000000000E-002  0.000000000000000E+000
 -1.300000000000000E-002  0.000000000000000E+000
 -1.200000000000000E-002  0.000000000000000E+000
 -1.100000000000000E-002  0.000000000000000E+000
 -1.000000000000000E-002  6.561401485591881E-002
 -9.000000000000001E-003  0.280477629077831     
 -8.000000000000000E-003  0.519694869382091     
 -6.999999999999999E-003  0.347680774026137     
 -6.000000000000002E-003  0.339823349765415     
 -5.000000000000001E-003  0.277040414860473     
 -4.000000000000000E-003  7.523493692422516E-002
 -3.000000000000003E-003  8.061855272577566E-002
 -2.000000000000002E-003  2.129500644095080E-003
 -1.000000000000001E-003  1.988788753204535E-003
  0.000000000000000E+000  0.000000000000000E+000
  1.000000000000001E-003  0.000000000000000E+000
  1.999999999999998E-003  0.000000000000000E+000
  2.999999999999999E-003  0.000000000000000E+000
  4.000000000000000E-003  6.949988576536845E-003
  4.999999999999998E-003  3.118402148576509E-002
  5.999999999999998E-003  6.178923320668357E-002
  6.999999999999999E-003  8.970284660751446E-002
  8.000000000000000E-003  0.116041651798889     
  9.000000000000001E-003  0.118953544175493     
  1.000000000000000E-002  4.802287556933887E-002
  1.100000000000000E-002  0.209858009927161     
  1.200000000000000E-002  0.283532222356392     
  1.300000000000000E-002  0.169212936789494     
  1.400000000000000E-002  0.252200895795211     
  1.500000000000000E-002  0.339563939281439     
  1.600000000000000E-002  0.316898352759934     
  1.700000000000000E-002  0.531231925046894     
  1.800000000000000E-002  0.471535042814320     
  1.900000000000000E-002  0.108647183506256     
  2.000000000000000E-002  0.000000000000000E+000
  2.100000000000000E-002  0.000000000000000E+000
  2.200000000000000E-002  0.000000000000000E+000
  2.300000000000000E-002  0.000000000000000E+000
  2.400000000000000E-002  0.000000000000000E+000
  2.500000000000000E-002  0.000000000000000E+000
4
   110.363471428571     
16
45
 0
 0
16
45
  257.88522000
