 -2.500000000000000E-002  0.000000000000000E+000
 -2.400000000000000E-002  0.000000000000000E+000
 -2.300000000000000E-002  0.000000000000000E+000
 -2.200000000000000E-002  0.000000000000000E+000
 -2.100000000000000E-002  0.000000000000000E+000
 -2.000000000000000E-002  0.000000000000000E+000
 -1.900000000000000E-002  0.000000000000000E+000
 -1.800000000000000E-002  0.000000000000000E+000
 -1.700000000000000E-002  1.615125612000723E-002
 -1.600000000000000E-002  0.106811648122817     
 -1.500000000000000E-002  0.338007549379333     
 -1.400000000000000E-002  9.596828689334744E-002
 -1.300000000000000E-002  0.244279793029167     
 -1.200000000000000E-002  0.351761872756978     
 -1.100000000000000E-002  0.670377748250497     
 -1.000000000000000E-002  0.942532684929097     
 -9.000000000000001E-003  0.753583824873579     
 -8.000000000000000E-003   1.16636126321839     
 -6.999999999999999E-003   1.70187352023668     
 -6.000000000000002E-003   5.15606910245320     
 -5.000000000000001E-003   17.8821470370782     
 -4.000000000000000E-003   29.8349177779617     
 -3.000000000000003E-003   21.6591294944802     
 -2.000000000000002E-003   13.2377687234959     
 -1.000000000000001E-003   15.7529542770512     
  0.000000000000000E+000   13.5163487267538     
  1.000000000000001E-003   6.04200364991600     
  1.999999999999998E-003   3.82122281062272     
  2.999999999999999E-003   4.22884534798905     
  4.000000000000000E-003   4.35508813256342     
  4.999999999999998E-003   2.83248931501235     
  5.999999999999998E-003   2.16997176212979     
  6.999999999999999E-003   1.76527463225203     
  8.000000000000000E-003   2.33689813738824     
  9.000000000000001E-003   3.70968236717080     
  1.000000000000000E-002   2.17282289550076     
  1.100000000000000E-002   1.08500519582877     
  1.200000000000000E-002   1.84526692333497     
  1.300000000000000E-002  0.813055081285254     
  1.400000000000000E-002  0.576018150415603     
  1.500000000000000E-002  0.206914008357957     
  1.600000000000000E-002  0.000000000000000E+000
  1.700000000000000E-002  0.000000000000000E+000
  1.800000000000000E-002  0.000000000000000E+000
  1.900000000000000E-002  0.000000000000000E+000
  2.000000000000000E-002  0.000000000000000E+000
  2.100000000000000E-002  0.000000000000000E+000
  2.200000000000000E-002  0.000000000000000E+000
  2.300000000000000E-002  0.000000000000000E+000
  2.400000000000000E-002  0.000000000000000E+000
  2.500000000000000E-002  0.000000000000000E+000
 -2.500000000000000E-002  0.000000000000000E+000
 -2.400000000000000E-002  0.000000000000000E+000
 -2.300000000000000E-002  0.000000000000000E+000
 -2.200000000000000E-002  0.000000000000000E+000
 -2.100000000000000E-002  0.000000000000000E+000
 -2.000000000000000E-002  0.000000000000000E+000
 -1.900000000000000E-002  0.000000000000000E+000
 -1.800000000000000E-002  0.000000000000000E+000
 -1.700000000000000E-002  0.292119173753286     
 -1.600000000000000E-002   1.34898984651050     
 -1.500000000000000E-002   3.01960885590427     
 -1.400000000000000E-002  0.613146768679868     
 -1.300000000000000E-002   1.12604635809675     
 -1.200000000000000E-002   1.17719684173272     
 -1.100000000000000E-002   1.63392919402789     
 -1.000000000000000E-002   1.67236110758284     
 -9.000000000000001E-003  0.337720448039566     
 -8.000000000000000E-003  5.617371625554845E-002
 -6.999999999999999E-003  0.186261625602913     
 -6.000000000000002E-003  0.295410796675073     
 -5.000000000000001E-003  0.104669135019926     
 -4.000000000000000E-003  5.776464448021539E-002
 -3.000000000000003E-003  8.205249366944705E-003
 -2.000000000000002E-003  2.264833476090943E-003
 -1.000000000000001E-003  0.000000000000000E+000
  0.000000000000000E+000  0.000000000000000E+000
  1.000000000000001E-003  3.524666632253352E-003
  1.999999999999998E-003  2.059159348143951E-002
  2.999999999999999E-003  8.189993914269962E-002
  4.000000000000000E-003  0.111398730266000     
  4.999999999999998E-003  0.431074379390727     
  5.999999999999998E-003  0.576474741594985     
  6.999999999999999E-003  0.431468848950265     
  8.000000000000000E-003   1.03758285874728     
  9.000000000000001E-003  0.961347363047010     
  1.000000000000000E-002   1.83106199464776     
  1.100000000000000E-002   1.86773908249963     
  1.200000000000000E-002   3.24756571065044     
  1.300000000000000E-002   3.20961820720809     
  1.400000000000000E-002   3.68021227700755     
  1.500000000000000E-002   1.84847756565091     
  1.600000000000000E-002  0.000000000000000E+000
  1.700000000000000E-002  0.000000000000000E+000
  1.800000000000000E-002  0.000000000000000E+000
  1.900000000000000E-002  0.000000000000000E+000
  2.000000000000000E-002  0.000000000000000E+000
  2.100000000000000E-002  0.000000000000000E+000
  2.200000000000000E-002  0.000000000000000E+000
  2.300000000000000E-002  0.000000000000000E+000
  2.400000000000000E-002  0.000000000000000E+000
  2.500000000000000E-002  0.000000000000000E+000
 -2.500000000000000E-002  0.000000000000000E+000
 -2.400000000000000E-002  0.000000000000000E+000
 -2.300000000000000E-002  0.000000000000000E+000
 -2.200000000000000E-002  0.000000000000000E+000
 -2.100000000000000E-002  0.000000000000000E+000
 -2.000000000000000E-002  0.000000000000000E+000
 -1.900000000000000E-002  0.000000000000000E+000
 -1.800000000000000E-002  0.000000000000000E+000
 -1.700000000000000E-002  0.000000000000000E+000
 -1.600000000000000E-002  0.000000000000000E+000
 -1.500000000000000E-002  0.000000000000000E+000
 -1.400000000000000E-002  0.000000000000000E+000
 -1.300000000000000E-002  0.000000000000000E+000
 -1.200000000000000E-002  0.000000000000000E+000
 -1.100000000000000E-002  0.000000000000000E+000
 -1.000000000000000E-002  0.000000000000000E+000
 -9.000000000000001E-003  0.000000000000000E+000
 -8.000000000000000E-003  0.000000000000000E+000
 -6.999999999999999E-003  0.000000000000000E+000
 -6.000000000000002E-003  0.000000000000000E+000
 -5.000000000000001E-003  0.000000000000000E+000
 -4.000000000000000E-003  0.000000000000000E+000
 -3.000000000000003E-003  0.000000000000000E+000
 -2.000000000000002E-003  0.000000000000000E+000
 -1.000000000000001E-003  0.000000000000000E+000
  0.000000000000000E+000  0.000000000000000E+000
  1.000000000000001E-003  0.000000000000000E+000
  1.999999999999998E-003  0.000000000000000E+000
  2.999999999999999E-003  0.000000000000000E+000
  4.000000000000000E-003  0.000000000000000E+000
  4.999999999999998E-003  2.150356625379530E-002
  5.999999999999998E-003  0.225367145364502     
  6.999999999999999E-003  0.367722180433718     
  8.000000000000000E-003   1.02675636813132     
  9.000000000000001E-003   3.80698974335303     
  1.000000000000000E-002   2.02423614217427     
  1.100000000000000E-002  0.776772418311894     
  1.200000000000000E-002   2.92775504619727     
  1.300000000000000E-002  0.538287838806930     
  1.400000000000000E-002  0.000000000000000E+000
  1.500000000000000E-002  0.000000000000000E+000
  1.600000000000000E-002  0.000000000000000E+000
  1.700000000000000E-002  0.000000000000000E+000
  1.800000000000000E-002  0.000000000000000E+000
  1.900000000000000E-002  0.000000000000000E+000
  2.000000000000000E-002  0.000000000000000E+000
  2.100000000000000E-002  0.000000000000000E+000
  2.200000000000000E-002  0.000000000000000E+000
  2.300000000000000E-002  0.000000000000000E+000
  2.400000000000000E-002  0.000000000000000E+000
  2.500000000000000E-002  0.000000000000000E+000
4
   92.9485666666667     
 9
41
 9
41
31
39
  191.34314000
