 -2.500000000000000E-002  0.000000000000000E+000
 -2.400000000000000E-002  0.000000000000000E+000
 -2.300000000000000E-002  0.000000000000000E+000
 -2.200000000000000E-002  0.000000000000000E+000
 -2.100000000000000E-002  0.000000000000000E+000
 -2.000000000000000E-002  0.000000000000000E+000
 -1.900000000000000E-002  0.000000000000000E+000
 -1.800000000000000E-002  0.000000000000000E+000
 -1.700000000000000E-002  0.000000000000000E+000
 -1.600000000000000E-002  5.604609626026037E-002
 -1.500000000000000E-002  0.184052985419945     
 -1.400000000000000E-002  0.351676473672876     
 -1.300000000000000E-002  0.154005552618794     
 -1.200000000000000E-002  0.266687016215662     
 -1.100000000000000E-002  0.702084304912368     
 -1.000000000000000E-002  0.679702212863997     
 -9.000000000000001E-003  0.710197468605515     
 -8.000000000000000E-003   1.45790836850768     
 -6.999999999999999E-003   1.90510802277072     
 -6.000000000000002E-003   3.69628792932861     
 -5.000000000000001E-003   7.58519428579412     
 -4.000000000000000E-003   13.9170576330994     
 -3.000000000000003E-003   17.1134634519180     
 -2.000000000000002E-003   10.7660845993431     
 -1.000000000000001E-003   7.64988099569911     
  0.000000000000000E+000   6.63985066625802     
  1.000000000000001E-003   8.93344941360003     
  1.999999999999998E-003   6.10542578774387     
  2.999999999999999E-003   2.39995862932743     
  4.000000000000000E-003   2.26676887335613     
  4.999999999999998E-003   1.54168516822317     
  5.999999999999998E-003   1.96335828458038     
  6.999999999999999E-003   1.64134452538511     
  8.000000000000000E-003  0.775346440151651     
  9.000000000000001E-003  0.923147092699798     
  1.000000000000000E-002  0.542358463076468     
  1.100000000000000E-002  0.982141988913577     
  1.200000000000000E-002  0.812399173520553     
  1.300000000000000E-002  0.645706748320025     
  1.400000000000000E-002  0.576450941051097     
  1.500000000000000E-002  0.386172836378961     
  1.600000000000000E-002  8.417974897690914E-002
  1.700000000000000E-002  0.000000000000000E+000
  1.800000000000000E-002  0.000000000000000E+000
  1.900000000000000E-002  0.000000000000000E+000
  2.000000000000000E-002  0.000000000000000E+000
  2.100000000000000E-002  0.000000000000000E+000
  2.200000000000000E-002  0.000000000000000E+000
  2.300000000000000E-002  0.000000000000000E+000
  2.400000000000000E-002  0.000000000000000E+000
  2.500000000000000E-002  0.000000000000000E+000
 -2.500000000000000E-002  0.000000000000000E+000
 -2.400000000000000E-002  0.000000000000000E+000
 -2.300000000000000E-002  0.000000000000000E+000
 -2.200000000000000E-002  0.000000000000000E+000
 -2.100000000000000E-002  0.000000000000000E+000
 -2.000000000000000E-002  0.000000000000000E+000
 -1.900000000000000E-002  0.000000000000000E+000
 -1.800000000000000E-002  0.000000000000000E+000
 -1.700000000000000E-002  0.000000000000000E+000
 -1.600000000000000E-002  0.707840540993304     
 -1.500000000000000E-002   1.64424737184190     
 -1.400000000000000E-002   2.24688071897011     
 -1.300000000000000E-002  0.709912962929208     
 -1.200000000000000E-002  0.892487610324657     
 -1.100000000000000E-002   1.71120841265818     
 -1.000000000000000E-002   1.20601392790665     
 -9.000000000000001E-003  0.912870862581626     
 -8.000000000000000E-003  0.201743053660467     
 -6.999999999999999E-003  0.230328034304007     
 -6.000000000000002E-003  0.181369660542754     
 -5.000000000000001E-003  0.166798197539196     
 -4.000000000000000E-003  7.342469605863253E-002
 -3.000000000000003E-003  2.682703129587680E-002
 -2.000000000000002E-003  1.937503353611470E-003
 -1.000000000000001E-003  1.051319108811639E-003
  0.000000000000000E+000  0.000000000000000E+000
  1.000000000000001E-003  4.823199499649595E-003
  1.999999999999998E-003  2.178005669090847E-002
  2.999999999999999E-003  4.283051600362025E-002
  4.000000000000000E-003  0.150322242642582     
  4.999999999999998E-003  0.240110715816668     
  5.999999999999998E-003  0.512021857429748     
  6.999999999999999E-003  0.502226024649448     
  8.000000000000000E-003  0.664056674056389     
  9.000000000000001E-003   1.18659122294151     
  1.000000000000000E-002  0.962321216569502     
  1.100000000000000E-002   2.39380032012469     
  1.200000000000000E-002   2.71875326850840     
  1.300000000000000E-002   2.97648742586514     
  1.400000000000000E-002   3.68297740065682     
  1.500000000000000E-002   3.44989607119965     
  1.600000000000000E-002   1.06315770468291     
  1.700000000000000E-002  0.000000000000000E+000
  1.800000000000000E-002  0.000000000000000E+000
  1.900000000000000E-002  0.000000000000000E+000
  2.000000000000000E-002  0.000000000000000E+000
  2.100000000000000E-002  0.000000000000000E+000
  2.200000000000000E-002  0.000000000000000E+000
  2.300000000000000E-002  0.000000000000000E+000
  2.400000000000000E-002  0.000000000000000E+000
  2.500000000000000E-002  0.000000000000000E+000
 -2.500000000000000E-002  0.000000000000000E+000
 -2.400000000000000E-002  0.000000000000000E+000
 -2.300000000000000E-002  0.000000000000000E+000
 -2.200000000000000E-002  0.000000000000000E+000
 -2.100000000000000E-002  0.000000000000000E+000
 -2.000000000000000E-002  0.000000000000000E+000
 -1.900000000000000E-002  0.000000000000000E+000
 -1.800000000000000E-002  0.000000000000000E+000
 -1.700000000000000E-002  0.000000000000000E+000
 -1.600000000000000E-002  0.000000000000000E+000
 -1.500000000000000E-002  0.000000000000000E+000
 -1.400000000000000E-002  0.000000000000000E+000
 -1.300000000000000E-002  0.000000000000000E+000
 -1.200000000000000E-002  0.000000000000000E+000
 -1.100000000000000E-002  0.000000000000000E+000
 -1.000000000000000E-002  0.000000000000000E+000
 -9.000000000000001E-003  0.000000000000000E+000
 -8.000000000000000E-003  0.000000000000000E+000
 -6.999999999999999E-003  0.000000000000000E+000
 -6.000000000000002E-003  0.000000000000000E+000
 -5.000000000000001E-003  0.000000000000000E+000
 -4.000000000000000E-003  0.000000000000000E+000
 -3.000000000000003E-003  0.000000000000000E+000
 -2.000000000000002E-003  0.000000000000000E+000
 -1.000000000000001E-003  0.000000000000000E+000
  0.000000000000000E+000  0.000000000000000E+000
  1.000000000000001E-003  0.000000000000000E+000
  1.999999999999998E-003  0.000000000000000E+000
  2.999999999999999E-003  0.000000000000000E+000
  4.000000000000000E-003  0.000000000000000E+000
  4.999999999999998E-003  0.000000000000000E+000
  5.999999999999998E-003  0.000000000000000E+000
  6.999999999999999E-003  0.000000000000000E+000
  8.000000000000000E-003  0.000000000000000E+000
  9.000000000000001E-003  0.000000000000000E+000
  1.000000000000000E-002  0.000000000000000E+000
  1.100000000000000E-002  0.000000000000000E+000
  1.200000000000000E-002  0.000000000000000E+000
  1.300000000000000E-002  0.000000000000000E+000
  1.400000000000000E-002  0.000000000000000E+000
  1.500000000000000E-002  0.000000000000000E+000
  1.600000000000000E-002  0.000000000000000E+000
  1.700000000000000E-002  0.000000000000000E+000
  1.800000000000000E-002  0.000000000000000E+000
  1.900000000000000E-002  0.000000000000000E+000
  2.000000000000000E-002  0.000000000000000E+000
  2.100000000000000E-002  0.000000000000000E+000
  2.200000000000000E-002  0.000000000000000E+000
  2.300000000000000E-002  0.000000000000000E+000
  2.400000000000000E-002  0.000000000000000E+000
  2.500000000000000E-002  0.000000000000000E+000
4
   86.5926750000000     
10
42
10
42
 0
 0
  125.22945000
