 -2.500000000000000E-002  0.000000000000000E+000
 -2.400000000000000E-002  0.000000000000000E+000
 -2.300000000000000E-002  0.000000000000000E+000
 -2.200000000000000E-002  0.000000000000000E+000
 -2.100000000000000E-002  0.000000000000000E+000
 -2.000000000000000E-002  0.000000000000000E+000
 -1.900000000000000E-002  0.000000000000000E+000
 -1.800000000000000E-002  0.000000000000000E+000
 -1.700000000000000E-002  0.000000000000000E+000
 -1.600000000000000E-002  1.106115248319633E-002
 -1.500000000000000E-002  3.833295935476998E-002
 -1.400000000000000E-002  0.223408013968290     
 -1.300000000000000E-002  7.384437867983837E-002
 -1.200000000000000E-002  8.807761901139015E-002
 -1.100000000000000E-002  0.184599851255852     
 -1.000000000000000E-002  0.604458904840912     
 -9.000000000000001E-003  0.277674136743028     
 -8.000000000000000E-003  0.281273498712465     
 -6.999999999999999E-003  0.747823641032565     
 -6.000000000000002E-003   1.11333401555473     
 -5.000000000000001E-003  0.520539240830546     
 -4.000000000000000E-003   6.23150226503901     
 -3.000000000000003E-003   18.5027176469478     
 -2.000000000000002E-003   22.7648352538203     
 -1.000000000000001E-003   21.5115095970185     
  0.000000000000000E+000   18.2057030481194     
  1.000000000000001E-003   18.5541149806756     
  1.999999999999998E-003   18.2486560407939     
  2.999999999999999E-003   8.35141993940211     
  4.000000000000000E-003   1.15633801678508     
  4.999999999999998E-003   1.53804494689196     
  5.999999999999998E-003  0.435490970730588     
  6.999999999999999E-003  0.462568033273769     
  8.000000000000000E-003  0.322002052907429     
  9.000000000000001E-003  0.292461584115847     
  1.000000000000000E-002  0.309203192116620     
  1.100000000000000E-002  0.403721986533384     
  1.200000000000000E-002  0.549340966328222     
  1.300000000000000E-002  0.172916542292620     
  1.400000000000000E-002  0.207543391189116     
  1.500000000000000E-002  0.150059973127842     
  1.600000000000000E-002  5.308819490933309E-002
  1.700000000000000E-002  8.258573355175658E-003
  1.800000000000000E-002  0.000000000000000E+000
  1.900000000000000E-002  0.000000000000000E+000
  2.000000000000000E-002  0.000000000000000E+000
  2.100000000000000E-002  0.000000000000000E+000
  2.200000000000000E-002  0.000000000000000E+000
  2.300000000000000E-002  0.000000000000000E+000
  2.400000000000000E-002  0.000000000000000E+000
  2.500000000000000E-002  0.000000000000000E+000
 -2.500000000000000E-002  0.000000000000000E+000
 -2.400000000000000E-002  0.000000000000000E+000
 -2.300000000000000E-002  0.000000000000000E+000
 -2.200000000000000E-002  0.000000000000000E+000
 -2.100000000000000E-002  0.000000000000000E+000
 -2.000000000000000E-002  0.000000000000000E+000
 -1.900000000000000E-002  0.000000000000000E+000
 -1.800000000000000E-002  0.000000000000000E+000
 -1.700000000000000E-002  0.000000000000000E+000
 -1.600000000000000E-002  0.139698082117214     
 -1.500000000000000E-002  0.342449580647620     
 -1.400000000000000E-002   1.42736633419409     
 -1.300000000000000E-002  0.340397347841296     
 -1.200000000000000E-002  0.294758195693310     
 -1.100000000000000E-002  0.449930038649548     
 -1.000000000000000E-002   1.07250770159138     
 -9.000000000000001E-003  0.356915702928272     
 -8.000000000000000E-003  0.259169259108081     
 -6.999999999999999E-003  5.075929541896564E-002
 -6.000000000000002E-003  9.673997151387682E-002
 -5.000000000000001E-003  5.498702324257191E-002
 -4.000000000000000E-003  5.423633490446892E-002
 -3.000000000000003E-003  7.094407076828411E-002
 -2.000000000000002E-003  1.031447560327368E-003
 -1.000000000000001E-003  0.000000000000000E+000
  0.000000000000000E+000  0.000000000000000E+000
  1.000000000000001E-003  1.512192006637798E-003
  1.999999999999998E-003  8.509893016898902E-003
  2.999999999999999E-003  2.361072070316847E-002
  4.000000000000000E-003  7.037449538157074E-002
  4.999999999999998E-003  0.187116342666053     
  5.999999999999998E-003  9.077941402772012E-002
  6.999999999999999E-003  9.778309575761188E-002
  8.000000000000000E-003  0.178553010288958     
  9.000000000000001E-003  0.375923134572756     
  1.000000000000000E-002  0.548627544810502     
  1.100000000000000E-002  0.984002141761634     
  1.200000000000000E-002   1.83840973306041     
  1.300000000000000E-002  0.797086162096257     
  1.400000000000000E-002   1.32600636926957     
  1.500000000000000E-002   1.34056894470444     
  1.600000000000000E-002  0.670483389788292     
  1.700000000000000E-002  0.149368421067038     
  1.800000000000000E-002  0.000000000000000E+000
  1.900000000000000E-002  0.000000000000000E+000
  2.000000000000000E-002  0.000000000000000E+000
  2.100000000000000E-002  0.000000000000000E+000
  2.200000000000000E-002  0.000000000000000E+000
  2.300000000000000E-002  0.000000000000000E+000
  2.400000000000000E-002  0.000000000000000E+000
  2.500000000000000E-002  0.000000000000000E+000
 -2.500000000000000E-002  0.000000000000000E+000
 -2.400000000000000E-002  0.000000000000000E+000
 -2.300000000000000E-002  0.000000000000000E+000
 -2.200000000000000E-002  0.000000000000000E+000
 -2.100000000000000E-002  0.000000000000000E+000
 -2.000000000000000E-002  0.000000000000000E+000
 -1.900000000000000E-002  0.000000000000000E+000
 -1.800000000000000E-002  0.000000000000000E+000
 -1.700000000000000E-002  0.000000000000000E+000
 -1.600000000000000E-002  0.000000000000000E+000
 -1.500000000000000E-002  0.000000000000000E+000
 -1.400000000000000E-002  0.000000000000000E+000
 -1.300000000000000E-002  0.000000000000000E+000
 -1.200000000000000E-002  0.000000000000000E+000
 -1.100000000000000E-002  0.000000000000000E+000
 -1.000000000000000E-002  0.000000000000000E+000
 -9.000000000000001E-003  0.000000000000000E+000
 -8.000000000000000E-003  0.000000000000000E+000
 -6.999999999999999E-003  0.000000000000000E+000
 -6.000000000000002E-003  0.000000000000000E+000
 -5.000000000000001E-003  0.000000000000000E+000
 -4.000000000000000E-003  0.000000000000000E+000
 -3.000000000000003E-003  0.000000000000000E+000
 -2.000000000000002E-003  0.000000000000000E+000
 -1.000000000000001E-003  0.000000000000000E+000
  0.000000000000000E+000  0.000000000000000E+000
  1.000000000000001E-003  0.000000000000000E+000
  1.999999999999998E-003  0.000000000000000E+000
  2.999999999999999E-003  0.000000000000000E+000
  4.000000000000000E-003  0.000000000000000E+000
  4.999999999999998E-003  0.000000000000000E+000
  5.999999999999998E-003  0.000000000000000E+000
  6.999999999999999E-003  0.000000000000000E+000
  8.000000000000000E-003  0.000000000000000E+000
  9.000000000000001E-003  0.000000000000000E+000
  1.000000000000000E-002  0.000000000000000E+000
  1.100000000000000E-002  0.000000000000000E+000
  1.200000000000000E-002  0.000000000000000E+000
  1.300000000000000E-002  0.000000000000000E+000
  1.400000000000000E-002  0.000000000000000E+000
  1.500000000000000E-002  0.000000000000000E+000
  1.600000000000000E-002  0.000000000000000E+000
  1.700000000000000E-002  0.000000000000000E+000
  1.800000000000000E-002  0.000000000000000E+000
  1.900000000000000E-002  0.000000000000000E+000
  2.000000000000000E-002  0.000000000000000E+000
  2.100000000000000E-002  0.000000000000000E+000
  2.200000000000000E-002  0.000000000000000E+000
  2.300000000000000E-002  0.000000000000000E+000
  2.400000000000000E-002  0.000000000000000E+000
  2.500000000000000E-002  0.000000000000000E+000
4
   102.764688888889     
10
43
10
43
 0
 0
  160.89235000
