 -2.500000000000000E-002  0.000000000000000E+000
 -2.400000000000000E-002  0.000000000000000E+000
 -2.300000000000000E-002  0.000000000000000E+000
 -2.200000000000000E-002  0.000000000000000E+000
 -2.100000000000000E-002  0.000000000000000E+000
 -2.000000000000000E-002  0.000000000000000E+000
 -1.900000000000000E-002  0.000000000000000E+000
 -1.800000000000000E-002  0.000000000000000E+000
 -1.700000000000000E-002  0.000000000000000E+000
 -1.600000000000000E-002  4.124962576915926E-002
 -1.500000000000000E-002  0.116995345020384     
 -1.400000000000000E-002  0.200753998899250     
 -1.300000000000000E-002  6.232436285161227E-002
 -1.200000000000000E-002  0.156959733704477     
 -1.100000000000000E-002  0.276601656636754     
 -1.000000000000000E-002  0.372356951956717     
 -9.000000000000001E-003  0.335691054867296     
 -8.000000000000000E-003  0.848151030847663     
 -6.999999999999999E-003   1.50227290313719     
 -6.000000000000002E-003   9.59601182225320     
 -5.000000000000001E-003   17.7227124149888     
 -4.000000000000000E-003   14.3126243631715     
 -3.000000000000003E-003   12.9460966516023     
 -2.000000000000002E-003   9.27958046205597     
 -1.000000000000001E-003   10.0542133476255     
  0.000000000000000E+000   8.39164293006382     
  1.000000000000001E-003   12.8408842448079     
  1.999999999999998E-003   7.33198213680936     
  2.999999999999999E-003   8.81807624226909     
  4.000000000000000E-003   6.47782889248566     
  4.999999999999998E-003   9.02972711866563     
  5.999999999999998E-003   8.47729863075681     
  6.999999999999999E-003   7.79923810173178     
  8.000000000000000E-003   1.92176517425767     
  9.000000000000001E-003  0.789834476307249     
  1.000000000000000E-002  0.345810721499064     
  1.100000000000000E-002  0.382842227644939     
  1.200000000000000E-002  0.467348073949450     
  1.300000000000000E-002  0.208663310601819     
  1.400000000000000E-002  0.218750691905445     
  1.500000000000000E-002  9.810048116236285E-002
  1.600000000000000E-002  3.963231767920669E-002
  1.700000000000000E-002  0.000000000000000E+000
  1.800000000000000E-002  0.000000000000000E+000
  1.900000000000000E-002  0.000000000000000E+000
  2.000000000000000E-002  0.000000000000000E+000
  2.100000000000000E-002  0.000000000000000E+000
  2.200000000000000E-002  0.000000000000000E+000
  2.300000000000000E-002  0.000000000000000E+000
  2.400000000000000E-002  0.000000000000000E+000
  2.500000000000000E-002  0.000000000000000E+000
 -2.500000000000000E-002  0.000000000000000E+000
 -2.400000000000000E-002  0.000000000000000E+000
 -2.300000000000000E-002  0.000000000000000E+000
 -2.200000000000000E-002  0.000000000000000E+000
 -2.100000000000000E-002  0.000000000000000E+000
 -2.000000000000000E-002  0.000000000000000E+000
 -1.900000000000000E-002  0.000000000000000E+000
 -1.800000000000000E-002  0.000000000000000E+000
 -1.700000000000000E-002  0.000000000000000E+000
 -1.600000000000000E-002  0.520966835667305     
 -1.500000000000000E-002   1.04518428825581     
 -1.400000000000000E-002   1.28262856105197     
 -1.300000000000000E-002  0.287294012081379     
 -1.200000000000000E-002  0.525277231861264     
 -1.100000000000000E-002  0.674168441710259     
 -1.000000000000000E-002  0.660682960440093     
 -9.000000000000001E-003  0.391148999896248     
 -8.000000000000000E-003  0.189857638691832     
 -6.999999999999999E-003  0.171794991889630     
 -6.000000000000002E-003  8.265128887590395E-002
 -5.000000000000001E-003  4.343314260487740E-002
 -4.000000000000000E-003  7.874921161705692E-002
 -3.000000000000003E-003  8.339321337850543E-003
 -2.000000000000002E-003  0.000000000000000E+000
 -1.000000000000001E-003  0.000000000000000E+000
  0.000000000000000E+000  0.000000000000000E+000
  1.000000000000001E-003  1.874584873089077E-003
  1.999999999999998E-003  8.334150887215995E-003
  2.999999999999999E-003  5.120822593645431E-002
  4.000000000000000E-003  0.145405283392976     
  4.999999999999998E-003  9.480012930829167E-002
  5.999999999999998E-003  0.130481882094506     
  6.999999999999999E-003  0.156984166929694     
  8.000000000000000E-003  0.377555262163607     
  9.000000000000001E-003  0.724556899714542     
  1.000000000000000E-002  0.613581269347386     
  1.100000000000000E-002  0.933111360107371     
  1.200000000000000E-002   1.56401452019575     
  1.300000000000000E-002  0.961866546790195     
  1.400000000000000E-002   1.39761044226378     
  1.500000000000000E-002  0.876385992651008     
  1.600000000000000E-002  0.500540859377559     
  1.700000000000000E-002  0.000000000000000E+000
  1.800000000000000E-002  0.000000000000000E+000
  1.900000000000000E-002  0.000000000000000E+000
  2.000000000000000E-002  0.000000000000000E+000
  2.100000000000000E-002  0.000000000000000E+000
  2.200000000000000E-002  0.000000000000000E+000
  2.300000000000000E-002  0.000000000000000E+000
  2.400000000000000E-002  0.000000000000000E+000
  2.500000000000000E-002  0.000000000000000E+000
 -2.500000000000000E-002  0.000000000000000E+000
 -2.400000000000000E-002  0.000000000000000E+000
 -2.300000000000000E-002  0.000000000000000E+000
 -2.200000000000000E-002  0.000000000000000E+000
 -2.100000000000000E-002  0.000000000000000E+000
 -2.000000000000000E-002  0.000000000000000E+000
 -1.900000000000000E-002  0.000000000000000E+000
 -1.800000000000000E-002  0.000000000000000E+000
 -1.700000000000000E-002  0.000000000000000E+000
 -1.600000000000000E-002  0.000000000000000E+000
 -1.500000000000000E-002  0.000000000000000E+000
 -1.400000000000000E-002  0.000000000000000E+000
 -1.300000000000000E-002  0.000000000000000E+000
 -1.200000000000000E-002  0.000000000000000E+000
 -1.100000000000000E-002  0.000000000000000E+000
 -1.000000000000000E-002  0.000000000000000E+000
 -9.000000000000001E-003  0.000000000000000E+000
 -8.000000000000000E-003  0.000000000000000E+000
 -6.999999999999999E-003  0.000000000000000E+000
 -6.000000000000002E-003  0.000000000000000E+000
 -5.000000000000001E-003  0.000000000000000E+000
 -4.000000000000000E-003  0.000000000000000E+000
 -3.000000000000003E-003  0.000000000000000E+000
 -2.000000000000002E-003  0.000000000000000E+000
 -1.000000000000001E-003  0.000000000000000E+000
  0.000000000000000E+000  0.000000000000000E+000
  1.000000000000001E-003  0.000000000000000E+000
  1.999999999999998E-003  0.000000000000000E+000
  2.999999999999999E-003  0.000000000000000E+000
  4.000000000000000E-003  0.000000000000000E+000
  4.999999999999998E-003  0.000000000000000E+000
  5.999999999999998E-003  0.000000000000000E+000
  6.999999999999999E-003  0.000000000000000E+000
  8.000000000000000E-003  0.000000000000000E+000
  9.000000000000001E-003  0.000000000000000E+000
  1.000000000000000E-002  0.000000000000000E+000
  1.100000000000000E-002  0.000000000000000E+000
  1.200000000000000E-002  0.000000000000000E+000
  1.300000000000000E-002  0.000000000000000E+000
  1.400000000000000E-002  0.000000000000000E+000
  1.500000000000000E-002  0.000000000000000E+000
  1.600000000000000E-002  0.000000000000000E+000
  1.700000000000000E-002  0.000000000000000E+000
  1.800000000000000E-002  0.000000000000000E+000
  1.900000000000000E-002  0.000000000000000E+000
  2.000000000000000E-002  0.000000000000000E+000
  2.100000000000000E-002  0.000000000000000E+000
  2.200000000000000E-002  0.000000000000000E+000
  2.300000000000000E-002  0.000000000000000E+000
  2.400000000000000E-002  0.000000000000000E+000
  2.500000000000000E-002  0.000000000000000E+000
4
   105.116070000000     
10
42
10
42
 0
 0
  164.19567000
