 -2.500000000000000E-002  0.000000000000000E+000
 -2.400000000000000E-002  0.000000000000000E+000
 -2.300000000000000E-002  0.000000000000000E+000
 -2.200000000000000E-002  0.000000000000000E+000
 -2.100000000000000E-002  0.000000000000000E+000
 -2.000000000000000E-002  0.000000000000000E+000
 -1.900000000000000E-002  0.000000000000000E+000
 -1.800000000000000E-002  0.000000000000000E+000
 -1.700000000000000E-002  0.000000000000000E+000
 -1.600000000000000E-002  4.556437327344358E-002
 -1.500000000000000E-002  0.163012795313018     
 -1.400000000000000E-002  0.419335704774458     
 -1.300000000000000E-002  3.523878573939236E-002
 -1.200000000000000E-002  0.384972595069785     
 -1.100000000000000E-002  0.565301207267822     
 -1.000000000000000E-002  0.856430565598054     
 -9.000000000000001E-003  0.620621710480716     
 -8.000000000000000E-003  0.537806067353066     
 -6.999999999999999E-003   1.44748231689295     
 -6.000000000000002E-003   2.31535774974412     
 -5.000000000000001E-003   4.89048735195071     
 -4.000000000000000E-003   14.3638254466515     
 -3.000000000000003E-003   22.9719662597193     
 -2.000000000000002E-003   20.8663512654683     
 -1.000000000000001E-003   16.1631098150808     
  0.000000000000000E+000   10.5689561669896     
  1.000000000000001E-003   7.38639149437561     
  1.999999999999998E-003   5.60215033885985     
  2.999999999999999E-003   2.15159154477686     
  4.000000000000000E-003   2.73807478793153     
  4.999999999999998E-003   2.23685341084135     
  5.999999999999998E-003   1.85290642722022     
  6.999999999999999E-003  0.955406626399069     
  8.000000000000000E-003   1.40642901932297     
  9.000000000000001E-003  0.909561145799288     
  1.000000000000000E-002  0.811650613153575     
  1.100000000000000E-002  0.720014566355916     
  1.200000000000000E-002  0.731050172156389     
  1.300000000000000E-002  0.757994010809441     
  1.400000000000000E-002  0.626315591306415     
  1.500000000000000E-002  0.376547419499439     
  1.600000000000000E-002  0.116744111977617     
  1.700000000000000E-002  0.000000000000000E+000
  1.800000000000000E-002  0.000000000000000E+000
  1.900000000000000E-002  0.000000000000000E+000
  2.000000000000000E-002  0.000000000000000E+000
  2.100000000000000E-002  0.000000000000000E+000
  2.200000000000000E-002  0.000000000000000E+000
  2.300000000000000E-002  0.000000000000000E+000
  2.400000000000000E-002  0.000000000000000E+000
  2.500000000000000E-002  0.000000000000000E+000
 -2.500000000000000E-002  0.000000000000000E+000
 -2.400000000000000E-002  0.000000000000000E+000
 -2.300000000000000E-002  0.000000000000000E+000
 -2.200000000000000E-002  0.000000000000000E+000
 -2.100000000000000E-002  0.000000000000000E+000
 -2.000000000000000E-002  0.000000000000000E+000
 -1.900000000000000E-002  0.000000000000000E+000
 -1.800000000000000E-002  0.000000000000000E+000
 -1.700000000000000E-002  0.000000000000000E+000
 -1.600000000000000E-002  0.575460429538671     
 -1.500000000000000E-002   1.45628368732227     
 -1.400000000000000E-002   2.67915934208863     
 -1.300000000000000E-002  0.162438758660879     
 -1.200000000000000E-002   1.28833895361621     
 -1.100000000000000E-002   1.37782339641286     
 -1.000000000000000E-002   1.51958780013990     
 -9.000000000000001E-003  0.797732322667724     
 -8.000000000000000E-003  0.467648449562041     
 -6.999999999999999E-003  0.197438522305281     
 -6.000000000000002E-003  0.144468935619400     
 -5.000000000000001E-003  0.189708373512359     
 -4.000000000000000E-003  8.377600932787910E-002
 -3.000000000000003E-003  3.215560170601538E-002
 -2.000000000000002E-003  1.244849871677722E-003
 -1.000000000000001E-003  1.194514897405131E-003
  0.000000000000000E+000  0.000000000000000E+000
  1.000000000000001E-003  5.730584926792300E-003
  1.999999999999998E-003  2.192166192487391E-002
  2.999999999999999E-003  4.096262509360259E-002
  4.000000000000000E-003  0.173683302112849     
  4.999999999999998E-003  0.156398043956864     
  5.999999999999998E-003  0.605670942206475     
  6.999999999999999E-003  0.549727698751882     
  8.000000000000000E-003  0.680942647219001     
  9.000000000000001E-003   1.11737568139543     
  1.000000000000000E-002   1.44013352543410     
  1.100000000000000E-002   1.75491030715814     
  1.200000000000000E-002   2.44651288403056     
  1.300000000000000E-002   3.49409332940283     
  1.400000000000000E-002   4.00156544849161     
  1.500000000000000E-002   3.36390688514583     
  1.600000000000000E-002   1.47443302734739     
  1.700000000000000E-002  0.000000000000000E+000
  1.800000000000000E-002  0.000000000000000E+000
  1.900000000000000E-002  0.000000000000000E+000
  2.000000000000000E-002  0.000000000000000E+000
  2.100000000000000E-002  0.000000000000000E+000
  2.200000000000000E-002  0.000000000000000E+000
  2.300000000000000E-002  0.000000000000000E+000
  2.400000000000000E-002  0.000000000000000E+000
  2.500000000000000E-002  0.000000000000000E+000
 -2.500000000000000E-002  0.000000000000000E+000
 -2.400000000000000E-002  0.000000000000000E+000
 -2.300000000000000E-002  0.000000000000000E+000
 -2.200000000000000E-002  0.000000000000000E+000
 -2.100000000000000E-002  0.000000000000000E+000
 -2.000000000000000E-002  0.000000000000000E+000
 -1.900000000000000E-002  0.000000000000000E+000
 -1.800000000000000E-002  0.000000000000000E+000
 -1.700000000000000E-002  0.000000000000000E+000
 -1.600000000000000E-002  0.000000000000000E+000
 -1.500000000000000E-002  0.000000000000000E+000
 -1.400000000000000E-002  0.000000000000000E+000
 -1.300000000000000E-002  0.000000000000000E+000
 -1.200000000000000E-002  0.000000000000000E+000
 -1.100000000000000E-002  0.000000000000000E+000
 -1.000000000000000E-002  0.000000000000000E+000
 -9.000000000000001E-003  0.000000000000000E+000
 -8.000000000000000E-003  0.000000000000000E+000
 -6.999999999999999E-003  0.000000000000000E+000
 -6.000000000000002E-003  0.000000000000000E+000
 -5.000000000000001E-003  0.000000000000000E+000
 -4.000000000000000E-003  0.000000000000000E+000
 -3.000000000000003E-003  0.000000000000000E+000
 -2.000000000000002E-003  0.000000000000000E+000
 -1.000000000000001E-003  0.000000000000000E+000
  0.000000000000000E+000  0.000000000000000E+000
  1.000000000000001E-003  0.000000000000000E+000
  1.999999999999998E-003  0.000000000000000E+000
  2.999999999999999E-003  0.000000000000000E+000
  4.000000000000000E-003  0.000000000000000E+000
  4.999999999999998E-003  0.000000000000000E+000
  5.999999999999998E-003  0.000000000000000E+000
  6.999999999999999E-003  0.000000000000000E+000
  8.000000000000000E-003  0.000000000000000E+000
  9.000000000000001E-003  0.000000000000000E+000
  1.000000000000000E-002  0.000000000000000E+000
  1.100000000000000E-002  0.000000000000000E+000
  1.200000000000000E-002  0.000000000000000E+000
  1.300000000000000E-002  0.000000000000000E+000
  1.400000000000000E-002  0.000000000000000E+000
  1.500000000000000E-002  0.000000000000000E+000
  1.600000000000000E-002  0.000000000000000E+000
  1.700000000000000E-002  0.000000000000000E+000
  1.800000000000000E-002  0.000000000000000E+000
  1.900000000000000E-002  0.000000000000000E+000
  2.000000000000000E-002  0.000000000000000E+000
  2.100000000000000E-002  0.000000000000000E+000
  2.200000000000000E-002  0.000000000000000E+000
  2.300000000000000E-002  0.000000000000000E+000
  2.400000000000000E-002  0.000000000000000E+000
  2.500000000000000E-002  0.000000000000000E+000
4
   89.8270777777778     
10
42
10
42
 0
 0
  147.32002000
