 -2.500000000000000E-002  0.000000000000000E+000
 -2.400000000000000E-002  0.000000000000000E+000
 -2.300000000000000E-002  0.000000000000000E+000
 -2.200000000000000E-002  0.000000000000000E+000
 -2.100000000000000E-002  0.000000000000000E+000
 -2.000000000000000E-002  0.000000000000000E+000
 -1.900000000000000E-002  0.000000000000000E+000
 -1.800000000000000E-002  0.000000000000000E+000
 -1.700000000000000E-002  0.000000000000000E+000
 -1.600000000000000E-002  2.290905321365719E-002
 -1.500000000000000E-002  8.204093824586892E-002
 -1.400000000000000E-002  0.191731260521802     
 -1.300000000000000E-002  9.540260853881313E-003
 -1.200000000000000E-002  0.209047177387099     
 -1.100000000000000E-002  0.292947368394990     
 -1.000000000000000E-002  0.441375085135170     
 -9.000000000000001E-003  0.297216190802256     
 -8.000000000000000E-003  0.251963381974758     
 -6.999999999999999E-003  0.666073139057215     
 -6.000000000000002E-003   1.09114656082484     
 -5.000000000000001E-003   2.17373044888976     
 -4.000000000000000E-003   6.34848893096891     
 -3.000000000000003E-003   25.0446811219435     
 -2.000000000000002E-003   56.3224377866363     
 -1.000000000000001E-003   71.6843655419836     
  0.000000000000000E+000   54.6990714604534     
  1.000000000000001E-003   46.2366345437584     
  1.999999999999998E-003   28.2444116351990     
  2.999999999999999E-003   26.9741039475817     
  4.000000000000000E-003   3.65534053724126     
  4.999999999999998E-003  0.988856352366141     
  5.999999999999998E-003  0.900811167827620     
  6.999999999999999E-003  0.659966440625987     
  8.000000000000000E-003  0.714435451228596     
  9.000000000000001E-003  0.524958573082097     
  1.000000000000000E-002  0.277975319471650     
  1.100000000000000E-002  0.340214573351784     
  1.200000000000000E-002  0.432247521618493     
  1.300000000000000E-002  0.315157500853025     
  1.400000000000000E-002  0.324193141916183     
  1.500000000000000E-002  0.199612462568784     
  1.600000000000000E-002  7.041232000155341E-002
  1.700000000000000E-002  0.000000000000000E+000
  1.800000000000000E-002  0.000000000000000E+000
  1.900000000000000E-002  0.000000000000000E+000
  2.000000000000000E-002  0.000000000000000E+000
  2.100000000000000E-002  0.000000000000000E+000
  2.200000000000000E-002  0.000000000000000E+000
  2.300000000000000E-002  0.000000000000000E+000
  2.400000000000000E-002  0.000000000000000E+000
  2.500000000000000E-002  0.000000000000000E+000
 -2.500000000000000E-002  0.000000000000000E+000
 -2.400000000000000E-002  0.000000000000000E+000
 -2.300000000000000E-002  0.000000000000000E+000
 -2.200000000000000E-002  0.000000000000000E+000
 -2.100000000000000E-002  0.000000000000000E+000
 -2.000000000000000E-002  0.000000000000000E+000
 -1.900000000000000E-002  0.000000000000000E+000
 -1.800000000000000E-002  0.000000000000000E+000
 -1.700000000000000E-002  0.000000000000000E+000
 -1.600000000000000E-002  0.289332490618039     
 -1.500000000000000E-002  0.732917191136172     
 -1.400000000000000E-002   1.22498177939248     
 -1.300000000000000E-002  4.397734195117532E-002
 -1.200000000000000E-002  0.699591672811141     
 -1.100000000000000E-002  0.714008271878620     
 -1.000000000000000E-002  0.783143691501425     
 -9.000000000000001E-003  0.382034592440356     
 -8.000000000000000E-003  0.232162515586011     
 -6.999999999999999E-003  0.105036368843598     
 -6.000000000000002E-003  6.658522070079516E-002
 -5.000000000000001E-003  0.105749807109210     
 -4.000000000000000E-003  3.316149259931283E-002
 -3.000000000000003E-003  1.695642263353248E-002
 -2.000000000000002E-003  1.071617043899183E-003
 -1.000000000000001E-003  4.698697194019160E-004
  0.000000000000000E+000  0.000000000000000E+000
  1.000000000000001E-003  3.406261680190221E-003
  1.999999999999998E-003  1.025493514624316E-002
  2.999999999999999E-003  1.413803695870605E-002
  4.000000000000000E-003  9.084679058054168E-002
  4.999999999999998E-003  7.918375742176534E-002
  5.999999999999998E-003  0.264567153899507     
  6.999999999999999E-003  0.317855249035115     
  8.000000000000000E-003  0.337084411117374     
  9.000000000000001E-003  0.674769210836571     
  1.000000000000000E-002  0.493219089996091     
  1.100000000000000E-002  0.829213864994677     
  1.200000000000000E-002   1.44654795389843     
  1.300000000000000E-002   1.45276836721426     
  1.400000000000000E-002   2.07128817059108     
  1.500000000000000E-002   1.78324880857946     
  1.600000000000000E-002  0.889280396105533     
  1.700000000000000E-002  0.000000000000000E+000
  1.800000000000000E-002  0.000000000000000E+000
  1.900000000000000E-002  0.000000000000000E+000
  2.000000000000000E-002  0.000000000000000E+000
  2.100000000000000E-002  0.000000000000000E+000
  2.200000000000000E-002  0.000000000000000E+000
  2.300000000000000E-002  0.000000000000000E+000
  2.400000000000000E-002  0.000000000000000E+000
  2.500000000000000E-002  0.000000000000000E+000
 -2.500000000000000E-002  0.000000000000000E+000
 -2.400000000000000E-002  0.000000000000000E+000
 -2.300000000000000E-002  0.000000000000000E+000
 -2.200000000000000E-002  0.000000000000000E+000
 -2.100000000000000E-002  0.000000000000000E+000
 -2.000000000000000E-002  0.000000000000000E+000
 -1.900000000000000E-002  0.000000000000000E+000
 -1.800000000000000E-002  0.000000000000000E+000
 -1.700000000000000E-002  0.000000000000000E+000
 -1.600000000000000E-002  0.000000000000000E+000
 -1.500000000000000E-002  0.000000000000000E+000
 -1.400000000000000E-002  0.000000000000000E+000
 -1.300000000000000E-002  0.000000000000000E+000
 -1.200000000000000E-002  0.000000000000000E+000
 -1.100000000000000E-002  0.000000000000000E+000
 -1.000000000000000E-002  0.000000000000000E+000
 -9.000000000000001E-003  0.000000000000000E+000
 -8.000000000000000E-003  0.000000000000000E+000
 -6.999999999999999E-003  0.000000000000000E+000
 -6.000000000000002E-003  0.000000000000000E+000
 -5.000000000000001E-003  0.000000000000000E+000
 -4.000000000000000E-003  0.000000000000000E+000
 -3.000000000000003E-003  0.000000000000000E+000
 -2.000000000000002E-003  0.000000000000000E+000
 -1.000000000000001E-003  0.000000000000000E+000
  0.000000000000000E+000  0.000000000000000E+000
  1.000000000000001E-003  0.000000000000000E+000
  1.999999999999998E-003  0.000000000000000E+000
  2.999999999999999E-003  0.000000000000000E+000
  4.000000000000000E-003  0.000000000000000E+000
  4.999999999999998E-003  0.000000000000000E+000
  5.999999999999998E-003  0.000000000000000E+000
  6.999999999999999E-003  0.000000000000000E+000
  8.000000000000000E-003  0.000000000000000E+000
  9.000000000000001E-003  0.000000000000000E+000
  1.000000000000000E-002  0.000000000000000E+000
  1.100000000000000E-002  0.000000000000000E+000
  1.200000000000000E-002  0.000000000000000E+000
  1.300000000000000E-002  0.000000000000000E+000
  1.400000000000000E-002  0.000000000000000E+000
  1.500000000000000E-002  0.000000000000000E+000
  1.600000000000000E-002  0.000000000000000E+000
  1.700000000000000E-002  0.000000000000000E+000
  1.800000000000000E-002  0.000000000000000E+000
  1.900000000000000E-002  0.000000000000000E+000
  2.000000000000000E-002  0.000000000000000E+000
  2.100000000000000E-002  0.000000000000000E+000
  2.200000000000000E-002  0.000000000000000E+000
  2.300000000000000E-002  0.000000000000000E+000
  2.400000000000000E-002  0.000000000000000E+000
  2.500000000000000E-002  0.000000000000000E+000
4
   108.852976470588     
10
42
10
42
 0
 0
  353.76016000
