 -2.500000000000000E-002  0.000000000000000E+000
 -2.400000000000000E-002  0.000000000000000E+000
 -2.300000000000000E-002  0.000000000000000E+000
 -2.200000000000000E-002  0.000000000000000E+000
 -2.100000000000000E-002  0.000000000000000E+000
 -2.000000000000000E-002  0.000000000000000E+000
 -1.900000000000000E-002  0.000000000000000E+000
 -1.800000000000000E-002  0.000000000000000E+000
 -1.700000000000000E-002  4.519182753114141E-003
 -1.600000000000000E-002  3.061015382679584E-002
 -1.500000000000000E-002  0.114509031971828     
 -1.400000000000000E-002  9.306761795362387E-002
 -1.300000000000000E-002  0.119183493590363     
 -1.200000000000000E-002  0.152159525693654     
 -1.100000000000000E-002  0.173186969557847     
 -1.000000000000000E-002  0.422427466356950     
 -9.000000000000001E-003  0.506946603478503     
 -8.000000000000000E-003  0.788814362499857     
 -6.999999999999999E-003  0.600126051072565     
 -6.000000000000002E-003   3.00693649332332     
 -5.000000000000001E-003   16.5998679974683     
 -4.000000000000000E-003   34.8388029342118     
 -3.000000000000003E-003   36.8472137638469     
 -2.000000000000002E-003   28.0457344298038     
 -1.000000000000001E-003   26.1708188544309     
  0.000000000000000E+000   20.5865842575547     
  1.000000000000001E-003   25.9984051489932     
  1.999999999999998E-003   17.6416298183939     
  2.999999999999999E-003   8.07499087003463     
  4.000000000000000E-003   4.25131046512723     
  4.999999999999998E-003   2.78472896479921     
  5.999999999999998E-003   2.73148390792522     
  6.999999999999999E-003   2.82000248546907     
  8.000000000000000E-003   1.90393040609826     
  9.000000000000001E-003   1.78536148379597     
  1.000000000000000E-002   3.12550294621793     
  1.100000000000000E-002   1.10585766442916     
  1.200000000000000E-002  0.795581684918247     
  1.300000000000000E-002  0.874310254899745     
  1.400000000000000E-002  0.429410224219207     
  1.500000000000000E-002  9.744314749663789E-002
  1.600000000000000E-002  1.372449718551617E-003
  1.700000000000000E-002  0.000000000000000E+000
  1.800000000000000E-002  0.000000000000000E+000
  1.900000000000000E-002  0.000000000000000E+000
  2.000000000000000E-002  0.000000000000000E+000
  2.100000000000000E-002  0.000000000000000E+000
  2.200000000000000E-002  0.000000000000000E+000
  2.300000000000000E-002  0.000000000000000E+000
  2.400000000000000E-002  0.000000000000000E+000
  2.500000000000000E-002  0.000000000000000E+000
 -2.500000000000000E-002  0.000000000000000E+000
 -2.400000000000000E-002  0.000000000000000E+000
 -2.300000000000000E-002  0.000000000000000E+000
 -2.200000000000000E-002  0.000000000000000E+000
 -2.100000000000000E-002  0.000000000000000E+000
 -2.000000000000000E-002  0.000000000000000E+000
 -1.900000000000000E-002  0.000000000000000E+000
 -1.800000000000000E-002  0.000000000000000E+000
 -1.700000000000000E-002  8.173605334909465E-002
 -1.600000000000000E-002  0.386594415854268     
 -1.500000000000000E-002   1.02297267519049     
 -1.400000000000000E-002  0.594614232099549     
 -1.300000000000000E-002  0.549395171980724     
 -1.200000000000000E-002  0.509212984574564     
 -1.100000000000000E-002  0.422113124017428     
 -1.000000000000000E-002  0.749524421599517     
 -9.000000000000001E-003  0.345005312194272     
 -8.000000000000000E-003  7.920126038572957E-002
 -6.999999999999999E-003  8.769917706904572E-002
 -6.000000000000002E-003  5.329603370621006E-002
 -5.000000000000001E-003  6.693162549783309E-002
 -4.000000000000000E-003  2.659401847821022E-002
 -3.000000000000003E-003  0.000000000000000E+000
 -2.000000000000002E-003  0.000000000000000E+000
 -1.000000000000001E-003  0.000000000000000E+000
  0.000000000000000E+000  0.000000000000000E+000
  1.000000000000001E-003  1.750495330146498E-003
  1.999999999999998E-003  6.480144318581836E-003
  2.999999999999999E-003  6.133462699565825E-002
  4.000000000000000E-003  0.116983329759638     
  4.999999999999998E-003  0.105521332507337     
  5.999999999999998E-003  0.277095375122675     
  6.999999999999999E-003  0.321911420882305     
  8.000000000000000E-003  0.542533593418155     
  9.000000000000001E-003  0.456665661899982     
  1.000000000000000E-002  0.926183861119553     
  1.100000000000000E-002  0.997270873154480     
  1.200000000000000E-002   1.04751087545627     
  1.300000000000000E-002   1.97803933904553     
  1.400000000000000E-002   1.90581434315840     
  1.500000000000000E-002  0.870513666538908     
  1.600000000000000E-002  1.733350966594458E-002
  1.700000000000000E-002  0.000000000000000E+000
  1.800000000000000E-002  0.000000000000000E+000
  1.900000000000000E-002  0.000000000000000E+000
  2.000000000000000E-002  0.000000000000000E+000
  2.100000000000000E-002  0.000000000000000E+000
  2.200000000000000E-002  0.000000000000000E+000
  2.300000000000000E-002  0.000000000000000E+000
  2.400000000000000E-002  0.000000000000000E+000
  2.500000000000000E-002  0.000000000000000E+000
 -2.500000000000000E-002  0.000000000000000E+000
 -2.400000000000000E-002  0.000000000000000E+000
 -2.300000000000000E-002  0.000000000000000E+000
 -2.200000000000000E-002  0.000000000000000E+000
 -2.100000000000000E-002  0.000000000000000E+000
 -2.000000000000000E-002  0.000000000000000E+000
 -1.900000000000000E-002  0.000000000000000E+000
 -1.800000000000000E-002  0.000000000000000E+000
 -1.700000000000000E-002  0.000000000000000E+000
 -1.600000000000000E-002  0.000000000000000E+000
 -1.500000000000000E-002  0.000000000000000E+000
 -1.400000000000000E-002  0.000000000000000E+000
 -1.300000000000000E-002  0.000000000000000E+000
 -1.200000000000000E-002  0.000000000000000E+000
 -1.100000000000000E-002  0.000000000000000E+000
 -1.000000000000000E-002  0.000000000000000E+000
 -9.000000000000001E-003  0.000000000000000E+000
 -8.000000000000000E-003  0.000000000000000E+000
 -6.999999999999999E-003  0.000000000000000E+000
 -6.000000000000002E-003  0.000000000000000E+000
 -5.000000000000001E-003  0.000000000000000E+000
 -4.000000000000000E-003  0.000000000000000E+000
 -3.000000000000003E-003  0.000000000000000E+000
 -2.000000000000002E-003  0.000000000000000E+000
 -1.000000000000001E-003  0.000000000000000E+000
  0.000000000000000E+000  0.000000000000000E+000
  1.000000000000001E-003  0.000000000000000E+000
  1.999999999999998E-003  0.000000000000000E+000
  2.999999999999999E-003  0.000000000000000E+000
  4.000000000000000E-003  0.000000000000000E+000
  4.999999999999998E-003  5.713100779874691E-003
  5.999999999999998E-003  0.373302385470983     
  6.999999999999999E-003  0.451740390444719     
  8.000000000000000E-003  0.570694462768505     
  9.000000000000001E-003   1.83819534476199     
  1.000000000000000E-002   4.61948012748118     
  1.100000000000000E-002   1.69806489397951     
  1.200000000000000E-002   1.61496143709364     
  1.300000000000000E-002   2.05223212208570     
  1.400000000000000E-002  0.837711668832501     
  1.500000000000000E-002  0.000000000000000E+000
  1.600000000000000E-002  0.000000000000000E+000
  1.700000000000000E-002  0.000000000000000E+000
  1.800000000000000E-002  0.000000000000000E+000
  1.900000000000000E-002  0.000000000000000E+000
  2.000000000000000E-002  0.000000000000000E+000
  2.100000000000000E-002  0.000000000000000E+000
  2.200000000000000E-002  0.000000000000000E+000
  2.300000000000000E-002  0.000000000000000E+000
  2.400000000000000E-002  0.000000000000000E+000
  2.500000000000000E-002  0.000000000000000E+000
4
   103.922953333333     
 9
42
 9
42
31
40
  282.06049000
