 -2.500000000000000E-002  0.000000000000000E+000
 -2.400000000000000E-002  0.000000000000000E+000
 -2.300000000000000E-002  0.000000000000000E+000
 -2.200000000000000E-002  0.000000000000000E+000
 -2.100000000000000E-002  0.000000000000000E+000
 -2.000000000000000E-002  2.149159596930208E-003
 -1.900000000000000E-002  1.735847532534175E-002
 -1.800000000000000E-002  4.998001618731941E-002
 -1.700000000000000E-002  3.189399747798403E-002
 -1.600000000000000E-002  8.122875346591245E-002
 -1.500000000000000E-002  0.216407361998350     
 -1.400000000000000E-002  0.216760257008571     
 -1.300000000000000E-002  0.239941038784547     
 -1.200000000000000E-002  0.187154377951255     
 -1.100000000000000E-002  0.856458170018479     
 -1.000000000000000E-002  0.948442402000422     
 -9.000000000000001E-003   1.13486956277526     
 -8.000000000000000E-003   1.67860558539122     
 -6.999999999999999E-003   3.45695418408688     
 -6.000000000000002E-003   8.60536893732918     
 -5.000000000000001E-003   7.57271334093017     
 -4.000000000000000E-003   6.16482013615880     
 -3.000000000000003E-003   5.33443149649494     
 -2.000000000000002E-003   4.42457049077779     
 -1.000000000000001E-003   5.77564310114118     
  0.000000000000000E+000   5.60232905057855     
  1.000000000000001E-003   6.32939271767747     
  1.999999999999998E-003   7.48279618472747     
  2.999999999999999E-003   10.4734816519500     
  4.000000000000000E-003   9.29840464210053     
  4.999999999999998E-003   8.26091644197183     
  5.999999999999998E-003   10.3710903875312     
  6.999999999999999E-003   8.31063012137703     
  8.000000000000000E-003   3.35899333506971     
  9.000000000000001E-003   1.06164686301741     
  1.000000000000000E-002  0.866047027276681     
  1.100000000000000E-002  0.682703319857178     
  1.200000000000000E-002  1.910430376517262E-002
  1.300000000000000E-002  0.000000000000000E+000
  1.400000000000000E-002  0.000000000000000E+000
  1.500000000000000E-002  0.000000000000000E+000
  1.600000000000000E-002  0.000000000000000E+000
  1.700000000000000E-002  0.000000000000000E+000
  1.800000000000000E-002  0.000000000000000E+000
  1.900000000000000E-002  0.000000000000000E+000
  2.000000000000000E-002  0.000000000000000E+000
  2.100000000000000E-002  0.000000000000000E+000
  2.200000000000000E-002  0.000000000000000E+000
  2.300000000000000E-002  0.000000000000000E+000
  2.400000000000000E-002  0.000000000000000E+000
  2.500000000000000E-002  0.000000000000000E+000
 -2.500000000000000E-002  0.000000000000000E+000
 -2.400000000000000E-002  0.000000000000000E+000
 -2.300000000000000E-002  0.000000000000000E+000
 -2.200000000000000E-002  0.000000000000000E+000
 -2.100000000000000E-002  0.000000000000000E+000
 -2.000000000000000E-002  0.125171595568577     
 -1.900000000000000E-002  0.673375212169288     
 -1.800000000000000E-002   1.31343203541338     
 -1.700000000000000E-002  0.576849758417050     
 -1.600000000000000E-002   1.02588777156798     
 -1.500000000000000E-002   1.93328695756361     
 -1.400000000000000E-002   1.38489344204639     
 -1.300000000000000E-002   1.10604618388976     
 -1.200000000000000E-002  0.465594962714028     
 -1.100000000000000E-002  0.590511081699721     
 -1.000000000000000E-002  0.949672252283941     
 -9.000000000000001E-003  0.616829681963629     
 -8.000000000000000E-003  0.173387807036707     
 -6.999999999999999E-003  3.036842030894776E-002
 -6.000000000000002E-003  0.150222568643635     
 -5.000000000000001E-003  2.246425230623782E-002
 -4.000000000000000E-003  5.954714721483201E-003
 -3.000000000000003E-003  0.000000000000000E+000
 -2.000000000000002E-003  0.000000000000000E+000
 -1.000000000000001E-003  0.000000000000000E+000
  0.000000000000000E+000  0.000000000000000E+000
  1.000000000000001E-003  2.249620351356217E-002
  1.999999999999998E-003  6.872802664706326E-002
  2.999999999999999E-003  4.220075211295991E-002
  4.000000000000000E-003  0.199061046237860     
  4.999999999999998E-003  0.555324696279331     
  5.999999999999998E-003  0.931801632129314     
  6.999999999999999E-003   1.54062624696870     
  8.000000000000000E-003   1.22556515775204     
  9.000000000000001E-003   1.36461551954377     
  1.000000000000000E-002   1.53665054688709     
  1.100000000000000E-002   1.66397063161110     
  1.200000000000000E-002  6.393395020216172E-002
  1.300000000000000E-002  0.000000000000000E+000
  1.400000000000000E-002  0.000000000000000E+000
  1.500000000000000E-002  0.000000000000000E+000
  1.600000000000000E-002  0.000000000000000E+000
  1.700000000000000E-002  0.000000000000000E+000
  1.800000000000000E-002  0.000000000000000E+000
  1.900000000000000E-002  0.000000000000000E+000
  2.000000000000000E-002  0.000000000000000E+000
  2.100000000000000E-002  0.000000000000000E+000
  2.200000000000000E-002  0.000000000000000E+000
  2.300000000000000E-002  0.000000000000000E+000
  2.400000000000000E-002  0.000000000000000E+000
  2.500000000000000E-002  0.000000000000000E+000
 -2.500000000000000E-002  0.000000000000000E+000
 -2.400000000000000E-002  0.000000000000000E+000
 -2.300000000000000E-002  0.000000000000000E+000
 -2.200000000000000E-002  0.000000000000000E+000
 -2.100000000000000E-002  0.000000000000000E+000
 -2.000000000000000E-002  0.000000000000000E+000
 -1.900000000000000E-002  0.000000000000000E+000
 -1.800000000000000E-002  0.000000000000000E+000
 -1.700000000000000E-002  0.000000000000000E+000
 -1.600000000000000E-002  0.000000000000000E+000
 -1.500000000000000E-002  0.000000000000000E+000
 -1.400000000000000E-002  0.000000000000000E+000
 -1.300000000000000E-002  0.000000000000000E+000
 -1.200000000000000E-002  0.000000000000000E+000
 -1.100000000000000E-002  0.000000000000000E+000
 -1.000000000000000E-002  0.000000000000000E+000
 -9.000000000000001E-003  0.000000000000000E+000
 -8.000000000000000E-003  0.000000000000000E+000
 -6.999999999999999E-003  0.000000000000000E+000
 -6.000000000000002E-003  0.000000000000000E+000
 -5.000000000000001E-003  0.000000000000000E+000
 -4.000000000000000E-003  0.000000000000000E+000
 -3.000000000000003E-003  0.000000000000000E+000
 -2.000000000000002E-003  0.000000000000000E+000
 -1.000000000000001E-003  0.000000000000000E+000
  0.000000000000000E+000  0.000000000000000E+000
  1.000000000000001E-003  0.000000000000000E+000
  1.999999999999998E-003  0.000000000000000E+000
  2.999999999999999E-003  0.000000000000000E+000
  4.000000000000000E-003  0.000000000000000E+000
  4.999999999999998E-003  0.000000000000000E+000
  5.999999999999998E-003  0.000000000000000E+000
  6.999999999999999E-003  0.000000000000000E+000
  8.000000000000000E-003  0.000000000000000E+000
  9.000000000000001E-003  0.000000000000000E+000
  1.000000000000000E-002  0.000000000000000E+000
  1.100000000000000E-002  0.000000000000000E+000
  1.200000000000000E-002  0.000000000000000E+000
  1.300000000000000E-002  0.000000000000000E+000
  1.400000000000000E-002  0.000000000000000E+000
  1.500000000000000E-002  0.000000000000000E+000
  1.600000000000000E-002  0.000000000000000E+000
  1.700000000000000E-002  0.000000000000000E+000
  1.800000000000000E-002  0.000000000000000E+000
  1.900000000000000E-002  0.000000000000000E+000
  2.000000000000000E-002  0.000000000000000E+000
  2.100000000000000E-002  0.000000000000000E+000
  2.200000000000000E-002  0.000000000000000E+000
  2.300000000000000E-002  0.000000000000000E+000
  2.400000000000000E-002  0.000000000000000E+000
  2.500000000000000E-002  0.000000000000000E+000
4
   93.4722200000000     
 6
38
 6
38
 0
 0
  130.69228000
