 -2.500000000000000E-002  0.000000000000000E+000
 -2.400000000000000E-002  0.000000000000000E+000
 -2.300000000000000E-002  0.000000000000000E+000
 -2.200000000000000E-002  0.000000000000000E+000
 -2.100000000000000E-002  0.000000000000000E+000
 -2.000000000000000E-002  0.000000000000000E+000
 -1.900000000000000E-002  0.000000000000000E+000
 -1.800000000000000E-002  0.000000000000000E+000
 -1.700000000000000E-002  0.000000000000000E+000
 -1.600000000000000E-002  9.551637306536374E-003
 -1.500000000000000E-002  4.522645598000960E-002
 -1.400000000000000E-002  0.145024303717481     
 -1.300000000000000E-002  7.961724659269935E-002
 -1.200000000000000E-002  0.186338815625916     
 -1.100000000000000E-002  0.255203784329614     
 -1.000000000000000E-002  0.454025399021741     
 -9.000000000000001E-003  0.379645156683518     
 -8.000000000000000E-003  0.157821747042894     
 -6.999999999999999E-003  0.226192087833097     
 -6.000000000000002E-003   1.49365284518496     
 -5.000000000000001E-003   1.99000198663590     
 -4.000000000000000E-003   9.50127349337488     
 -3.000000000000003E-003   18.2844060928586     
 -2.000000000000002E-003   28.1971943381052     
 -1.000000000000001E-003   28.1872914086736     
  0.000000000000000E+000   20.9824794365891     
  1.000000000000001E-003   22.4092559926182     
  1.999999999999998E-003   19.0342860765770     
  2.999999999999999E-003   12.3221718344997     
  4.000000000000000E-003   1.37636961350861     
  4.999999999999998E-003   1.49798326863706     
  5.999999999999998E-003   1.01621473005408     
  6.999999999999999E-003  0.645119188690868     
  8.000000000000000E-003  0.242167544819582     
  9.000000000000001E-003  0.288346284374526     
  1.000000000000000E-002  0.356333623468279     
  1.100000000000000E-002  0.480466572450883     
  1.200000000000000E-002  0.321895361912652     
  1.300000000000000E-002  0.268211313614676     
  1.400000000000000E-002  0.216318896014294     
  1.500000000000000E-002  0.181940788234972     
  1.600000000000000E-002  7.604661909090493E-002
  1.700000000000000E-002  1.345311989481446E-003
  1.800000000000000E-002  0.000000000000000E+000
  1.900000000000000E-002  0.000000000000000E+000
  2.000000000000000E-002  0.000000000000000E+000
  2.100000000000000E-002  0.000000000000000E+000
  2.200000000000000E-002  0.000000000000000E+000
  2.300000000000000E-002  0.000000000000000E+000
  2.400000000000000E-002  0.000000000000000E+000
  2.500000000000000E-002  0.000000000000000E+000
 -2.500000000000000E-002  0.000000000000000E+000
 -2.400000000000000E-002  0.000000000000000E+000
 -2.300000000000000E-002  0.000000000000000E+000
 -2.200000000000000E-002  0.000000000000000E+000
 -2.100000000000000E-002  0.000000000000000E+000
 -2.000000000000000E-002  0.000000000000000E+000
 -1.900000000000000E-002  0.000000000000000E+000
 -1.800000000000000E-002  0.000000000000000E+000
 -1.700000000000000E-002  0.000000000000000E+000
 -1.600000000000000E-002  0.120633488673937     
 -1.500000000000000E-002  0.404033008283904     
 -1.400000000000000E-002  0.926568412159343     
 -1.300000000000000E-002  0.367008295920306     
 -1.200000000000000E-002  0.623596478856003     
 -1.100000000000000E-002  0.622014848689072     
 -1.000000000000000E-002  0.805589483865866     
 -9.000000000000001E-003  0.487986816310553     
 -8.000000000000000E-003  0.145419122098178     
 -6.999999999999999E-003  7.551664391408407E-002
 -6.000000000000002E-003  0.144591269215550     
 -5.000000000000001E-003  7.232030582594706E-002
 -4.000000000000000E-003  5.087848886751563E-002
 -3.000000000000003E-003  3.794434832374324E-002
 -2.000000000000002E-003  7.895724502277015E-003
 -1.000000000000001E-003  6.383975626616164E-004
  0.000000000000000E+000  0.000000000000000E+000
  1.000000000000001E-003  1.872828826658272E-003
  1.999999999999998E-003  7.605927933286809E-003
  2.999999999999999E-003  2.753378974407341E-002
  4.000000000000000E-003  5.073877380908023E-002
  4.999999999999998E-003  9.993946103510407E-002
  5.999999999999998E-003  0.196854572474544     
  6.999999999999999E-003  0.418502539840575     
  8.000000000000000E-003  0.223136496890784     
  9.000000000000001E-003  0.370633426582079     
  1.000000000000000E-002  0.632252337495592     
  1.100000000000000E-002   1.17105372535228     
  1.200000000000000E-002   1.07724637818773     
  1.300000000000000E-002   1.23636248889440     
  1.400000000000000E-002   1.38207356189407     
  1.500000000000000E-002   1.62537794322448     
  1.600000000000000E-002  0.960439416655417     
  1.700000000000000E-002  2.433194197947827E-002
  1.800000000000000E-002  0.000000000000000E+000
  1.900000000000000E-002  0.000000000000000E+000
  2.000000000000000E-002  0.000000000000000E+000
  2.100000000000000E-002  0.000000000000000E+000
  2.200000000000000E-002  0.000000000000000E+000
  2.300000000000000E-002  0.000000000000000E+000
  2.400000000000000E-002  0.000000000000000E+000
  2.500000000000000E-002  0.000000000000000E+000
 -2.500000000000000E-002  0.000000000000000E+000
 -2.400000000000000E-002  0.000000000000000E+000
 -2.300000000000000E-002  0.000000000000000E+000
 -2.200000000000000E-002  0.000000000000000E+000
 -2.100000000000000E-002  0.000000000000000E+000
 -2.000000000000000E-002  0.000000000000000E+000
 -1.900000000000000E-002  0.000000000000000E+000
 -1.800000000000000E-002  0.000000000000000E+000
 -1.700000000000000E-002  0.000000000000000E+000
 -1.600000000000000E-002  0.000000000000000E+000
 -1.500000000000000E-002  0.000000000000000E+000
 -1.400000000000000E-002  0.000000000000000E+000
 -1.300000000000000E-002  0.000000000000000E+000
 -1.200000000000000E-002  0.000000000000000E+000
 -1.100000000000000E-002  0.000000000000000E+000
 -1.000000000000000E-002  0.000000000000000E+000
 -9.000000000000001E-003  0.000000000000000E+000
 -8.000000000000000E-003  0.000000000000000E+000
 -6.999999999999999E-003  0.000000000000000E+000
 -6.000000000000002E-003  0.000000000000000E+000
 -5.000000000000001E-003  0.000000000000000E+000
 -4.000000000000000E-003  0.000000000000000E+000
 -3.000000000000003E-003  0.000000000000000E+000
 -2.000000000000002E-003  0.000000000000000E+000
 -1.000000000000001E-003  0.000000000000000E+000
  0.000000000000000E+000  0.000000000000000E+000
  1.000000000000001E-003  0.000000000000000E+000
  1.999999999999998E-003  0.000000000000000E+000
  2.999999999999999E-003  0.000000000000000E+000
  4.000000000000000E-003  0.000000000000000E+000
  4.999999999999998E-003  0.000000000000000E+000
  5.999999999999998E-003  0.000000000000000E+000
  6.999999999999999E-003  0.000000000000000E+000
  8.000000000000000E-003  0.000000000000000E+000
  9.000000000000001E-003  0.000000000000000E+000
  1.000000000000000E-002  0.000000000000000E+000
  1.100000000000000E-002  0.000000000000000E+000
  1.200000000000000E-002  0.000000000000000E+000
  1.300000000000000E-002  0.000000000000000E+000
  1.400000000000000E-002  0.000000000000000E+000
  1.500000000000000E-002  0.000000000000000E+000
  1.600000000000000E-002  0.000000000000000E+000
  1.700000000000000E-002  0.000000000000000E+000
  1.800000000000000E-002  0.000000000000000E+000
  1.900000000000000E-002  0.000000000000000E+000
  2.000000000000000E-002  0.000000000000000E+000
  2.100000000000000E-002  0.000000000000000E+000
  2.200000000000000E-002  0.000000000000000E+000
  2.300000000000000E-002  0.000000000000000E+000
  2.400000000000000E-002  0.000000000000000E+000
  2.500000000000000E-002  0.000000000000000E+000
4
   102.764688888889     
10
43
10
43
 0
 0
  180.30929000
