 -2.500000000000000E-002  0.000000000000000E+000
 -2.400000000000000E-002  0.000000000000000E+000
 -2.300000000000000E-002  0.000000000000000E+000
 -2.200000000000000E-002  0.000000000000000E+000
 -2.100000000000000E-002  0.000000000000000E+000
 -2.000000000000000E-002  5.663692668829352E-003
 -1.900000000000000E-002  2.720613443929836E-002
 -1.800000000000000E-002  2.500247711952553E-002
 -1.700000000000000E-002  3.359955726723171E-002
 -1.600000000000000E-002  5.245616619173364E-002
 -1.500000000000000E-002  0.156849250814961     
 -1.400000000000000E-002  0.129205423821864     
 -1.300000000000000E-002  5.787449301719336E-002
 -1.200000000000000E-002  7.121104332790661E-002
 -1.100000000000000E-002  0.780209901846479     
 -1.000000000000000E-002  0.994980130079743     
 -9.000000000000001E-003  0.824672169697841     
 -8.000000000000000E-003   2.72950762326004     
 -6.999999999999999E-003   4.40512571812993     
 -6.000000000000002E-003   3.26719543958085     
 -5.000000000000001E-003   4.49319414757959     
 -4.000000000000000E-003   5.74546342502290     
 -3.000000000000003E-003   24.9338611697821     
 -2.000000000000002E-003   61.1328355858524     
 -1.000000000000001E-003   74.6977731880357     
  0.000000000000000E+000   56.2769372309101     
  1.000000000000001E-003   48.1506785275792     
  1.999999999999998E-003   28.9807828985455     
  2.999999999999999E-003   29.8469214575940     
  4.000000000000000E-003   3.67928577952579     
  4.999999999999998E-003   1.85374951040223     
  5.999999999999998E-003   2.26344898284559     
  6.999999999999999E-003  0.477962103606292     
  8.000000000000000E-003   1.31624409918143     
  9.000000000000001E-003   1.97204571990319     
  1.000000000000000E-002   2.35139892529105     
  1.100000000000000E-002   2.00609579511345     
  1.200000000000000E-002  0.658551789405658     
  1.300000000000000E-002  0.411223434739976     
  1.400000000000000E-002  9.003557661559929E-002
  1.500000000000000E-002  0.000000000000000E+000
  1.600000000000000E-002  0.000000000000000E+000
  1.700000000000000E-002  0.000000000000000E+000
  1.800000000000000E-002  0.000000000000000E+000
  1.900000000000000E-002  0.000000000000000E+000
  2.000000000000000E-002  0.000000000000000E+000
  2.100000000000000E-002  0.000000000000000E+000
  2.200000000000000E-002  0.000000000000000E+000
  2.300000000000000E-002  0.000000000000000E+000
  2.400000000000000E-002  0.000000000000000E+000
  2.500000000000000E-002  0.000000000000000E+000
 -2.500000000000000E-002  0.000000000000000E+000
 -2.400000000000000E-002  0.000000000000000E+000
 -2.300000000000000E-002  0.000000000000000E+000
 -2.200000000000000E-002  0.000000000000000E+000
 -2.100000000000000E-002  0.000000000000000E+000
 -2.000000000000000E-002  0.329865427016235     
 -1.900000000000000E-002   1.05538857572493     
 -1.800000000000000E-002  0.657043693031185     
 -1.700000000000000E-002  0.607697310627227     
 -1.600000000000000E-002  0.662501111284693     
 -1.500000000000000E-002   1.40122132677953     
 -1.400000000000000E-002  0.825500701083997     
 -1.300000000000000E-002  0.266781632981509     
 -1.200000000000000E-002  0.238312966226499     
 -1.100000000000000E-002  0.305341474904176     
 -1.000000000000000E-002  0.322103524518957     
 -9.000000000000001E-003  1.156432665997906E-002
 -8.000000000000000E-003  0.000000000000000E+000
 -6.999999999999999E-003  0.000000000000000E+000
 -6.000000000000002E-003  0.000000000000000E+000
 -5.000000000000001E-003  0.000000000000000E+000
 -4.000000000000000E-003  0.000000000000000E+000
 -3.000000000000003E-003  0.000000000000000E+000
 -2.000000000000002E-003  0.000000000000000E+000
 -1.000000000000001E-003  0.000000000000000E+000
  0.000000000000000E+000  0.000000000000000E+000
  1.000000000000001E-003  0.000000000000000E+000
  1.999999999999998E-003  1.158539955865465E-002
  2.999999999999999E-003  4.460373955199921E-002
  4.000000000000000E-003  0.160703834239459     
  4.999999999999998E-003  0.266919747127564     
  5.999999999999998E-003  0.323206735028814     
  6.999999999999999E-003  0.233148084315668     
  8.000000000000000E-003  0.578721342664175     
  9.000000000000001E-003   1.31113303601461     
  1.000000000000000E-002   2.67844016789963     
  1.100000000000000E-002  0.266158517953952     
  1.200000000000000E-002  0.000000000000000E+000
  1.300000000000000E-002  0.000000000000000E+000
  1.400000000000000E-002  0.000000000000000E+000
  1.500000000000000E-002  0.000000000000000E+000
  1.600000000000000E-002  0.000000000000000E+000
  1.700000000000000E-002  0.000000000000000E+000
  1.800000000000000E-002  0.000000000000000E+000
  1.900000000000000E-002  0.000000000000000E+000
  2.000000000000000E-002  0.000000000000000E+000
  2.100000000000000E-002  0.000000000000000E+000
  2.200000000000000E-002  0.000000000000000E+000
  2.300000000000000E-002  0.000000000000000E+000
  2.400000000000000E-002  0.000000000000000E+000
  2.500000000000000E-002  0.000000000000000E+000
 -2.500000000000000E-002  0.000000000000000E+000
 -2.400000000000000E-002  0.000000000000000E+000
 -2.300000000000000E-002  0.000000000000000E+000
 -2.200000000000000E-002  0.000000000000000E+000
 -2.100000000000000E-002  0.000000000000000E+000
 -2.000000000000000E-002  0.000000000000000E+000
 -1.900000000000000E-002  0.000000000000000E+000
 -1.800000000000000E-002  0.000000000000000E+000
 -1.700000000000000E-002  0.000000000000000E+000
 -1.600000000000000E-002  0.000000000000000E+000
 -1.500000000000000E-002  0.000000000000000E+000
 -1.400000000000000E-002  0.000000000000000E+000
 -1.300000000000000E-002  0.000000000000000E+000
 -1.200000000000000E-002  0.000000000000000E+000
 -1.100000000000000E-002  0.000000000000000E+000
 -1.000000000000000E-002  0.000000000000000E+000
 -9.000000000000001E-003  0.000000000000000E+000
 -8.000000000000000E-003  0.000000000000000E+000
 -6.999999999999999E-003  0.000000000000000E+000
 -6.000000000000002E-003  0.000000000000000E+000
 -5.000000000000001E-003  0.000000000000000E+000
 -4.000000000000000E-003  0.000000000000000E+000
 -3.000000000000003E-003  0.000000000000000E+000
 -2.000000000000002E-003  0.000000000000000E+000
 -1.000000000000001E-003  0.000000000000000E+000
  0.000000000000000E+000  0.000000000000000E+000
  1.000000000000001E-003  0.000000000000000E+000
  1.999999999999998E-003  0.000000000000000E+000
  2.999999999999999E-003  0.000000000000000E+000
  4.000000000000000E-003  1.200455727443533E-002
  4.999999999999998E-003  3.012601625985287E-002
  5.999999999999998E-003  0.274095356065957     
  6.999999999999999E-003  7.691609888231206E-002
  8.000000000000000E-003  0.599586063190522     
  9.000000000000001E-003   1.19345570147719     
  1.000000000000000E-002   1.49371022427978     
  1.100000000000000E-002   4.62335115656413     
  1.200000000000000E-002   2.20389174224509     
  1.300000000000000E-002   1.89559948987551     
  1.400000000000000E-002  0.575242349896632     
  1.500000000000000E-002  0.000000000000000E+000
  1.600000000000000E-002  0.000000000000000E+000
  1.700000000000000E-002  0.000000000000000E+000
  1.800000000000000E-002  0.000000000000000E+000
  1.900000000000000E-002  0.000000000000000E+000
  2.000000000000000E-002  0.000000000000000E+000
  2.100000000000000E-002  0.000000000000000E+000
  2.200000000000000E-002  0.000000000000000E+000
  2.300000000000000E-002  0.000000000000000E+000
  2.400000000000000E-002  0.000000000000000E+000
  2.500000000000000E-002  0.000000000000000E+000
1
   103.630650000000     
 6
40
 6
37
30
40
  403.07845000
