 -2.500000000000000E-002  0.000000000000000E+000
 -2.400000000000000E-002  0.000000000000000E+000
 -2.300000000000000E-002  0.000000000000000E+000
 -2.200000000000000E-002  0.000000000000000E+000
 -2.100000000000000E-002  0.000000000000000E+000
 -2.000000000000000E-002  0.000000000000000E+000
 -1.900000000000000E-002  0.000000000000000E+000
 -1.800000000000000E-002  0.000000000000000E+000
 -1.700000000000000E-002  0.000000000000000E+000
 -1.600000000000000E-002  3.055649104928818E-002
 -1.500000000000000E-002  4.877700840677705E-002
 -1.400000000000000E-002  0.120255600520801     
 -1.300000000000000E-002  0.120769049710330     
 -1.200000000000000E-002  5.106075129532475E-002
 -1.100000000000000E-002  0.146583648975212     
 -1.000000000000000E-002  0.263874005832715     
 -9.000000000000001E-003  0.498349520504696     
 -8.000000000000000E-003  0.840368172628343     
 -6.999999999999999E-003   7.42321745556261     
 -6.000000000000002E-003   17.4168262994460     
 -5.000000000000001E-003   16.2473477673633     
 -4.000000000000000E-003   13.5339189228082     
 -3.000000000000003E-003   13.2934214040007     
 -2.000000000000002E-003   9.88092714985223     
 -1.000000000000001E-003   14.0382471857677     
  0.000000000000000E+000   15.0166017699388     
  1.000000000000001E-003   14.1965374929428     
  1.999999999999998E-003   12.4627146674485     
  2.999999999999999E-003   13.0862145522468     
  4.000000000000000E-003   12.1985243790594     
  4.999999999999998E-003   4.32283163567118     
  5.999999999999998E-003   1.81308032990741     
  6.999999999999999E-003   1.06450832497576     
  8.000000000000000E-003   1.83968624589631     
  9.000000000000001E-003   2.26605094940098     
  1.000000000000000E-002   1.22884209039985     
  1.100000000000000E-002   1.11810987518202     
  1.200000000000000E-002   1.10607578194294     
  1.300000000000000E-002  0.265395069623076     
  1.400000000000000E-002  0.196708575295476     
  1.500000000000000E-002  1.786417954012839E-002
  1.600000000000000E-002  0.000000000000000E+000
  1.700000000000000E-002  0.000000000000000E+000
  1.800000000000000E-002  0.000000000000000E+000
  1.900000000000000E-002  0.000000000000000E+000
  2.000000000000000E-002  0.000000000000000E+000
  2.100000000000000E-002  0.000000000000000E+000
  2.200000000000000E-002  0.000000000000000E+000
  2.300000000000000E-002  0.000000000000000E+000
  2.400000000000000E-002  0.000000000000000E+000
  2.500000000000000E-002  0.000000000000000E+000
 -2.500000000000000E-002  0.000000000000000E+000
 -2.400000000000000E-002  0.000000000000000E+000
 -2.300000000000000E-002  0.000000000000000E+000
 -2.200000000000000E-002  0.000000000000000E+000
 -2.100000000000000E-002  0.000000000000000E+000
 -2.000000000000000E-002  0.000000000000000E+000
 -1.900000000000000E-002  0.000000000000000E+000
 -1.800000000000000E-002  0.000000000000000E+000
 -1.700000000000000E-002  0.000000000000000E+000
 -1.600000000000000E-002  0.385916675708266     
 -1.500000000000000E-002  0.435752061810685     
 -1.400000000000000E-002  0.768319777937989     
 -1.300000000000000E-002  0.556704043796554     
 -1.200000000000000E-002  0.170878539763983     
 -1.100000000000000E-002  0.357272155963984     
 -1.000000000000000E-002  0.468198749722845     
 -9.000000000000001E-003  0.640566570229435     
 -8.000000000000000E-003  2.132814812074946E-002
 -6.999999999999999E-003  4.530640631072830E-002
 -6.000000000000002E-003  0.133705916141628     
 -5.000000000000001E-003  2.745023427547816E-002
 -4.000000000000000E-003  1.555606074303704E-003
 -3.000000000000003E-003  0.000000000000000E+000
 -2.000000000000002E-003  0.000000000000000E+000
 -1.000000000000001E-003  0.000000000000000E+000
  0.000000000000000E+000  0.000000000000000E+000
  1.000000000000001E-003  5.464596796449133E-003
  1.999999999999998E-003  1.120354773936670E-003
  2.999999999999999E-003  5.095413420540788E-002
  4.000000000000000E-003  0.233739391114492     
  4.999999999999998E-003  0.348205516631555     
  5.999999999999998E-003  0.645136709953571     
  6.999999999999999E-003  0.276248177494924     
  8.000000000000000E-003   1.24980153583243     
  9.000000000000001E-003   1.31813239588528     
  1.000000000000000E-002  0.870907318570901     
  1.100000000000000E-002  0.000000000000000E+000
  1.200000000000000E-002  0.000000000000000E+000
  1.300000000000000E-002  0.000000000000000E+000
  1.400000000000000E-002  0.000000000000000E+000
  1.500000000000000E-002  0.000000000000000E+000
  1.600000000000000E-002  0.000000000000000E+000
  1.700000000000000E-002  0.000000000000000E+000
  1.800000000000000E-002  0.000000000000000E+000
  1.900000000000000E-002  0.000000000000000E+000
  2.000000000000000E-002  0.000000000000000E+000
  2.100000000000000E-002  0.000000000000000E+000
  2.200000000000000E-002  0.000000000000000E+000
  2.300000000000000E-002  0.000000000000000E+000
  2.400000000000000E-002  0.000000000000000E+000
  2.500000000000000E-002  0.000000000000000E+000
 -2.500000000000000E-002  0.000000000000000E+000
 -2.400000000000000E-002  0.000000000000000E+000
 -2.300000000000000E-002  0.000000000000000E+000
 -2.200000000000000E-002  0.000000000000000E+000
 -2.100000000000000E-002  0.000000000000000E+000
 -2.000000000000000E-002  0.000000000000000E+000
 -1.900000000000000E-002  0.000000000000000E+000
 -1.800000000000000E-002  0.000000000000000E+000
 -1.700000000000000E-002  0.000000000000000E+000
 -1.600000000000000E-002  0.000000000000000E+000
 -1.500000000000000E-002  0.000000000000000E+000
 -1.400000000000000E-002  0.000000000000000E+000
 -1.300000000000000E-002  0.000000000000000E+000
 -1.200000000000000E-002  0.000000000000000E+000
 -1.100000000000000E-002  0.000000000000000E+000
 -1.000000000000000E-002  0.000000000000000E+000
 -9.000000000000001E-003  0.000000000000000E+000
 -8.000000000000000E-003  0.000000000000000E+000
 -6.999999999999999E-003  0.000000000000000E+000
 -6.000000000000002E-003  0.000000000000000E+000
 -5.000000000000001E-003  0.000000000000000E+000
 -4.000000000000000E-003  0.000000000000000E+000
 -3.000000000000003E-003  0.000000000000000E+000
 -2.000000000000002E-003  0.000000000000000E+000
 -1.000000000000001E-003  0.000000000000000E+000
  0.000000000000000E+000  0.000000000000000E+000
  1.000000000000001E-003  1.640523848627869E-002
  1.999999999999998E-003  2.610177241214143E-002
  2.999999999999999E-003  7.088631463073920E-002
  4.000000000000000E-003  0.264125399828401     
  4.999999999999998E-003  0.366483236938526     
  5.999999999999998E-003  0.145624176156902     
  6.999999999999999E-003  0.414321015754214     
  8.000000000000000E-003  0.445310600656747     
  9.000000000000001E-003   1.59459536826085     
  1.000000000000000E-002   1.30946027207674     
  1.100000000000000E-002   2.72519840039222     
  1.200000000000000E-002   3.70156352368478     
  1.300000000000000E-002   1.22338056660386     
  1.400000000000000E-002   1.25678212270352     
  1.500000000000000E-002  0.159590621102660     
  1.600000000000000E-002  0.000000000000000E+000
  1.700000000000000E-002  0.000000000000000E+000
  1.800000000000000E-002  0.000000000000000E+000
  1.900000000000000E-002  0.000000000000000E+000
  2.000000000000000E-002  0.000000000000000E+000
  2.100000000000000E-002  0.000000000000000E+000
  2.200000000000000E-002  0.000000000000000E+000
  2.300000000000000E-002  0.000000000000000E+000
  2.400000000000000E-002  0.000000000000000E+000
  2.500000000000000E-002  0.000000000000000E+000
4
   96.3991692307692     
10
41
10
36
27
41
  199.93745000
