 -2.500000000000000E-002  0.000000000000000E+000
 -2.400000000000000E-002  0.000000000000000E+000
 -2.300000000000000E-002  0.000000000000000E+000
 -2.200000000000000E-002  0.000000000000000E+000
 -2.100000000000000E-002  0.000000000000000E+000
 -2.000000000000000E-002  0.000000000000000E+000
 -1.900000000000000E-002  0.000000000000000E+000
 -1.800000000000000E-002  0.000000000000000E+000
 -1.700000000000000E-002  2.745791812187190E-002
 -1.600000000000000E-002  9.970277605950391E-002
 -1.500000000000000E-002  0.361091893986048     
 -1.400000000000000E-002  0.337362804993756     
 -1.300000000000000E-002  0.611731678705004     
 -1.200000000000000E-002  0.889744309409201     
 -1.100000000000000E-002   1.47317255265272     
 -1.000000000000000E-002   1.57656456250339     
 -9.000000000000001E-003   2.08751297259056     
 -8.000000000000000E-003   2.86715588165368     
 -6.999999999999999E-003   9.01506232651792     
 -6.000000000000002E-003   10.6071784748206     
 -5.000000000000001E-003   11.4464876893747     
 -4.000000000000000E-003   7.92372857018906     
 -3.000000000000003E-003   5.69646215888137     
 -2.000000000000002E-003   5.84515392802563     
 -1.000000000000001E-003   6.71676699106143     
  0.000000000000000E+000   5.69646498828072     
  1.000000000000001E-003   3.82124990077367     
  1.999999999999998E-003   5.67474677429426     
  2.999999999999999E-003   4.22399156655532     
  4.000000000000000E-003   4.24010320762037     
  4.999999999999998E-003   6.38302015774773     
  5.999999999999998E-003   3.42851129404311     
  6.999999999999999E-003   4.46381078045133     
  8.000000000000000E-003   3.55029408306377     
  9.000000000000001E-003   3.18621547239022     
  1.000000000000000E-002   2.04999951327513     
  1.100000000000000E-002   2.13202089402094     
  1.200000000000000E-002   1.41587546402682     
  1.300000000000000E-002   1.00355406111896     
  1.400000000000000E-002  0.503067982361798     
  1.500000000000000E-002  0.152198454512976     
  1.600000000000000E-002  2.607522017751296E-002
  1.700000000000000E-002  0.000000000000000E+000
  1.800000000000000E-002  0.000000000000000E+000
  1.900000000000000E-002  0.000000000000000E+000
  2.000000000000000E-002  0.000000000000000E+000
  2.100000000000000E-002  0.000000000000000E+000
  2.200000000000000E-002  0.000000000000000E+000
  2.300000000000000E-002  0.000000000000000E+000
  2.400000000000000E-002  0.000000000000000E+000
  2.500000000000000E-002  0.000000000000000E+000
 -2.500000000000000E-002  0.000000000000000E+000
 -2.400000000000000E-002  0.000000000000000E+000
 -2.300000000000000E-002  0.000000000000000E+000
 -2.200000000000000E-002  0.000000000000000E+000
 -2.100000000000000E-002  0.000000000000000E+000
 -2.000000000000000E-002  0.000000000000000E+000
 -1.900000000000000E-002  0.000000000000000E+000
 -1.800000000000000E-002  0.000000000000000E+000
 -1.700000000000000E-002  0.496616751981951     
 -1.600000000000000E-002   1.25920753903665     
 -1.500000000000000E-002   3.22583410600648     
 -1.400000000000000E-002   2.15542988679771     
 -1.300000000000000E-002   2.81987396663600     
 -1.200000000000000E-002   2.97759442425358     
 -1.100000000000000E-002   3.59060193734300     
 -1.000000000000000E-002   2.79734093054011     
 -9.000000000000001E-003   2.32033556028773     
 -8.000000000000000E-003   1.65575773319200     
 -6.999999999999999E-003   1.44751130676954     
 -6.000000000000002E-003  0.918869322459571     
 -5.000000000000001E-003  0.644345250033378     
 -4.000000000000000E-003  0.118796587634569     
 -3.000000000000003E-003  1.648207573330277E-002
 -2.000000000000002E-003  2.038574312113598E-002
 -1.000000000000001E-003  4.007117415395930E-003
  0.000000000000000E+000  0.000000000000000E+000
  1.000000000000001E-003  2.181441797442888E-002
  1.999999999999998E-003  0.183445506965323     
  2.999999999999999E-003  0.306999210337325     
  4.000000000000000E-003  0.589758724397870     
  4.999999999999998E-003   1.76736231286340     
  5.999999999999998E-003   1.48905191526114     
  6.999999999999999E-003   2.89576900165932     
  8.000000000000000E-003   3.22663475289601     
  9.000000000000001E-003   4.02037234085550     
  1.000000000000000E-002   3.63736930441090     
  1.100000000000000E-002   5.19643020686386     
  1.200000000000000E-002   4.73833082441754     
  1.300000000000000E-002   4.62604123600711     
  1.400000000000000E-002   3.21412956088538     
  1.500000000000000E-002   1.35967318465588     
  1.600000000000000E-002  0.329319956045847     
  1.700000000000000E-002  0.000000000000000E+000
  1.800000000000000E-002  0.000000000000000E+000
  1.900000000000000E-002  0.000000000000000E+000
  2.000000000000000E-002  0.000000000000000E+000
  2.100000000000000E-002  0.000000000000000E+000
  2.200000000000000E-002  0.000000000000000E+000
  2.300000000000000E-002  0.000000000000000E+000
  2.400000000000000E-002  0.000000000000000E+000
  2.500000000000000E-002  0.000000000000000E+000
 -2.500000000000000E-002  0.000000000000000E+000
 -2.400000000000000E-002  0.000000000000000E+000
 -2.300000000000000E-002  0.000000000000000E+000
 -2.200000000000000E-002  0.000000000000000E+000
 -2.100000000000000E-002  0.000000000000000E+000
 -2.000000000000000E-002  0.000000000000000E+000
 -1.900000000000000E-002  0.000000000000000E+000
 -1.800000000000000E-002  0.000000000000000E+000
 -1.700000000000000E-002  0.000000000000000E+000
 -1.600000000000000E-002  0.000000000000000E+000
 -1.500000000000000E-002  0.000000000000000E+000
 -1.400000000000000E-002  0.000000000000000E+000
 -1.300000000000000E-002  0.000000000000000E+000
 -1.200000000000000E-002  0.000000000000000E+000
 -1.100000000000000E-002  0.000000000000000E+000
 -1.000000000000000E-002  0.000000000000000E+000
 -9.000000000000001E-003  0.000000000000000E+000
 -8.000000000000000E-003  0.000000000000000E+000
 -6.999999999999999E-003  0.000000000000000E+000
 -6.000000000000002E-003  0.000000000000000E+000
 -5.000000000000001E-003  0.000000000000000E+000
 -4.000000000000000E-003  0.000000000000000E+000
 -3.000000000000003E-003  0.000000000000000E+000
 -2.000000000000002E-003  0.000000000000000E+000
 -1.000000000000001E-003  0.000000000000000E+000
  0.000000000000000E+000  0.000000000000000E+000
  1.000000000000001E-003  0.000000000000000E+000
  1.999999999999998E-003  0.000000000000000E+000
  2.999999999999999E-003  0.000000000000000E+000
  4.000000000000000E-003  0.000000000000000E+000
  4.999999999999998E-003  0.000000000000000E+000
  5.999999999999998E-003  0.000000000000000E+000
  6.999999999999999E-003  0.000000000000000E+000
  8.000000000000000E-003  0.000000000000000E+000
  9.000000000000001E-003  0.000000000000000E+000
  1.000000000000000E-002  0.000000000000000E+000
  1.100000000000000E-002  0.000000000000000E+000
  1.200000000000000E-002  0.000000000000000E+000
  1.300000000000000E-002  0.000000000000000E+000
  1.400000000000000E-002  0.000000000000000E+000
  1.500000000000000E-002  0.000000000000000E+000
  1.600000000000000E-002  0.000000000000000E+000
  1.700000000000000E-002  0.000000000000000E+000
  1.800000000000000E-002  0.000000000000000E+000
  1.900000000000000E-002  0.000000000000000E+000
  2.000000000000000E-002  0.000000000000000E+000
  2.100000000000000E-002  0.000000000000000E+000
  2.200000000000000E-002  0.000000000000000E+000
  2.300000000000000E-002  0.000000000000000E+000
  2.400000000000000E-002  0.000000000000000E+000
  2.500000000000000E-002  0.000000000000000E+000
4
   76.8894666666667     
 9
42
 9
42
 0
 0
  196.14506000
