 -2.500000000000000E-002  0.000000000000000E+000
 -2.400000000000000E-002  0.000000000000000E+000
 -2.300000000000000E-002  0.000000000000000E+000
 -2.200000000000000E-002  0.000000000000000E+000
 -2.100000000000000E-002  0.000000000000000E+000
 -2.000000000000000E-002  0.000000000000000E+000
 -1.900000000000000E-002  0.000000000000000E+000
 -1.800000000000000E-002  0.000000000000000E+000
 -1.700000000000000E-002  0.000000000000000E+000
 -1.600000000000000E-002  2.512576527266600E-002
 -1.500000000000000E-002  7.880410745258502E-002
 -1.400000000000000E-002  0.189359613874989     
 -1.300000000000000E-002  4.625042519905549E-002
 -1.200000000000000E-002  0.162280196147982     
 -1.100000000000000E-002  0.256740580168682     
 -1.000000000000000E-002  0.418575955199582     
 -9.000000000000001E-003  0.384050311643878     
 -8.000000000000000E-003  0.163653973203143     
 -6.999999999999999E-003  0.785338911955225     
 -6.000000000000002E-003   1.05369128201765     
 -5.000000000000001E-003   3.05003101825039     
 -4.000000000000000E-003   7.73807259593794     
 -3.000000000000003E-003   19.1787672656748     
 -2.000000000000002E-003   24.7005792439941     
 -1.000000000000001E-003   23.2479051229170     
  0.000000000000000E+000   15.6972128959078     
  1.000000000000001E-003   15.3573908667543     
  1.999999999999998E-003   17.6202044168057     
  2.999999999999999E-003   8.00663079707824     
  4.000000000000000E-003   1.79914055536612     
  4.999999999999998E-003   1.01750442802030     
  5.999999999999998E-003   1.09334108868129     
  6.999999999999999E-003  0.464734879310315     
  8.000000000000000E-003  0.535245568936648     
  9.000000000000001E-003  0.547058599242629     
  1.000000000000000E-002  0.263855574027694     
  1.100000000000000E-002  0.543877908244342     
  1.200000000000000E-002  0.251762278962445     
  1.300000000000000E-002  0.433573268790252     
  1.400000000000000E-002  0.283814549932985     
  1.500000000000000E-002  0.186256149950243     
  1.600000000000000E-002  8.145266580372509E-002
  1.700000000000000E-002  0.000000000000000E+000
  1.800000000000000E-002  0.000000000000000E+000
  1.900000000000000E-002  0.000000000000000E+000
  2.000000000000000E-002  0.000000000000000E+000
  2.100000000000000E-002  0.000000000000000E+000
  2.200000000000000E-002  0.000000000000000E+000
  2.300000000000000E-002  0.000000000000000E+000
  2.400000000000000E-002  0.000000000000000E+000
  2.500000000000000E-002  0.000000000000000E+000
 -2.500000000000000E-002  0.000000000000000E+000
 -2.400000000000000E-002  0.000000000000000E+000
 -2.300000000000000E-002  0.000000000000000E+000
 -2.200000000000000E-002  0.000000000000000E+000
 -2.100000000000000E-002  0.000000000000000E+000
 -2.000000000000000E-002  0.000000000000000E+000
 -1.900000000000000E-002  0.000000000000000E+000
 -1.800000000000000E-002  0.000000000000000E+000
 -1.700000000000000E-002  0.000000000000000E+000
 -1.600000000000000E-002  0.317328707442648     
 -1.500000000000000E-002  0.704000786912624     
 -1.400000000000000E-002   1.20982919591915     
 -1.300000000000000E-002  0.213198653110059     
 -1.200000000000000E-002  0.543082548668237     
 -1.100000000000000E-002  0.625760521324041     
 -1.000000000000000E-002  0.742690581704099     
 -9.000000000000001E-003  0.493649097276389     
 -8.000000000000000E-003  0.138696831957326     
 -6.999999999999999E-003  0.107008297860414     
 -6.000000000000002E-003  6.193723561021511E-002
 -5.000000000000001E-003  9.060676853206846E-002
 -4.000000000000000E-003  5.368379229078963E-002
 -3.000000000000003E-003  1.530604184191725E-002
 -2.000000000000002E-003  1.145228267705808E-003
 -1.000000000000001E-003  5.184814166128530E-004
  0.000000000000000E+000  0.000000000000000E+000
  1.000000000000001E-003  3.095831906856178E-003
  1.999999999999998E-003  1.041525175404528E-002
  2.999999999999999E-003  2.761668387961549E-002
  4.000000000000000E-003  7.153210393365077E-002
  4.999999999999998E-003  8.309703765245882E-002
  5.999999999999998E-003  0.292646135467319     
  6.999999999999999E-003  0.301483401444858     
  8.000000000000000E-003  0.238672899514588     
  9.000000000000001E-003  0.620213434882941     
  1.000000000000000E-002  0.468166045675175     
  1.100000000000000E-002   1.32560783019187     
  1.200000000000000E-002  0.842540885227716     
  1.300000000000000E-002   1.99862458632045     
  1.400000000000000E-002   1.81330708121459     
  1.500000000000000E-002   1.66392946219437     
  1.600000000000000E-002   1.02871569788057     
  1.700000000000000E-002  0.000000000000000E+000
  1.800000000000000E-002  0.000000000000000E+000
  1.900000000000000E-002  0.000000000000000E+000
  2.000000000000000E-002  0.000000000000000E+000
  2.100000000000000E-002  0.000000000000000E+000
  2.200000000000000E-002  0.000000000000000E+000
  2.300000000000000E-002  0.000000000000000E+000
  2.400000000000000E-002  0.000000000000000E+000
  2.500000000000000E-002  0.000000000000000E+000
 -2.500000000000000E-002  0.000000000000000E+000
 -2.400000000000000E-002  0.000000000000000E+000
 -2.300000000000000E-002  0.000000000000000E+000
 -2.200000000000000E-002  0.000000000000000E+000
 -2.100000000000000E-002  0.000000000000000E+000
 -2.000000000000000E-002  0.000000000000000E+000
 -1.900000000000000E-002  0.000000000000000E+000
 -1.800000000000000E-002  0.000000000000000E+000
 -1.700000000000000E-002  0.000000000000000E+000
 -1.600000000000000E-002  0.000000000000000E+000
 -1.500000000000000E-002  0.000000000000000E+000
 -1.400000000000000E-002  0.000000000000000E+000
 -1.300000000000000E-002  0.000000000000000E+000
 -1.200000000000000E-002  0.000000000000000E+000
 -1.100000000000000E-002  0.000000000000000E+000
 -1.000000000000000E-002  0.000000000000000E+000
 -9.000000000000001E-003  0.000000000000000E+000
 -8.000000000000000E-003  0.000000000000000E+000
 -6.999999999999999E-003  0.000000000000000E+000
 -6.000000000000002E-003  0.000000000000000E+000
 -5.000000000000001E-003  0.000000000000000E+000
 -4.000000000000000E-003  0.000000000000000E+000
 -3.000000000000003E-003  0.000000000000000E+000
 -2.000000000000002E-003  0.000000000000000E+000
 -1.000000000000001E-003  0.000000000000000E+000
  0.000000000000000E+000  0.000000000000000E+000
  1.000000000000001E-003  0.000000000000000E+000
  1.999999999999998E-003  0.000000000000000E+000
  2.999999999999999E-003  0.000000000000000E+000
  4.000000000000000E-003  0.000000000000000E+000
  4.999999999999998E-003  0.000000000000000E+000
  5.999999999999998E-003  0.000000000000000E+000
  6.999999999999999E-003  0.000000000000000E+000
  8.000000000000000E-003  0.000000000000000E+000
  9.000000000000001E-003  0.000000000000000E+000
  1.000000000000000E-002  0.000000000000000E+000
  1.100000000000000E-002  0.000000000000000E+000
  1.200000000000000E-002  0.000000000000000E+000
  1.300000000000000E-002  0.000000000000000E+000
  1.400000000000000E-002  0.000000000000000E+000
  1.500000000000000E-002  0.000000000000000E+000
  1.600000000000000E-002  0.000000000000000E+000
  1.700000000000000E-002  0.000000000000000E+000
  1.800000000000000E-002  0.000000000000000E+000
  1.900000000000000E-002  0.000000000000000E+000
  2.000000000000000E-002  0.000000000000000E+000
  2.100000000000000E-002  0.000000000000000E+000
  2.200000000000000E-002  0.000000000000000E+000
  2.300000000000000E-002  0.000000000000000E+000
  2.400000000000000E-002  0.000000000000000E+000
  2.500000000000000E-002  0.000000000000000E+000
4
   101.147487500000     
10
42
10
42
 0
 0
  157.06593000
