 -2.500000000000000E-002  0.000000000000000E+000
 -2.400000000000000E-002  0.000000000000000E+000
 -2.300000000000000E-002  0.000000000000000E+000
 -2.200000000000000E-002  0.000000000000000E+000
 -2.100000000000000E-002  0.000000000000000E+000
 -2.000000000000000E-002  0.000000000000000E+000
 -1.900000000000000E-002  0.000000000000000E+000
 -1.800000000000000E-002  0.000000000000000E+000
 -1.700000000000000E-002  0.000000000000000E+000
 -1.600000000000000E-002  0.000000000000000E+000
 -1.500000000000000E-002  0.000000000000000E+000
 -1.400000000000000E-002  0.000000000000000E+000
 -1.300000000000000E-002   3.22828238725257     
 -1.200000000000000E-002   7.35493575440694     
 -1.100000000000000E-002   3.66121596277189     
 -1.000000000000000E-002   2.61511548574477     
 -9.000000000000001E-003   2.72409824688676     
 -8.000000000000000E-003   2.33581921428742     
 -6.999999999999999E-003   3.18854020777160     
 -6.000000000000002E-003   2.75042233834193     
 -5.000000000000001E-003   4.89483656642138     
 -4.000000000000000E-003   10.3400737021195     
 -3.000000000000003E-003   7.13020904108120     
 -2.000000000000002E-003   4.53157326280272     
 -1.000000000000001E-003   4.91481790454399     
  0.000000000000000E+000   5.99970273024923     
  1.000000000000001E-003   1.62296768128268     
  1.999999999999998E-003   3.58014611440765     
  2.999999999999999E-003   1.84545116796299     
  4.000000000000000E-003   5.37779184303094     
  4.999999999999998E-003   3.01213982874415     
  5.999999999999998E-003   5.98942810645707     
  6.999999999999999E-003   3.60795634156565     
  8.000000000000000E-003   5.53104889059528     
  9.000000000000001E-003   3.07573271947874     
  1.000000000000000E-002   1.92409280869221     
  1.100000000000000E-002  0.666740776068645     
  1.200000000000000E-002  0.000000000000000E+000
  1.300000000000000E-002  0.000000000000000E+000
  1.400000000000000E-002  0.000000000000000E+000
  1.500000000000000E-002  0.000000000000000E+000
  1.600000000000000E-002  0.000000000000000E+000
  1.700000000000000E-002  0.000000000000000E+000
  1.800000000000000E-002  0.000000000000000E+000
  1.900000000000000E-002  0.000000000000000E+000
  2.000000000000000E-002  0.000000000000000E+000
  2.100000000000000E-002  0.000000000000000E+000
  2.200000000000000E-002  0.000000000000000E+000
  2.300000000000000E-002  0.000000000000000E+000
  2.400000000000000E-002  0.000000000000000E+000
  2.500000000000000E-002  0.000000000000000E+000
 -2.500000000000000E-002  0.000000000000000E+000
 -2.400000000000000E-002  0.000000000000000E+000
 -2.300000000000000E-002  0.000000000000000E+000
 -2.200000000000000E-002  0.000000000000000E+000
 -2.100000000000000E-002  0.000000000000000E+000
 -2.000000000000000E-002  0.000000000000000E+000
 -1.900000000000000E-002  0.000000000000000E+000
 -1.800000000000000E-002  0.000000000000000E+000
 -1.700000000000000E-002  0.000000000000000E+000
 -1.600000000000000E-002  0.000000000000000E+000
 -1.500000000000000E-002  0.000000000000000E+000
 -1.400000000000000E-002  0.000000000000000E+000
 -1.300000000000000E-002  0.000000000000000E+000
 -1.200000000000000E-002  0.000000000000000E+000
 -1.100000000000000E-002  0.000000000000000E+000
 -1.000000000000000E-002  0.000000000000000E+000
 -9.000000000000001E-003  0.000000000000000E+000
 -8.000000000000000E-003  0.000000000000000E+000
 -6.999999999999999E-003  0.000000000000000E+000
 -6.000000000000002E-003  0.000000000000000E+000
 -5.000000000000001E-003  0.000000000000000E+000
 -4.000000000000000E-003  0.000000000000000E+000
 -3.000000000000003E-003  0.000000000000000E+000
 -2.000000000000002E-003  0.000000000000000E+000
 -1.000000000000001E-003  0.000000000000000E+000
  0.000000000000000E+000  0.000000000000000E+000
  1.000000000000001E-003  0.000000000000000E+000
  1.999999999999998E-003  0.000000000000000E+000
  2.999999999999999E-003  0.000000000000000E+000
  4.000000000000000E-003  0.000000000000000E+000
  4.999999999999998E-003  0.000000000000000E+000
  5.999999999999998E-003  0.000000000000000E+000
  6.999999999999999E-003  0.000000000000000E+000
  8.000000000000000E-003  0.000000000000000E+000
  9.000000000000001E-003  0.000000000000000E+000
  1.000000000000000E-002  0.000000000000000E+000
  1.100000000000000E-002  0.000000000000000E+000
  1.200000000000000E-002  0.000000000000000E+000
  1.300000000000000E-002  0.000000000000000E+000
  1.400000000000000E-002  0.000000000000000E+000
  1.500000000000000E-002  0.000000000000000E+000
  1.600000000000000E-002  0.000000000000000E+000
  1.700000000000000E-002  0.000000000000000E+000
  1.800000000000000E-002  0.000000000000000E+000
  1.900000000000000E-002  0.000000000000000E+000
  2.000000000000000E-002  0.000000000000000E+000
  2.100000000000000E-002  0.000000000000000E+000
  2.200000000000000E-002  0.000000000000000E+000
  2.300000000000000E-002  0.000000000000000E+000
  2.400000000000000E-002  0.000000000000000E+000
  2.500000000000000E-002  0.000000000000000E+000
 -2.500000000000000E-002  0.000000000000000E+000
 -2.400000000000000E-002  0.000000000000000E+000
 -2.300000000000000E-002  0.000000000000000E+000
 -2.200000000000000E-002  0.000000000000000E+000
 -2.100000000000000E-002  0.000000000000000E+000
 -2.000000000000000E-002  0.000000000000000E+000
 -1.900000000000000E-002  0.000000000000000E+000
 -1.800000000000000E-002  0.000000000000000E+000
 -1.700000000000000E-002  0.000000000000000E+000
 -1.600000000000000E-002  0.000000000000000E+000
 -1.500000000000000E-002  0.000000000000000E+000
 -1.400000000000000E-002  0.000000000000000E+000
 -1.300000000000000E-002  0.000000000000000E+000
 -1.200000000000000E-002  0.000000000000000E+000
 -1.100000000000000E-002  0.000000000000000E+000
 -1.000000000000000E-002  0.000000000000000E+000
 -9.000000000000001E-003  0.000000000000000E+000
 -8.000000000000000E-003  0.000000000000000E+000
 -6.999999999999999E-003  0.000000000000000E+000
 -6.000000000000002E-003  0.000000000000000E+000
 -5.000000000000001E-003  0.000000000000000E+000
 -4.000000000000000E-003  0.000000000000000E+000
 -3.000000000000003E-003  0.000000000000000E+000
 -2.000000000000002E-003  0.000000000000000E+000
 -1.000000000000001E-003  0.000000000000000E+000
  0.000000000000000E+000  0.000000000000000E+000
  1.000000000000001E-003  1.735008841241777E-003
  1.999999999999998E-003  1.083398661268856E-002
  2.999999999999999E-003  4.694834646273514E-002
  4.000000000000000E-003  0.953746038678027     
  4.999999999999998E-003  0.875307675031524     
  5.999999999999998E-003   2.65869980959035     
  6.999999999999999E-003   2.34055802253105     
  8.000000000000000E-003   5.09638430078882     
  9.000000000000001E-003   3.95347337158797     
  1.000000000000000E-002   3.41396965016522     
  1.100000000000000E-002   1.62506470674247     
  1.200000000000000E-002  0.000000000000000E+000
  1.300000000000000E-002  0.000000000000000E+000
  1.400000000000000E-002  0.000000000000000E+000
  1.500000000000000E-002  0.000000000000000E+000
  1.600000000000000E-002  0.000000000000000E+000
  1.700000000000000E-002  0.000000000000000E+000
  1.800000000000000E-002  0.000000000000000E+000
  1.900000000000000E-002  0.000000000000000E+000
  2.000000000000000E-002  0.000000000000000E+000
  2.100000000000000E-002  0.000000000000000E+000
  2.200000000000000E-002  0.000000000000000E+000
  2.300000000000000E-002  0.000000000000000E+000
  2.400000000000000E-002  0.000000000000000E+000
  2.500000000000000E-002  0.000000000000000E+000
4
   97.7320666666667     
13
37
 0
 0
27
37
  106.75910000
