 -2.500000000000000E-002  0.000000000000000E+000
 -2.400000000000000E-002  0.000000000000000E+000
 -2.300000000000000E-002  0.000000000000000E+000
 -2.200000000000000E-002  0.000000000000000E+000
 -2.100000000000000E-002  0.000000000000000E+000
 -2.000000000000000E-002  1.761555087832344E-003
 -1.900000000000000E-002  2.729524021573152E-002
 -1.800000000000000E-002  2.671041277288968E-002
 -1.700000000000000E-002  4.094018256717455E-002
 -1.600000000000000E-002  0.118063538402919     
 -1.500000000000000E-002  0.107538956629303     
 -1.400000000000000E-002  3.984895394103857E-002
 -1.300000000000000E-002  2.459400360892587E-002
 -1.200000000000000E-002  0.101384918502055     
 -1.100000000000000E-002   2.34203910251667     
 -1.000000000000000E-002   5.44440012471647     
 -9.000000000000001E-003   3.35811576117098     
 -8.000000000000000E-003   3.22818090503227     
 -6.999999999999999E-003   4.33045658232660     
 -6.000000000000002E-003   3.11113706868188     
 -5.000000000000001E-003   1.88573433365993     
 -4.000000000000000E-003   3.09277660292633     
 -3.000000000000003E-003   4.94013465009524     
 -2.000000000000002E-003   4.74659925773997     
 -1.000000000000001E-003   3.57202078041895     
  0.000000000000000E+000   3.40365839215793     
  1.000000000000001E-003   5.05762296478874     
  1.999999999999998E-003   4.68989030516695     
  2.999999999999999E-003   3.35828511631217     
  4.000000000000000E-003   9.96682159750754     
  4.999999999999998E-003   6.24072505099515     
  5.999999999999998E-003   6.57155005777422     
  6.999999999999999E-003   4.94089572561739     
  8.000000000000000E-003   1.70853778435737     
  9.000000000000001E-003   2.44020335964040     
  1.000000000000000E-002   1.86551252113563     
  1.100000000000000E-002  0.924454503735561     
  1.200000000000000E-002  0.294163230128929     
  1.300000000000000E-002  1.762270309956030E-002
  1.400000000000000E-002  0.000000000000000E+000
  1.500000000000000E-002  0.000000000000000E+000
  1.600000000000000E-002  0.000000000000000E+000
  1.700000000000000E-002  0.000000000000000E+000
  1.800000000000000E-002  0.000000000000000E+000
  1.900000000000000E-002  0.000000000000000E+000
  2.000000000000000E-002  0.000000000000000E+000
  2.100000000000000E-002  0.000000000000000E+000
  2.200000000000000E-002  0.000000000000000E+000
  2.300000000000000E-002  0.000000000000000E+000
  2.400000000000000E-002  0.000000000000000E+000
  2.500000000000000E-002  0.000000000000000E+000
 -2.500000000000000E-002  0.000000000000000E+000
 -2.400000000000000E-002  0.000000000000000E+000
 -2.300000000000000E-002  0.000000000000000E+000
 -2.200000000000000E-002  0.000000000000000E+000
 -2.100000000000000E-002  0.000000000000000E+000
 -2.000000000000000E-002  0.102596690046132     
 -1.900000000000000E-002   1.05884519388906     
 -1.800000000000000E-002  0.701926779766205     
 -1.700000000000000E-002  0.740463293750700     
 -1.600000000000000E-002   1.49109687330644     
 -1.500000000000000E-002  0.960705127411580     
 -1.400000000000000E-002  0.254597202212999     
 -1.300000000000000E-002  0.113369951118071     
 -1.200000000000000E-002  0.339292046987721     
 -1.100000000000000E-002   1.00561480436015     
 -1.000000000000000E-002  0.330808611459901     
 -9.000000000000001E-003  3.715806842342676E-002
 -8.000000000000000E-003  3.051569055227141E-002
 -6.999999999999999E-003  2.763891662253767E-002
 -6.000000000000002E-003  0.000000000000000E+000
 -5.000000000000001E-003  0.000000000000000E+000
 -4.000000000000000E-003  0.000000000000000E+000
 -3.000000000000003E-003  0.000000000000000E+000
 -2.000000000000002E-003  0.000000000000000E+000
 -1.000000000000001E-003  0.000000000000000E+000
  0.000000000000000E+000  0.000000000000000E+000
  1.000000000000001E-003  7.194802433941390E-003
  1.999999999999998E-003  7.984931524676564E-002
  2.999999999999999E-003  0.151498507281142     
  4.000000000000000E-003  0.239438287209195     
  4.999999999999998E-003  0.174178390279601     
  5.999999999999998E-003  0.251727275974652     
  6.999999999999999E-003   1.02907691175542     
  8.000000000000000E-003  0.747844122947170     
  9.000000000000001E-003  7.075786988287729E-002
  1.000000000000000E-002  0.000000000000000E+000
  1.100000000000000E-002  0.000000000000000E+000
  1.200000000000000E-002  0.000000000000000E+000
  1.300000000000000E-002  0.000000000000000E+000
  1.400000000000000E-002  0.000000000000000E+000
  1.500000000000000E-002  0.000000000000000E+000
  1.600000000000000E-002  0.000000000000000E+000
  1.700000000000000E-002  0.000000000000000E+000
  1.800000000000000E-002  0.000000000000000E+000
  1.900000000000000E-002  0.000000000000000E+000
  2.000000000000000E-002  0.000000000000000E+000
  2.100000000000000E-002  0.000000000000000E+000
  2.200000000000000E-002  0.000000000000000E+000
  2.300000000000000E-002  0.000000000000000E+000
  2.400000000000000E-002  0.000000000000000E+000
  2.500000000000000E-002  0.000000000000000E+000
 -2.500000000000000E-002  0.000000000000000E+000
 -2.400000000000000E-002  0.000000000000000E+000
 -2.300000000000000E-002  0.000000000000000E+000
 -2.200000000000000E-002  0.000000000000000E+000
 -2.100000000000000E-002  0.000000000000000E+000
 -2.000000000000000E-002  0.000000000000000E+000
 -1.900000000000000E-002  0.000000000000000E+000
 -1.800000000000000E-002  0.000000000000000E+000
 -1.700000000000000E-002  0.000000000000000E+000
 -1.600000000000000E-002  0.000000000000000E+000
 -1.500000000000000E-002  0.000000000000000E+000
 -1.400000000000000E-002  0.000000000000000E+000
 -1.300000000000000E-002  0.000000000000000E+000
 -1.200000000000000E-002  0.000000000000000E+000
 -1.100000000000000E-002  0.000000000000000E+000
 -1.000000000000000E-002  0.000000000000000E+000
 -9.000000000000001E-003  0.000000000000000E+000
 -8.000000000000000E-003  0.000000000000000E+000
 -6.999999999999999E-003  0.000000000000000E+000
 -6.000000000000002E-003  0.000000000000000E+000
 -5.000000000000001E-003  0.000000000000000E+000
 -4.000000000000000E-003  0.000000000000000E+000
 -3.000000000000003E-003  0.000000000000000E+000
 -2.000000000000002E-003  0.000000000000000E+000
 -1.000000000000001E-003  0.000000000000000E+000
  0.000000000000000E+000  0.000000000000000E+000
  1.000000000000001E-003  8.749731499823064E-004
  1.999999999999998E-003  3.719471566310289E-002
  2.999999999999999E-003  4.752910337651269E-002
  4.000000000000000E-003  0.109947356105459     
  4.999999999999998E-003  0.117450691441191     
  5.999999999999998E-003  0.182694069515311     
  6.999999999999999E-003  0.788926170018768     
  8.000000000000000E-003  0.390796668038486     
  9.000000000000001E-003   1.63482569230001     
  1.000000000000000E-002   3.31002906948605     
  1.100000000000000E-002   2.25319710587959     
  1.200000000000000E-002  0.984438770318100     
  1.300000000000000E-002  8.123463835877216E-002
  1.400000000000000E-002  0.000000000000000E+000
  1.500000000000000E-002  0.000000000000000E+000
  1.600000000000000E-002  0.000000000000000E+000
  1.700000000000000E-002  0.000000000000000E+000
  1.800000000000000E-002  0.000000000000000E+000
  1.900000000000000E-002  0.000000000000000E+000
  2.000000000000000E-002  0.000000000000000E+000
  2.100000000000000E-002  0.000000000000000E+000
  2.200000000000000E-002  0.000000000000000E+000
  2.300000000000000E-002  0.000000000000000E+000
  2.400000000000000E-002  0.000000000000000E+000
  2.500000000000000E-002  0.000000000000000E+000
1
   73.5553166666667     
 6
39
 6
35
27
39
   97.15527000
