 -2.500000000000000E-002  0.000000000000000E+000
 -2.400000000000000E-002  0.000000000000000E+000
 -2.300000000000000E-002  0.000000000000000E+000
 -2.200000000000000E-002  0.000000000000000E+000
 -2.100000000000000E-002  0.000000000000000E+000
 -2.000000000000000E-002  0.000000000000000E+000
 -1.900000000000000E-002  0.000000000000000E+000
 -1.800000000000000E-002  0.000000000000000E+000
 -1.700000000000000E-002  0.000000000000000E+000
 -1.600000000000000E-002  0.000000000000000E+000
 -1.500000000000000E-002  0.000000000000000E+000
 -1.400000000000000E-002  6.727152896960794E-003
 -1.300000000000000E-002  0.121189225009303     
 -1.200000000000000E-002  9.915234781013334E-002
 -1.100000000000000E-002  0.264440374657792     
 -1.000000000000000E-002  0.551517174053410     
 -9.000000000000001E-003  0.277527254086780     
 -8.000000000000000E-003  0.496777381119713     
 -6.999999999999999E-003   1.31392091629097     
 -6.000000000000002E-003   1.04563753468788     
 -5.000000000000001E-003   2.69379518297523     
 -4.000000000000000E-003   10.2323086562786     
 -3.000000000000003E-003   25.6565685313786     
 -2.000000000000002E-003   32.7589695411256     
 -1.000000000000001E-003   29.1156864222322     
  0.000000000000000E+000   22.6130722290054     
  1.000000000000001E-003   24.0458205685203     
  1.999999999999998E-003   22.0146637061911     
  2.999999999999999E-003   9.47155706273910     
  4.000000000000000E-003   1.50405141087152     
  4.999999999999998E-003  0.955482299046519     
  5.999999999999998E-003  0.713781646056345     
  6.999999999999999E-003  0.328723163005355     
  8.000000000000000E-003  0.184415223792481     
  9.000000000000001E-003  0.685891711630385     
  1.000000000000000E-002  0.287020018008544     
  1.100000000000000E-002  0.502222837472039     
  1.200000000000000E-002  0.342720917245761     
  1.300000000000000E-002  0.275682956494092     
  1.400000000000000E-002  0.268614087992601     
  1.500000000000000E-002  0.181181845398813     
  1.600000000000000E-002  9.388704413499145E-002
  1.700000000000000E-002  2.424573634497672E-003
  1.800000000000000E-002  0.000000000000000E+000
  1.900000000000000E-002  0.000000000000000E+000
  2.000000000000000E-002  0.000000000000000E+000
  2.100000000000000E-002  0.000000000000000E+000
  2.200000000000000E-002  0.000000000000000E+000
  2.300000000000000E-002  0.000000000000000E+000
  2.400000000000000E-002  0.000000000000000E+000
  2.500000000000000E-002  0.000000000000000E+000
 -2.500000000000000E-002  0.000000000000000E+000
 -2.400000000000000E-002  0.000000000000000E+000
 -2.300000000000000E-002  0.000000000000000E+000
 -2.200000000000000E-002  0.000000000000000E+000
 -2.100000000000000E-002  0.000000000000000E+000
 -2.000000000000000E-002  0.000000000000000E+000
 -1.900000000000000E-002  0.000000000000000E+000
 -1.800000000000000E-002  0.000000000000000E+000
 -1.700000000000000E-002  0.000000000000000E+000
 -1.600000000000000E-002  0.000000000000000E+000
 -1.500000000000000E-002  0.000000000000000E+000
 -1.400000000000000E-002  4.298015724476639E-002
 -1.300000000000000E-002  0.558640908321052     
 -1.200000000000000E-002  0.331820585834535     
 -1.100000000000000E-002  0.369745896508447     
 -1.000000000000000E-002  0.104212567313296     
 -9.000000000000001E-003  0.169142358975334     
 -8.000000000000000E-003  0.156067531008641     
 -6.999999999999999E-003  0.120311235930651     
 -6.000000000000002E-003  0.113611573774206     
 -5.000000000000001E-003  4.306819142425065E-002
 -4.000000000000000E-003  1.076835154971721E-002
 -3.000000000000003E-003  1.942107738636130E-002
 -2.000000000000002E-003  1.117852938721519E-003
 -1.000000000000001E-003  0.000000000000000E+000
  0.000000000000000E+000  0.000000000000000E+000
  1.000000000000001E-003  7.178625815487070E-004
  1.999999999999998E-003  1.024507510896453E-002
  2.999999999999999E-003  2.315677949403817E-002
  4.000000000000000E-003  9.888398635719606E-002
  4.999999999999998E-003  0.178818486993272     
  5.999999999999998E-003  0.165996837969151     
  6.999999999999999E-003  0.213249708013399     
  8.000000000000000E-003  0.169922716279101     
  9.000000000000001E-003  0.881628823125821     
  1.000000000000000E-002  0.509267342014058     
  1.100000000000000E-002   1.22408083829546     
  1.200000000000000E-002   1.14694062268705     
  1.300000000000000E-002   1.27080420897708     
  1.400000000000000E-002   1.71619047714782     
  1.500000000000000E-002   1.61859788605297     
  1.600000000000000E-002   1.18575709187967     
  1.700000000000000E-002  4.385197297045552E-002
  1.800000000000000E-002  0.000000000000000E+000
  1.900000000000000E-002  0.000000000000000E+000
  2.000000000000000E-002  0.000000000000000E+000
  2.100000000000000E-002  0.000000000000000E+000
  2.200000000000000E-002  0.000000000000000E+000
  2.300000000000000E-002  0.000000000000000E+000
  2.400000000000000E-002  0.000000000000000E+000
  2.500000000000000E-002  0.000000000000000E+000
 -2.500000000000000E-002  0.000000000000000E+000
 -2.400000000000000E-002  0.000000000000000E+000
 -2.300000000000000E-002  0.000000000000000E+000
 -2.200000000000000E-002  0.000000000000000E+000
 -2.100000000000000E-002  0.000000000000000E+000
 -2.000000000000000E-002  0.000000000000000E+000
 -1.900000000000000E-002  0.000000000000000E+000
 -1.800000000000000E-002  0.000000000000000E+000
 -1.700000000000000E-002  0.000000000000000E+000
 -1.600000000000000E-002  0.000000000000000E+000
 -1.500000000000000E-002  0.000000000000000E+000
 -1.400000000000000E-002  0.000000000000000E+000
 -1.300000000000000E-002  0.000000000000000E+000
 -1.200000000000000E-002  0.000000000000000E+000
 -1.100000000000000E-002  0.000000000000000E+000
 -1.000000000000000E-002  0.000000000000000E+000
 -9.000000000000001E-003  0.000000000000000E+000
 -8.000000000000000E-003  0.000000000000000E+000
 -6.999999999999999E-003  0.000000000000000E+000
 -6.000000000000002E-003  0.000000000000000E+000
 -5.000000000000001E-003  0.000000000000000E+000
 -4.000000000000000E-003  0.000000000000000E+000
 -3.000000000000003E-003  0.000000000000000E+000
 -2.000000000000002E-003  0.000000000000000E+000
 -1.000000000000001E-003  0.000000000000000E+000
  0.000000000000000E+000  0.000000000000000E+000
  1.000000000000001E-003  0.000000000000000E+000
  1.999999999999998E-003  0.000000000000000E+000
  2.999999999999999E-003  0.000000000000000E+000
  4.000000000000000E-003  0.000000000000000E+000
  4.999999999999998E-003  0.000000000000000E+000
  5.999999999999998E-003  0.000000000000000E+000
  6.999999999999999E-003  0.000000000000000E+000
  8.000000000000000E-003  0.000000000000000E+000
  9.000000000000001E-003  0.000000000000000E+000
  1.000000000000000E-002  0.000000000000000E+000
  1.100000000000000E-002  0.000000000000000E+000
  1.200000000000000E-002  0.000000000000000E+000
  1.300000000000000E-002  0.000000000000000E+000
  1.400000000000000E-002  0.000000000000000E+000
  1.500000000000000E-002  0.000000000000000E+000
  1.600000000000000E-002  0.000000000000000E+000
  1.700000000000000E-002  0.000000000000000E+000
  1.800000000000000E-002  0.000000000000000E+000
  1.900000000000000E-002  0.000000000000000E+000
  2.000000000000000E-002  0.000000000000000E+000
  2.100000000000000E-002  0.000000000000000E+000
  2.200000000000000E-002  0.000000000000000E+000
  2.300000000000000E-002  0.000000000000000E+000
  2.400000000000000E-002  0.000000000000000E+000
  2.500000000000000E-002  0.000000000000000E+000
4
   105.999091666667     
12
43
12
43
 0
 0
  225.54658000
