 -2.500000000000000E-002  0.000000000000000E+000
 -2.400000000000000E-002  0.000000000000000E+000
 -2.300000000000000E-002  0.000000000000000E+000
 -2.200000000000000E-002  0.000000000000000E+000
 -2.100000000000000E-002  0.000000000000000E+000
 -2.000000000000000E-002  0.000000000000000E+000
 -1.900000000000000E-002  0.000000000000000E+000
 -1.800000000000000E-002  0.000000000000000E+000
 -1.700000000000000E-002  0.000000000000000E+000
 -1.600000000000000E-002  1.822221499641657E-002
 -1.500000000000000E-002  7.242192308847487E-002
 -1.400000000000000E-002  0.226966744245279     
 -1.300000000000000E-002  2.680260414109679E-002
 -1.200000000000000E-002  0.155882528485119     
 -1.100000000000000E-002  0.310907433821912     
 -1.000000000000000E-002  0.421509852145708     
 -9.000000000000001E-003  0.320190083029670     
 -8.000000000000000E-003  0.292458464324094     
 -6.999999999999999E-003  0.703832526149069     
 -6.000000000000002E-003  0.902458072892227     
 -5.000000000000001E-003   2.22065097643777     
 -4.000000000000000E-003   6.14932418931151     
 -3.000000000000003E-003   19.3689118783657     
 -2.000000000000002E-003   30.4958335140482     
 -1.000000000000001E-003   31.8850592218089     
  0.000000000000000E+000   24.2269612969307     
  1.000000000000001E-003   19.2147440663075     
  1.999999999999998E-003   15.7582004748500     
  2.999999999999999E-003   11.3244073066028     
  4.000000000000000E-003   1.76277822065784     
  4.999999999999998E-003   1.50269084565804     
  5.999999999999998E-003  0.817806143109695     
  6.999999999999999E-003  0.424231537579373     
  8.000000000000000E-003  0.621776734775805     
  9.000000000000001E-003  0.518697341994260     
  1.000000000000000E-002  0.405510977471976     
  1.100000000000000E-002  0.334282947003461     
  1.200000000000000E-002  0.360085886382512     
  1.300000000000000E-002  0.419539944178035     
  1.400000000000000E-002  0.289174344226379     
  1.500000000000000E-002  0.190285392396527     
  1.600000000000000E-002  7.241169016422164E-002
  1.700000000000000E-002  0.000000000000000E+000
  1.800000000000000E-002  0.000000000000000E+000
  1.900000000000000E-002  0.000000000000000E+000
  2.000000000000000E-002  0.000000000000000E+000
  2.100000000000000E-002  0.000000000000000E+000
  2.200000000000000E-002  0.000000000000000E+000
  2.300000000000000E-002  0.000000000000000E+000
  2.400000000000000E-002  0.000000000000000E+000
  2.500000000000000E-002  0.000000000000000E+000
 -2.500000000000000E-002  0.000000000000000E+000
 -2.400000000000000E-002  0.000000000000000E+000
 -2.300000000000000E-002  0.000000000000000E+000
 -2.200000000000000E-002  0.000000000000000E+000
 -2.100000000000000E-002  0.000000000000000E+000
 -2.000000000000000E-002  0.000000000000000E+000
 -1.900000000000000E-002  0.000000000000000E+000
 -1.800000000000000E-002  0.000000000000000E+000
 -1.700000000000000E-002  0.000000000000000E+000
 -1.600000000000000E-002  0.230139534808340     
 -1.500000000000000E-002  0.646985195215727     
 -1.400000000000000E-002   1.45010326157473     
 -1.300000000000000E-002  0.123550844735599     
 -1.200000000000000E-002  0.521672285787411     
 -1.100000000000000E-002  0.757782808405648     
 -1.000000000000000E-002  0.747896274010384     
 -9.000000000000001E-003  0.411564684761969     
 -8.000000000000000E-003  0.264205757011706     
 -6.999999999999999E-003  8.833113496317535E-002
 -6.000000000000002E-003  4.708392074212957E-002
 -5.000000000000001E-003  9.296483858573028E-002
 -4.000000000000000E-003  5.786820496083738E-002
 -3.000000000000003E-003  1.615028992032728E-002
 -2.000000000000002E-003  8.562987276831426E-004
 -1.000000000000001E-003  5.036033175262986E-004
  0.000000000000000E+000  0.000000000000000E+000
  1.000000000000001E-003  3.111997349294164E-003
  1.999999999999998E-003  1.054547108025624E-002
  2.999999999999999E-003  2.072086661095610E-002
  4.000000000000000E-003  8.700339427196289E-002
  4.999999999999998E-003  7.876947814057998E-002
  5.999999999999998E-003  0.290437374601568     
  6.999999999999999E-003  0.275208022129560     
  8.000000000000000E-003  0.291970156570724     
  9.000000000000001E-003  0.554064113002478     
  1.000000000000000E-002  0.719509040127398     
  1.100000000000000E-002  0.814756557179965     
  1.200000000000000E-002   1.20505376230720     
  1.300000000000000E-002   1.93393575604258     
  1.400000000000000E-002   1.84755110763382     
  1.500000000000000E-002   1.69992491908793     
  1.600000000000000E-002  0.914531668754694     
  1.700000000000000E-002  0.000000000000000E+000
  1.800000000000000E-002  0.000000000000000E+000
  1.900000000000000E-002  0.000000000000000E+000
  2.000000000000000E-002  0.000000000000000E+000
  2.100000000000000E-002  0.000000000000000E+000
  2.200000000000000E-002  0.000000000000000E+000
  2.300000000000000E-002  0.000000000000000E+000
  2.400000000000000E-002  0.000000000000000E+000
  2.500000000000000E-002  0.000000000000000E+000
 -2.500000000000000E-002  0.000000000000000E+000
 -2.400000000000000E-002  0.000000000000000E+000
 -2.300000000000000E-002  0.000000000000000E+000
 -2.200000000000000E-002  0.000000000000000E+000
 -2.100000000000000E-002  0.000000000000000E+000
 -2.000000000000000E-002  0.000000000000000E+000
 -1.900000000000000E-002  0.000000000000000E+000
 -1.800000000000000E-002  0.000000000000000E+000
 -1.700000000000000E-002  0.000000000000000E+000
 -1.600000000000000E-002  0.000000000000000E+000
 -1.500000000000000E-002  0.000000000000000E+000
 -1.400000000000000E-002  0.000000000000000E+000
 -1.300000000000000E-002  0.000000000000000E+000
 -1.200000000000000E-002  0.000000000000000E+000
 -1.100000000000000E-002  0.000000000000000E+000
 -1.000000000000000E-002  0.000000000000000E+000
 -9.000000000000001E-003  0.000000000000000E+000
 -8.000000000000000E-003  0.000000000000000E+000
 -6.999999999999999E-003  0.000000000000000E+000
 -6.000000000000002E-003  0.000000000000000E+000
 -5.000000000000001E-003  0.000000000000000E+000
 -4.000000000000000E-003  0.000000000000000E+000
 -3.000000000000003E-003  0.000000000000000E+000
 -2.000000000000002E-003  0.000000000000000E+000
 -1.000000000000001E-003  0.000000000000000E+000
  0.000000000000000E+000  0.000000000000000E+000
  1.000000000000001E-003  0.000000000000000E+000
  1.999999999999998E-003  0.000000000000000E+000
  2.999999999999999E-003  0.000000000000000E+000
  4.000000000000000E-003  0.000000000000000E+000
  4.999999999999998E-003  0.000000000000000E+000
  5.999999999999998E-003  0.000000000000000E+000
  6.999999999999999E-003  0.000000000000000E+000
  8.000000000000000E-003  0.000000000000000E+000
  9.000000000000001E-003  0.000000000000000E+000
  1.000000000000000E-002  0.000000000000000E+000
  1.100000000000000E-002  0.000000000000000E+000
  1.200000000000000E-002  0.000000000000000E+000
  1.300000000000000E-002  0.000000000000000E+000
  1.400000000000000E-002  0.000000000000000E+000
  1.500000000000000E-002  0.000000000000000E+000
  1.600000000000000E-002  0.000000000000000E+000
  1.700000000000000E-002  0.000000000000000E+000
  1.800000000000000E-002  0.000000000000000E+000
  1.900000000000000E-002  0.000000000000000E+000
  2.000000000000000E-002  0.000000000000000E+000
  2.100000000000000E-002  0.000000000000000E+000
  2.200000000000000E-002  0.000000000000000E+000
  2.300000000000000E-002  0.000000000000000E+000
  2.400000000000000E-002  0.000000000000000E+000
  2.500000000000000E-002  0.000000000000000E+000
4
   102.764688888889     
10
42
10
42
 0
 0
  179.60783000
