 -2.500000000000000E-002  0.000000000000000E+000
 -2.400000000000000E-002  0.000000000000000E+000
 -2.300000000000000E-002  0.000000000000000E+000
 -2.200000000000000E-002  0.000000000000000E+000
 -2.100000000000000E-002  0.000000000000000E+000
 -2.000000000000000E-002  0.000000000000000E+000
 -1.900000000000000E-002  0.000000000000000E+000
 -1.800000000000000E-002  0.000000000000000E+000
 -1.700000000000000E-002  0.000000000000000E+000
 -1.600000000000000E-002  0.000000000000000E+000
 -1.500000000000000E-002  1.210905543720882E-002
 -1.400000000000000E-002  0.108435424467814     
 -1.300000000000000E-002  0.102799454662648     
 -1.200000000000000E-002  0.244304782124061     
 -1.100000000000000E-002  0.387045126958070     
 -1.000000000000000E-002  0.356476873667158     
 -9.000000000000001E-003  0.222294036145978     
 -8.000000000000000E-003  0.386834744712838     
 -6.999999999999999E-003   2.82745073683351     
 -6.000000000000002E-003   4.92255570147738     
 -5.000000000000001E-003   13.9768579464215     
 -4.000000000000000E-003   17.4448719648405     
 -3.000000000000003E-003   17.8128701179091     
 -2.000000000000002E-003   11.0309130779179     
 -1.000000000000001E-003   10.1918390486403     
  0.000000000000000E+000   10.9631431786703     
  1.000000000000001E-003   19.0021781023172     
  1.999999999999998E-003   6.52024340767879     
  2.999999999999999E-003   2.70524164995881     
  4.000000000000000E-003   2.02885826551062     
  4.999999999999998E-003  0.477822678294024     
  5.999999999999998E-003  0.328819832527119     
  6.999999999999999E-003   1.05927528186334     
  8.000000000000000E-003   1.31797952822588     
  9.000000000000001E-003  0.485055040688924     
  1.000000000000000E-002  0.396982112603555     
  1.100000000000000E-002  0.277948025842741     
  1.200000000000000E-002  0.512993427643577     
  1.300000000000000E-002  0.860932830907348     
  1.400000000000000E-002  0.683174534081598     
  1.500000000000000E-002  0.353246292020797     
  1.600000000000000E-002  0.101992972865473     
  1.700000000000000E-002  2.205538762271297E-003
  1.800000000000000E-002  0.000000000000000E+000
  1.900000000000000E-002  0.000000000000000E+000
  2.000000000000000E-002  0.000000000000000E+000
  2.100000000000000E-002  0.000000000000000E+000
  2.200000000000000E-002  0.000000000000000E+000
  2.300000000000000E-002  0.000000000000000E+000
  2.400000000000000E-002  0.000000000000000E+000
  2.500000000000000E-002  0.000000000000000E+000
 -2.500000000000000E-002  0.000000000000000E+000
 -2.400000000000000E-002  0.000000000000000E+000
 -2.300000000000000E-002  0.000000000000000E+000
 -2.200000000000000E-002  0.000000000000000E+000
 -2.100000000000000E-002  0.000000000000000E+000
 -2.000000000000000E-002  0.000000000000000E+000
 -1.900000000000000E-002  0.000000000000000E+000
 -1.800000000000000E-002  0.000000000000000E+000
 -1.700000000000000E-002  0.000000000000000E+000
 -1.600000000000000E-002  0.000000000000000E+000
 -1.500000000000000E-002  0.000000000000000E+000
 -1.400000000000000E-002  0.000000000000000E+000
 -1.300000000000000E-002  0.000000000000000E+000
 -1.200000000000000E-002  0.000000000000000E+000
 -1.100000000000000E-002  0.000000000000000E+000
 -1.000000000000000E-002  0.000000000000000E+000
 -9.000000000000001E-003  0.000000000000000E+000
 -8.000000000000000E-003  0.000000000000000E+000
 -6.999999999999999E-003  0.000000000000000E+000
 -6.000000000000002E-003  0.000000000000000E+000
 -5.000000000000001E-003  0.000000000000000E+000
 -4.000000000000000E-003  0.000000000000000E+000
 -3.000000000000003E-003  0.000000000000000E+000
 -2.000000000000002E-003  0.000000000000000E+000
 -1.000000000000001E-003  0.000000000000000E+000
  0.000000000000000E+000  0.000000000000000E+000
  1.000000000000001E-003  0.000000000000000E+000
  1.999999999999998E-003  0.000000000000000E+000
  2.999999999999999E-003  0.000000000000000E+000
  4.000000000000000E-003  0.000000000000000E+000
  4.999999999999998E-003  0.000000000000000E+000
  5.999999999999998E-003  0.000000000000000E+000
  6.999999999999999E-003  0.000000000000000E+000
  8.000000000000000E-003  0.000000000000000E+000
  9.000000000000001E-003  0.000000000000000E+000
  1.000000000000000E-002  0.000000000000000E+000
  1.100000000000000E-002  0.000000000000000E+000
  1.200000000000000E-002  0.000000000000000E+000
  1.300000000000000E-002  0.000000000000000E+000
  1.400000000000000E-002  0.000000000000000E+000
  1.500000000000000E-002  0.000000000000000E+000
  1.600000000000000E-002  0.000000000000000E+000
  1.700000000000000E-002  0.000000000000000E+000
  1.800000000000000E-002  0.000000000000000E+000
  1.900000000000000E-002  0.000000000000000E+000
  2.000000000000000E-002  0.000000000000000E+000
  2.100000000000000E-002  0.000000000000000E+000
  2.200000000000000E-002  0.000000000000000E+000
  2.300000000000000E-002  0.000000000000000E+000
  2.400000000000000E-002  0.000000000000000E+000
  2.500000000000000E-002  0.000000000000000E+000
 -2.500000000000000E-002  0.000000000000000E+000
 -2.400000000000000E-002  0.000000000000000E+000
 -2.300000000000000E-002  0.000000000000000E+000
 -2.200000000000000E-002  0.000000000000000E+000
 -2.100000000000000E-002  0.000000000000000E+000
 -2.000000000000000E-002  0.000000000000000E+000
 -1.900000000000000E-002  0.000000000000000E+000
 -1.800000000000000E-002  0.000000000000000E+000
 -1.700000000000000E-002  0.000000000000000E+000
 -1.600000000000000E-002  0.000000000000000E+000
 -1.500000000000000E-002  0.108176906409261     
 -1.400000000000000E-002  0.692800010036219     
 -1.300000000000000E-002  0.473870352114571     
 -1.200000000000000E-002  0.817583826474953     
 -1.100000000000000E-002  0.943355196370143     
 -1.000000000000000E-002  0.632506510178502     
 -9.000000000000001E-003  0.285731444413310     
 -8.000000000000000E-003  9.284969920801990E-002
 -6.999999999999999E-003  8.549708793919869E-002
 -6.000000000000002E-003  0.139045775115639     
 -5.000000000000001E-003  0.193834216201475     
 -4.000000000000000E-003  6.259064184120891E-002
 -3.000000000000003E-003  1.056385454536931E-002
 -2.000000000000002E-003  2.511608109380173E-004
 -1.000000000000001E-003  8.577351221365336E-004
  0.000000000000000E+000  0.000000000000000E+000
  1.000000000000001E-003  2.756146578305595E-003
  1.999999999999998E-003  3.793373348746308E-002
  2.999999999999999E-003  3.668434606614472E-002
  4.000000000000000E-003  7.345474750275251E-004
  4.999999999999998E-003  0.000000000000000E+000
  5.999999999999998E-003  2.602428708711916E-002
  6.999999999999999E-003  1.910257762139349E-002
  8.000000000000000E-003  0.300261153664492     
  9.000000000000001E-003  0.623478163422203     
  1.000000000000000E-002  0.704376045669121     
  1.100000000000000E-002  0.677449982539060     
  1.200000000000000E-002   1.71677003570218     
  1.300000000000000E-002   3.96860610854287     
  1.400000000000000E-002   4.36484042360813     
  1.500000000000000E-002   3.15574499344767     
  1.600000000000000E-002   1.28813183982274     
  1.700000000000000E-002  3.989040580673101E-002
  1.800000000000000E-002  0.000000000000000E+000
  1.900000000000000E-002  0.000000000000000E+000
  2.000000000000000E-002  0.000000000000000E+000
  2.100000000000000E-002  0.000000000000000E+000
  2.200000000000000E-002  0.000000000000000E+000
  2.300000000000000E-002  0.000000000000000E+000
  2.400000000000000E-002  0.000000000000000E+000
  2.500000000000000E-002  0.000000000000000E+000
4
   90.7350375000000     
11
43
 0
 0
11
43
  146.58970000
