 -2.500000000000000E-002  0.000000000000000E+000
 -2.400000000000000E-002  0.000000000000000E+000
 -2.300000000000000E-002  0.000000000000000E+000
 -2.200000000000000E-002  0.000000000000000E+000
 -2.100000000000000E-002  0.000000000000000E+000
 -2.000000000000000E-002  0.000000000000000E+000
 -1.900000000000000E-002  0.000000000000000E+000
 -1.800000000000000E-002  0.000000000000000E+000
 -1.700000000000000E-002  0.000000000000000E+000
 -1.600000000000000E-002  5.057321463736938E-003
 -1.500000000000000E-002  5.089247726320845E-002
 -1.400000000000000E-002  0.186024979726106     
 -1.300000000000000E-002  0.120004019265536     
 -1.200000000000000E-002  5.905770059950963E-002
 -1.100000000000000E-002  0.282037285543684     
 -1.000000000000000E-002  0.333952944691068     
 -9.000000000000001E-003  0.393821330533540     
 -8.000000000000000E-003  0.429734224435464     
 -6.999999999999999E-003  0.784049347822908     
 -6.000000000000002E-003  0.573460543295384     
 -5.000000000000001E-003   2.19696266171604     
 -4.000000000000000E-003   4.58089357011696     
 -3.000000000000003E-003   17.4152257984292     
 -2.000000000000002E-003   25.3331775386500     
 -1.000000000000001E-003   23.4789291686949     
  0.000000000000000E+000   17.0851187812883     
  1.000000000000001E-003   17.0595673170574     
  1.999999999999998E-003   17.6465180056355     
  2.999999999999999E-003   9.34571106429802     
  4.000000000000000E-003   1.91262457459136     
  4.999999999999998E-003   1.07995447174674     
  5.999999999999998E-003  0.183273446066603     
  6.999999999999999E-003  0.518507723095514     
  8.000000000000000E-003  0.738035429879585     
  9.000000000000001E-003  0.188497360278206     
  1.000000000000000E-002  0.368722820719881     
  1.100000000000000E-002  0.337359843257577     
  1.200000000000000E-002  0.510614560161696     
  1.300000000000000E-002  0.115325588672363     
  1.400000000000000E-002  0.174042245938643     
  1.500000000000000E-002  0.179614573646665     
  1.600000000000000E-002  6.252826373555455E-002
  1.700000000000000E-002  1.300497698099827E-002
  1.800000000000000E-002  0.000000000000000E+000
  1.900000000000000E-002  0.000000000000000E+000
  2.000000000000000E-002  0.000000000000000E+000
  2.100000000000000E-002  0.000000000000000E+000
  2.200000000000000E-002  0.000000000000000E+000
  2.300000000000000E-002  0.000000000000000E+000
  2.400000000000000E-002  0.000000000000000E+000
  2.500000000000000E-002  0.000000000000000E+000
 -2.500000000000000E-002  0.000000000000000E+000
 -2.400000000000000E-002  0.000000000000000E+000
 -2.300000000000000E-002  0.000000000000000E+000
 -2.200000000000000E-002  0.000000000000000E+000
 -2.100000000000000E-002  0.000000000000000E+000
 -2.000000000000000E-002  0.000000000000000E+000
 -1.900000000000000E-002  0.000000000000000E+000
 -1.800000000000000E-002  0.000000000000000E+000
 -1.700000000000000E-002  0.000000000000000E+000
 -1.600000000000000E-002  6.387201606772477E-002
 -1.500000000000000E-002  0.454650718083303     
 -1.400000000000000E-002   1.18852403127253     
 -1.300000000000000E-002  0.553177514911330     
 -1.200000000000000E-002  0.197640915659358     
 -1.100000000000000E-002  0.687416842007127     
 -1.000000000000000E-002  0.592541696849609     
 -9.000000000000001E-003  0.506208531569532     
 -8.000000000000000E-003  0.281949832470546     
 -6.999999999999999E-003  6.738274268020635E-002
 -6.000000000000002E-003  0.153454133635751     
 -5.000000000000001E-003  5.968342258088300E-002
 -4.000000000000000E-003  1.616283967892701E-002
 -3.000000000000003E-003  3.002533302305255E-002
 -2.000000000000002E-003  3.198506574085992E-003
 -1.000000000000001E-003  5.797413776361805E-003
  0.000000000000000E+000  0.000000000000000E+000
  1.000000000000001E-003  1.791870857130020E-003
  1.999999999999998E-003  6.721476643448876E-003
  2.999999999999999E-003  2.758065539629148E-002
  4.000000000000000E-003  7.638080848414076E-002
  4.999999999999998E-003  0.119056139926979     
  5.999999999999998E-003  1.693742072813278E-002
  6.999999999999999E-003  0.285871617273716     
  8.000000000000000E-003  0.390156084769027     
  9.000000000000001E-003  0.242290004510148     
  1.000000000000000E-002  0.654234823587636     
  1.100000000000000E-002  0.822255956779246     
  1.200000000000000E-002   1.70880898163847     
  1.300000000000000E-002  0.531611548829059     
  1.400000000000000E-002   1.11196567288587     
  1.500000000000000E-002   1.60459657847542     
  1.600000000000000E-002  0.789707811663050     
  1.700000000000000E-002  0.235214097413992     
  1.800000000000000E-002  0.000000000000000E+000
  1.900000000000000E-002  0.000000000000000E+000
  2.000000000000000E-002  0.000000000000000E+000
  2.100000000000000E-002  0.000000000000000E+000
  2.200000000000000E-002  0.000000000000000E+000
  2.300000000000000E-002  0.000000000000000E+000
  2.400000000000000E-002  0.000000000000000E+000
  2.500000000000000E-002  0.000000000000000E+000
 -2.500000000000000E-002  0.000000000000000E+000
 -2.400000000000000E-002  0.000000000000000E+000
 -2.300000000000000E-002  0.000000000000000E+000
 -2.200000000000000E-002  0.000000000000000E+000
 -2.100000000000000E-002  0.000000000000000E+000
 -2.000000000000000E-002  0.000000000000000E+000
 -1.900000000000000E-002  0.000000000000000E+000
 -1.800000000000000E-002  0.000000000000000E+000
 -1.700000000000000E-002  0.000000000000000E+000
 -1.600000000000000E-002  0.000000000000000E+000
 -1.500000000000000E-002  0.000000000000000E+000
 -1.400000000000000E-002  0.000000000000000E+000
 -1.300000000000000E-002  0.000000000000000E+000
 -1.200000000000000E-002  0.000000000000000E+000
 -1.100000000000000E-002  0.000000000000000E+000
 -1.000000000000000E-002  0.000000000000000E+000
 -9.000000000000001E-003  0.000000000000000E+000
 -8.000000000000000E-003  0.000000000000000E+000
 -6.999999999999999E-003  0.000000000000000E+000
 -6.000000000000002E-003  0.000000000000000E+000
 -5.000000000000001E-003  0.000000000000000E+000
 -4.000000000000000E-003  0.000000000000000E+000
 -3.000000000000003E-003  0.000000000000000E+000
 -2.000000000000002E-003  0.000000000000000E+000
 -1.000000000000001E-003  0.000000000000000E+000
  0.000000000000000E+000  0.000000000000000E+000
  1.000000000000001E-003  0.000000000000000E+000
  1.999999999999998E-003  0.000000000000000E+000
  2.999999999999999E-003  0.000000000000000E+000
  4.000000000000000E-003  0.000000000000000E+000
  4.999999999999998E-003  0.000000000000000E+000
  5.999999999999998E-003  0.000000000000000E+000
  6.999999999999999E-003  0.000000000000000E+000
  8.000000000000000E-003  0.000000000000000E+000
  9.000000000000001E-003  0.000000000000000E+000
  1.000000000000000E-002  0.000000000000000E+000
  1.100000000000000E-002  0.000000000000000E+000
  1.200000000000000E-002  0.000000000000000E+000
  1.300000000000000E-002  0.000000000000000E+000
  1.400000000000000E-002  0.000000000000000E+000
  1.500000000000000E-002  0.000000000000000E+000
  1.600000000000000E-002  0.000000000000000E+000
  1.700000000000000E-002  0.000000000000000E+000
  1.800000000000000E-002  0.000000000000000E+000
  1.900000000000000E-002  0.000000000000000E+000
  2.000000000000000E-002  0.000000000000000E+000
  2.100000000000000E-002  0.000000000000000E+000
  2.200000000000000E-002  0.000000000000000E+000
  2.300000000000000E-002  0.000000000000000E+000
  2.400000000000000E-002  0.000000000000000E+000
  2.500000000000000E-002  0.000000000000000E+000
4
   102.764688888889     
10
43
10
43
 0
 0
  162.00149000
