 -2.500000000000000E-002  0.000000000000000E+000
 -2.400000000000000E-002  0.000000000000000E+000
 -2.300000000000000E-002  0.000000000000000E+000
 -2.200000000000000E-002  0.000000000000000E+000
 -2.100000000000000E-002  0.000000000000000E+000
 -2.000000000000000E-002  0.000000000000000E+000
 -1.900000000000000E-002  0.000000000000000E+000
 -1.800000000000000E-002  0.000000000000000E+000
 -1.700000000000000E-002  0.000000000000000E+000
 -1.600000000000000E-002  2.615650354010872E-002
 -1.500000000000000E-002  0.119137201373307     
 -1.400000000000000E-002  0.202178003333890     
 -1.300000000000000E-002  3.224071164235768E-002
 -1.200000000000000E-002  0.157676851021999     
 -1.100000000000000E-002  0.308296040096241     
 -1.000000000000000E-002  0.354972804742424     
 -9.000000000000001E-003  0.439649305340430     
 -8.000000000000000E-003  0.162815471162751     
 -6.999999999999999E-003  0.881657031214602     
 -6.000000000000002E-003  0.564582537377067     
 -5.000000000000001E-003  0.667696693755866     
 -4.000000000000000E-003   6.58769485817209     
 -3.000000000000003E-003   21.9570599281777     
 -2.000000000000002E-003   31.7606798704075     
 -1.000000000000001E-003   33.6344019696133     
  0.000000000000000E+000   23.1696817286535     
  1.000000000000001E-003   20.2810524495501     
  1.999999999999998E-003   19.8736076525258     
  2.999999999999999E-003   12.7634899532260     
  4.000000000000000E-003   2.37551215701038     
  4.999999999999998E-003  0.530091194681696     
  5.999999999999998E-003  0.788347751449379     
  6.999999999999999E-003   1.22342837741776     
  8.000000000000000E-003  0.212189408979901     
  9.000000000000001E-003  0.448024847428067     
  1.000000000000000E-002  0.107148308183832     
  1.100000000000000E-002  0.637984845721071     
  1.200000000000000E-002  0.433563281754897     
  1.300000000000000E-002  0.211300046178473     
  1.400000000000000E-002  0.260278505256254     
  1.500000000000000E-002  0.238592207189754     
  1.600000000000000E-002  8.847036108850483E-002
  1.700000000000000E-002  0.000000000000000E+000
  1.800000000000000E-002  0.000000000000000E+000
  1.900000000000000E-002  0.000000000000000E+000
  2.000000000000000E-002  0.000000000000000E+000
  2.100000000000000E-002  0.000000000000000E+000
  2.200000000000000E-002  0.000000000000000E+000
  2.300000000000000E-002  0.000000000000000E+000
  2.400000000000000E-002  0.000000000000000E+000
  2.500000000000000E-002  0.000000000000000E+000
 -2.500000000000000E-002  0.000000000000000E+000
 -2.400000000000000E-002  0.000000000000000E+000
 -2.300000000000000E-002  0.000000000000000E+000
 -2.200000000000000E-002  0.000000000000000E+000
 -2.100000000000000E-002  0.000000000000000E+000
 -2.000000000000000E-002  0.000000000000000E+000
 -1.900000000000000E-002  0.000000000000000E+000
 -1.800000000000000E-002  0.000000000000000E+000
 -1.700000000000000E-002  0.000000000000000E+000
 -1.600000000000000E-002  0.330346533509626     
 -1.500000000000000E-002   1.06431867866583     
 -1.400000000000000E-002   1.29172660527001     
 -1.300000000000000E-002  0.148618661728559     
 -1.200000000000000E-002  0.527677117427946     
 -1.100000000000000E-002  0.751417990276451     
 -1.000000000000000E-002  0.629837800209003     
 -9.000000000000001E-003  0.565114715753036     
 -8.000000000000000E-003  0.150020407986319     
 -6.999999999999999E-003  0.150322257391025     
 -6.000000000000002E-003  9.645431231735438E-002
 -5.000000000000001E-003  4.914793360611364E-002
 -4.000000000000000E-003  6.883184431197238E-002
 -3.000000000000003E-003  1.816845939594606E-002
 -2.000000000000002E-003  0.000000000000000E+000
 -1.000000000000001E-003  0.000000000000000E+000
  0.000000000000000E+000  0.000000000000000E+000
  1.000000000000001E-003  2.786330062477659E-003
  1.999999999999998E-003  8.611167130107804E-003
  2.999999999999999E-003  2.828322587050663E-002
  4.000000000000000E-003  8.275413035835004E-002
  4.999999999999998E-003  9.276316215624039E-002
  5.999999999999998E-003  0.177653213557606     
  6.999999999999999E-003  0.319051686637078     
  8.000000000000000E-003  7.673205019366529E-002
  9.000000000000001E-003  0.575880437496796     
  1.000000000000000E-002  0.190116126703257     
  1.100000000000000E-002   1.55497712668936     
  1.200000000000000E-002   1.45095124145462     
  1.300000000000000E-002  0.974020996638614     
  1.400000000000000E-002   1.66293397142802     
  1.500000000000000E-002   2.13147648063739     
  1.600000000000000E-002   1.11734647786992     
  1.700000000000000E-002  0.000000000000000E+000
  1.800000000000000E-002  0.000000000000000E+000
  1.900000000000000E-002  0.000000000000000E+000
  2.000000000000000E-002  0.000000000000000E+000
  2.100000000000000E-002  0.000000000000000E+000
  2.200000000000000E-002  0.000000000000000E+000
  2.300000000000000E-002  0.000000000000000E+000
  2.400000000000000E-002  0.000000000000000E+000
  2.500000000000000E-002  0.000000000000000E+000
 -2.500000000000000E-002  0.000000000000000E+000
 -2.400000000000000E-002  0.000000000000000E+000
 -2.300000000000000E-002  0.000000000000000E+000
 -2.200000000000000E-002  0.000000000000000E+000
 -2.100000000000000E-002  0.000000000000000E+000
 -2.000000000000000E-002  0.000000000000000E+000
 -1.900000000000000E-002  0.000000000000000E+000
 -1.800000000000000E-002  0.000000000000000E+000
 -1.700000000000000E-002  0.000000000000000E+000
 -1.600000000000000E-002  0.000000000000000E+000
 -1.500000000000000E-002  0.000000000000000E+000
 -1.400000000000000E-002  0.000000000000000E+000
 -1.300000000000000E-002  0.000000000000000E+000
 -1.200000000000000E-002  0.000000000000000E+000
 -1.100000000000000E-002  0.000000000000000E+000
 -1.000000000000000E-002  0.000000000000000E+000
 -9.000000000000001E-003  0.000000000000000E+000
 -8.000000000000000E-003  0.000000000000000E+000
 -6.999999999999999E-003  0.000000000000000E+000
 -6.000000000000002E-003  0.000000000000000E+000
 -5.000000000000001E-003  0.000000000000000E+000
 -4.000000000000000E-003  0.000000000000000E+000
 -3.000000000000003E-003  0.000000000000000E+000
 -2.000000000000002E-003  0.000000000000000E+000
 -1.000000000000001E-003  0.000000000000000E+000
  0.000000000000000E+000  0.000000000000000E+000
  1.000000000000001E-003  0.000000000000000E+000
  1.999999999999998E-003  0.000000000000000E+000
  2.999999999999999E-003  0.000000000000000E+000
  4.000000000000000E-003  0.000000000000000E+000
  4.999999999999998E-003  0.000000000000000E+000
  5.999999999999998E-003  0.000000000000000E+000
  6.999999999999999E-003  0.000000000000000E+000
  8.000000000000000E-003  0.000000000000000E+000
  9.000000000000001E-003  0.000000000000000E+000
  1.000000000000000E-002  0.000000000000000E+000
  1.100000000000000E-002  0.000000000000000E+000
  1.200000000000000E-002  0.000000000000000E+000
  1.300000000000000E-002  0.000000000000000E+000
  1.400000000000000E-002  0.000000000000000E+000
  1.500000000000000E-002  0.000000000000000E+000
  1.600000000000000E-002  0.000000000000000E+000
  1.700000000000000E-002  0.000000000000000E+000
  1.800000000000000E-002  0.000000000000000E+000
  1.900000000000000E-002  0.000000000000000E+000
  2.000000000000000E-002  0.000000000000000E+000
  2.100000000000000E-002  0.000000000000000E+000
  2.200000000000000E-002  0.000000000000000E+000
  2.300000000000000E-002  0.000000000000000E+000
  2.400000000000000E-002  0.000000000000000E+000
  2.500000000000000E-002  0.000000000000000E+000
4
   104.058450000000     
10
42
10
42
 0
 0
  201.82008000
