 -2.500000000000000E-002  0.000000000000000E+000
 -2.400000000000000E-002  0.000000000000000E+000
 -2.300000000000000E-002  0.000000000000000E+000
 -2.200000000000000E-002  0.000000000000000E+000
 -2.100000000000000E-002  0.000000000000000E+000
 -2.000000000000000E-002  0.000000000000000E+000
 -1.900000000000000E-002  0.000000000000000E+000
 -1.800000000000000E-002  3.182518074464734E-002
 -1.700000000000000E-002  3.404527530791002E-002
 -1.600000000000000E-002  8.423483178046311E-002
 -1.500000000000000E-002  3.746172130473819E-002
 -1.400000000000000E-002  0.152960208562451     
 -1.300000000000000E-002  0.240070409277576     
 -1.200000000000000E-002  8.759906766965342E-002
 -1.100000000000000E-002  0.215041149036244     
 -1.000000000000000E-002  0.462047701985164     
 -9.000000000000001E-003  0.671573430219038     
 -8.000000000000000E-003  0.868634907005256     
 -6.999999999999999E-003   5.81016194511400     
 -6.000000000000002E-003   10.4601576844889     
 -5.000000000000001E-003   12.3632268495900     
 -4.000000000000000E-003   7.37136521443508     
 -3.000000000000003E-003   6.58170019774895     
 -2.000000000000002E-003   7.20245238000317     
 -1.000000000000001E-003   15.7562203673758     
  0.000000000000000E+000   6.11316575111615     
  1.000000000000001E-003   3.23686712581252     
  1.999999999999998E-003   1.91496171981081     
  2.999999999999999E-003   3.21978040335759     
  4.000000000000000E-003   3.35314777662127     
  4.999999999999998E-003   1.48026099928593     
  5.999999999999998E-003   1.98857700152775     
  6.999999999999999E-003   2.00020720306336     
  8.000000000000000E-003   3.56917723031306     
  9.000000000000001E-003   3.10809695858524     
  1.000000000000000E-002   1.79961181173102     
  1.100000000000000E-002   1.53271497020767     
  1.200000000000000E-002  0.905642065320220     
  1.300000000000000E-002  9.377848686097733E-002
  1.400000000000000E-002  0.000000000000000E+000
  1.500000000000000E-002  0.000000000000000E+000
  1.600000000000000E-002  0.000000000000000E+000
  1.700000000000000E-002  0.000000000000000E+000
  1.800000000000000E-002  0.000000000000000E+000
  1.900000000000000E-002  0.000000000000000E+000
  2.000000000000000E-002  0.000000000000000E+000
  2.100000000000000E-002  0.000000000000000E+000
  2.200000000000000E-002  0.000000000000000E+000
  2.300000000000000E-002  0.000000000000000E+000
  2.400000000000000E-002  0.000000000000000E+000
  2.500000000000000E-002  0.000000000000000E+000
 -2.500000000000000E-002  0.000000000000000E+000
 -2.400000000000000E-002  0.000000000000000E+000
 -2.300000000000000E-002  0.000000000000000E+000
 -2.200000000000000E-002  0.000000000000000E+000
 -2.100000000000000E-002  0.000000000000000E+000
 -2.000000000000000E-002  0.000000000000000E+000
 -1.900000000000000E-002  0.000000000000000E+000
 -1.800000000000000E-002  0.836338503096483     
 -1.700000000000000E-002  0.615758775618089     
 -1.600000000000000E-002   1.06385337920921     
 -1.500000000000000E-002  0.334666328065517     
 -1.400000000000000E-002  0.977271353409635     
 -1.300000000000000E-002   1.10664253764753     
 -1.200000000000000E-002  0.293156688617844     
 -1.100000000000000E-002  0.323286087767815     
 -1.000000000000000E-002  5.000457413228982E-002
 -9.000000000000001E-003  0.113611947673171     
 -8.000000000000000E-003  0.377821339982267     
 -6.999999999999999E-003  3.212046705511762E-002
 -6.000000000000002E-003  4.008665804580786E-002
 -5.000000000000001E-003  1.303941708130183E-002
 -4.000000000000000E-003  1.373465586350067E-002
 -3.000000000000003E-003  0.000000000000000E+000
 -2.000000000000002E-003  0.000000000000000E+000
 -1.000000000000001E-003  0.000000000000000E+000
  0.000000000000000E+000  0.000000000000000E+000
  1.000000000000001E-003  4.076858469779576E-003
  1.999999999999998E-003  1.838368489055583E-002
  2.999999999999999E-003  5.755293589500689E-002
  4.000000000000000E-003  0.125255238895837     
  4.999999999999998E-003  9.455188849237435E-002
  5.999999999999998E-003  0.238548679338956     
  6.999999999999999E-003  0.167270637106442     
  8.000000000000000E-003   1.11767657533742     
  9.000000000000001E-003   1.01122061318279     
  1.000000000000000E-002  0.533279112843745     
  1.100000000000000E-002   1.33633239681329     
  1.200000000000000E-002   1.69801545601308     
  1.300000000000000E-002  0.407065922538071     
  1.400000000000000E-002  0.000000000000000E+000
  1.500000000000000E-002  0.000000000000000E+000
  1.600000000000000E-002  0.000000000000000E+000
  1.700000000000000E-002  0.000000000000000E+000
  1.800000000000000E-002  0.000000000000000E+000
  1.900000000000000E-002  0.000000000000000E+000
  2.000000000000000E-002  0.000000000000000E+000
  2.100000000000000E-002  0.000000000000000E+000
  2.200000000000000E-002  0.000000000000000E+000
  2.300000000000000E-002  0.000000000000000E+000
  2.400000000000000E-002  0.000000000000000E+000
  2.500000000000000E-002  0.000000000000000E+000
 -2.500000000000000E-002  0.000000000000000E+000
 -2.400000000000000E-002  0.000000000000000E+000
 -2.300000000000000E-002  0.000000000000000E+000
 -2.200000000000000E-002  0.000000000000000E+000
 -2.100000000000000E-002  0.000000000000000E+000
 -2.000000000000000E-002  0.000000000000000E+000
 -1.900000000000000E-002  0.000000000000000E+000
 -1.800000000000000E-002  0.000000000000000E+000
 -1.700000000000000E-002  0.000000000000000E+000
 -1.600000000000000E-002  0.000000000000000E+000
 -1.500000000000000E-002  0.000000000000000E+000
 -1.400000000000000E-002  0.000000000000000E+000
 -1.300000000000000E-002  0.000000000000000E+000
 -1.200000000000000E-002  0.000000000000000E+000
 -1.100000000000000E-002  0.000000000000000E+000
 -1.000000000000000E-002  0.000000000000000E+000
 -9.000000000000001E-003  0.000000000000000E+000
 -8.000000000000000E-003  0.000000000000000E+000
 -6.999999999999999E-003  0.000000000000000E+000
 -6.000000000000002E-003  0.000000000000000E+000
 -5.000000000000001E-003  0.000000000000000E+000
 -4.000000000000000E-003  0.000000000000000E+000
 -3.000000000000003E-003  0.000000000000000E+000
 -2.000000000000002E-003  0.000000000000000E+000
 -1.000000000000001E-003  0.000000000000000E+000
  0.000000000000000E+000  0.000000000000000E+000
  1.000000000000001E-003  0.000000000000000E+000
  1.999999999999998E-003  0.000000000000000E+000
  2.999999999999999E-003  0.000000000000000E+000
  4.000000000000000E-003  0.000000000000000E+000
  4.999999999999998E-003  0.119642263554041     
  5.999999999999998E-003  0.644178219013449     
  6.999999999999999E-003   1.13030632132837     
  8.000000000000000E-003   2.17101227249207     
  9.000000000000001E-003   2.98385297831016     
  1.000000000000000E-002   2.65982055447661     
  1.100000000000000E-002   2.39939382990226     
  1.200000000000000E-002   1.33278197146085     
  1.300000000000000E-002  2.522085111667187E-002
  1.400000000000000E-002  0.000000000000000E+000
  1.500000000000000E-002  0.000000000000000E+000
  1.600000000000000E-002  0.000000000000000E+000
  1.700000000000000E-002  0.000000000000000E+000
  1.800000000000000E-002  0.000000000000000E+000
  1.900000000000000E-002  0.000000000000000E+000
  2.000000000000000E-002  0.000000000000000E+000
  2.100000000000000E-002  0.000000000000000E+000
  2.200000000000000E-002  0.000000000000000E+000
  2.300000000000000E-002  0.000000000000000E+000
  2.400000000000000E-002  0.000000000000000E+000
  2.500000000000000E-002  0.000000000000000E+000
4
   91.1148857142857     
 8
39
 8
39
31
39
  118.80220000
