 -2.500000000000000E-002  0.000000000000000E+000
 -2.400000000000000E-002  0.000000000000000E+000
 -2.300000000000000E-002  0.000000000000000E+000
 -2.200000000000000E-002  0.000000000000000E+000
 -2.100000000000000E-002  0.000000000000000E+000
 -2.000000000000000E-002  0.000000000000000E+000
 -1.900000000000000E-002  0.000000000000000E+000
 -1.800000000000000E-002  0.000000000000000E+000
 -1.700000000000000E-002  0.000000000000000E+000
 -1.600000000000000E-002  2.894363226962917E-002
 -1.500000000000000E-002  0.109249558386108     
 -1.400000000000000E-002  0.147717519105033     
 -1.300000000000000E-002  4.690889161574378E-002
 -1.200000000000000E-002  0.216362420487204     
 -1.100000000000000E-002  0.293778882036996     
 -1.000000000000000E-002  0.431643220665057     
 -9.000000000000001E-003  0.237411623528294     
 -8.000000000000000E-003  0.340923222804895     
 -6.999999999999999E-003   1.72124139102981     
 -6.000000000000002E-003   8.98849754810463     
 -5.000000000000001E-003   15.3586302542509     
 -4.000000000000000E-003   24.7935848790855     
 -3.000000000000003E-003   18.9245603973517     
 -2.000000000000002E-003   15.8233867269380     
 -1.000000000000001E-003   10.9552324769479     
  0.000000000000000E+000   8.71473795489743     
  1.000000000000001E-003   10.1304899022641     
  1.999999999999998E-003   6.63751207629703     
  2.999999999999999E-003   8.31119075080548     
  4.000000000000000E-003   7.61088123626811     
  4.999999999999998E-003   8.07933907642811     
  5.999999999999998E-003   9.94396752594742     
  6.999999999999999E-003   8.40369499944218     
  8.000000000000000E-003   3.67628787788158     
  9.000000000000001E-003  0.427475166065539     
  1.000000000000000E-002  0.386558334412071     
  1.100000000000000E-002  0.398664207991811     
  1.200000000000000E-002  0.389058057732737     
  1.300000000000000E-002  0.329125610454154     
  1.400000000000000E-002  0.322180205095891     
  1.500000000000000E-002  0.185621551692383     
  1.600000000000000E-002  4.713782713781488E-002
  1.700000000000000E-002  0.000000000000000E+000
  1.800000000000000E-002  0.000000000000000E+000
  1.900000000000000E-002  0.000000000000000E+000
  2.000000000000000E-002  0.000000000000000E+000
  2.100000000000000E-002  0.000000000000000E+000
  2.200000000000000E-002  0.000000000000000E+000
  2.300000000000000E-002  0.000000000000000E+000
  2.400000000000000E-002  0.000000000000000E+000
  2.500000000000000E-002  0.000000000000000E+000
 -2.500000000000000E-002  0.000000000000000E+000
 -2.400000000000000E-002  0.000000000000000E+000
 -2.300000000000000E-002  0.000000000000000E+000
 -2.200000000000000E-002  0.000000000000000E+000
 -2.100000000000000E-002  0.000000000000000E+000
 -2.000000000000000E-002  0.000000000000000E+000
 -1.900000000000000E-002  0.000000000000000E+000
 -1.800000000000000E-002  0.000000000000000E+000
 -1.700000000000000E-002  0.000000000000000E+000
 -1.600000000000000E-002  0.365546892488429     
 -1.500000000000000E-002  0.975986881393881     
 -1.400000000000000E-002  0.943775516356917     
 -1.300000000000000E-002  0.216233958246216     
 -1.200000000000000E-002  0.724072669021607     
 -1.100000000000000E-002  0.716034941794874     
 -1.000000000000000E-002  0.765876182475668     
 -9.000000000000001E-003  0.305163230140377     
 -8.000000000000000E-003  0.229317000539576     
 -6.999999999999999E-003  9.265040461422783E-002
 -6.000000000000002E-003  0.120012563060253     
 -5.000000000000001E-003  7.335746636366289E-002
 -4.000000000000000E-003  3.205164352294061E-002
 -3.000000000000003E-003  1.460292035767736E-002
 -2.000000000000002E-003  4.444007331719281E-004
 -1.000000000000001E-003  6.607909466950572E-004
  0.000000000000000E+000  0.000000000000000E+000
  1.000000000000001E-003  2.342006417095749E-003
  1.999999999999998E-003  1.089568615800917E-002
  2.999999999999999E-003  1.975718202296774E-002
  4.000000000000000E-003  8.982770902102659E-002
  4.999999999999998E-003  8.987094957017717E-002
  5.999999999999998E-003  0.329007496100109     
  6.999999999999999E-003  0.228481649500759     
  8.000000000000000E-003  0.386093981949705     
  9.000000000000001E-003  0.544177306047949     
  1.000000000000000E-002  0.685880855507287     
  1.100000000000000E-002  0.971674686028548     
  1.200000000000000E-002   1.30201125330619     
  1.300000000000000E-002   1.51715657857962     
  1.400000000000000E-002   2.05842740432263     
  1.500000000000000E-002   1.65826024408697     
  1.600000000000000E-002  0.595332543903473     
  1.700000000000000E-002  0.000000000000000E+000
  1.800000000000000E-002  0.000000000000000E+000
  1.900000000000000E-002  0.000000000000000E+000
  2.000000000000000E-002  0.000000000000000E+000
  2.100000000000000E-002  0.000000000000000E+000
  2.200000000000000E-002  0.000000000000000E+000
  2.300000000000000E-002  0.000000000000000E+000
  2.400000000000000E-002  0.000000000000000E+000
  2.500000000000000E-002  0.000000000000000E+000
 -2.500000000000000E-002  0.000000000000000E+000
 -2.400000000000000E-002  0.000000000000000E+000
 -2.300000000000000E-002  0.000000000000000E+000
 -2.200000000000000E-002  0.000000000000000E+000
 -2.100000000000000E-002  0.000000000000000E+000
 -2.000000000000000E-002  0.000000000000000E+000
 -1.900000000000000E-002  0.000000000000000E+000
 -1.800000000000000E-002  0.000000000000000E+000
 -1.700000000000000E-002  0.000000000000000E+000
 -1.600000000000000E-002  0.000000000000000E+000
 -1.500000000000000E-002  0.000000000000000E+000
 -1.400000000000000E-002  0.000000000000000E+000
 -1.300000000000000E-002  0.000000000000000E+000
 -1.200000000000000E-002  0.000000000000000E+000
 -1.100000000000000E-002  0.000000000000000E+000
 -1.000000000000000E-002  0.000000000000000E+000
 -9.000000000000001E-003  0.000000000000000E+000
 -8.000000000000000E-003  0.000000000000000E+000
 -6.999999999999999E-003  0.000000000000000E+000
 -6.000000000000002E-003  0.000000000000000E+000
 -5.000000000000001E-003  0.000000000000000E+000
 -4.000000000000000E-003  0.000000000000000E+000
 -3.000000000000003E-003  0.000000000000000E+000
 -2.000000000000002E-003  0.000000000000000E+000
 -1.000000000000001E-003  0.000000000000000E+000
  0.000000000000000E+000  0.000000000000000E+000
  1.000000000000001E-003  0.000000000000000E+000
  1.999999999999998E-003  0.000000000000000E+000
  2.999999999999999E-003  0.000000000000000E+000
  4.000000000000000E-003  0.000000000000000E+000
  4.999999999999998E-003  0.000000000000000E+000
  5.999999999999998E-003  0.000000000000000E+000
  6.999999999999999E-003  0.000000000000000E+000
  8.000000000000000E-003  0.000000000000000E+000
  9.000000000000001E-003  0.000000000000000E+000
  1.000000000000000E-002  0.000000000000000E+000
  1.100000000000000E-002  0.000000000000000E+000
  1.200000000000000E-002  0.000000000000000E+000
  1.300000000000000E-002  0.000000000000000E+000
  1.400000000000000E-002  0.000000000000000E+000
  1.500000000000000E-002  0.000000000000000E+000
  1.600000000000000E-002  0.000000000000000E+000
  1.700000000000000E-002  0.000000000000000E+000
  1.800000000000000E-002  0.000000000000000E+000
  1.900000000000000E-002  0.000000000000000E+000
  2.000000000000000E-002  0.000000000000000E+000
  2.100000000000000E-002  0.000000000000000E+000
  2.200000000000000E-002  0.000000000000000E+000
  2.300000000000000E-002  0.000000000000000E+000
  2.400000000000000E-002  0.000000000000000E+000
  2.500000000000000E-002  0.000000000000000E+000
4
   106.078454545455     
10
42
10
42
 0
 0
  186.09340000
