 -2.500000000000000E-002  0.000000000000000E+000
 -2.400000000000000E-002  0.000000000000000E+000
 -2.300000000000000E-002  0.000000000000000E+000
 -2.200000000000000E-002  0.000000000000000E+000
 -2.100000000000000E-002  0.000000000000000E+000
 -2.000000000000000E-002  0.000000000000000E+000
 -1.900000000000000E-002  2.430352888571961E-002
 -1.800000000000000E-002  9.604882507636954E-002
 -1.700000000000000E-002  5.104590944431192E-002
 -1.600000000000000E-002  0.191497801853703     
 -1.500000000000000E-002  0.313091607520270     
 -1.400000000000000E-002  0.116230599700462     
 -1.300000000000000E-002  5.628262439078697E-002
 -1.200000000000000E-002  0.151962927631378     
 -1.100000000000000E-002  0.564281894439643     
 -1.000000000000000E-002   2.46070174741854     
 -9.000000000000001E-003   5.15351000446044     
 -8.000000000000000E-003   3.94532621286934     
 -6.999999999999999E-003   3.52193096712118     
 -6.000000000000002E-003   4.81351767288812     
 -5.000000000000001E-003   5.11859939502921     
 -4.000000000000000E-003   3.66054946053290     
 -3.000000000000003E-003   5.19111399596889     
 -2.000000000000002E-003   5.15987513576120     
 -1.000000000000001E-003   3.15049166153063     
  0.000000000000000E+000   1.30224548206045     
  1.000000000000001E-003   1.86167175853692     
  1.999999999999998E-003   5.91129440093899     
  2.999999999999999E-003   5.00417626445659     
  4.000000000000000E-003   5.53531367144233     
  4.999999999999998E-003   1.93305671422088     
  5.999999999999998E-003   2.32508510026324     
  6.999999999999999E-003   6.82883412238095     
  8.000000000000000E-003   3.18780691572055     
  9.000000000000001E-003   3.46502783813116     
  1.000000000000000E-002   3.91438163806166     
  1.100000000000000E-002   1.27646002882297     
  1.200000000000000E-002  0.220590398947289     
  1.300000000000000E-002  0.000000000000000E+000
  1.400000000000000E-002  0.000000000000000E+000
  1.500000000000000E-002  0.000000000000000E+000
  1.600000000000000E-002  0.000000000000000E+000
  1.700000000000000E-002  0.000000000000000E+000
  1.800000000000000E-002  0.000000000000000E+000
  1.900000000000000E-002  0.000000000000000E+000
  2.000000000000000E-002  0.000000000000000E+000
  2.100000000000000E-002  0.000000000000000E+000
  2.200000000000000E-002  0.000000000000000E+000
  2.300000000000000E-002  0.000000000000000E+000
  2.400000000000000E-002  0.000000000000000E+000
  2.500000000000000E-002  0.000000000000000E+000
 -2.500000000000000E-002  0.000000000000000E+000
 -2.400000000000000E-002  0.000000000000000E+000
 -2.300000000000000E-002  0.000000000000000E+000
 -2.200000000000000E-002  0.000000000000000E+000
 -2.100000000000000E-002  0.000000000000000E+000
 -2.000000000000000E-002  0.000000000000000E+000
 -1.900000000000000E-002  0.942789825324804     
 -1.800000000000000E-002   2.52408089157695     
 -1.700000000000000E-002  0.923240197515410     
 -1.600000000000000E-002   2.41854324757433     
 -1.500000000000000E-002   2.79702093196892     
 -1.400000000000000E-002  0.742603821898602     
 -1.300000000000000E-002  0.259443662668429     
 -1.200000000000000E-002  0.508555054776238     
 -1.100000000000000E-002   1.31333385021915     
 -1.000000000000000E-002   1.31748923359855     
 -9.000000000000001E-003  0.224500953187259     
 -8.000000000000000E-003  3.989103319327418E-002
 -6.999999999999999E-003  8.908145292478288E-002
 -6.000000000000002E-003  6.539452182253291E-003
 -5.000000000000001E-003  0.000000000000000E+000
 -4.000000000000000E-003  0.000000000000000E+000
 -3.000000000000003E-003  0.000000000000000E+000
 -2.000000000000002E-003  0.000000000000000E+000
 -1.000000000000001E-003  0.000000000000000E+000
  0.000000000000000E+000  0.000000000000000E+000
  1.000000000000001E-003  8.399192163303376E-003
  1.999999999999998E-003  0.133515873277377     
  2.999999999999999E-003  0.309377047724431     
  4.000000000000000E-003  0.607882924071720     
  4.999999999999998E-003  0.369560025475852     
  5.999999999999998E-003  0.541575415079457     
  6.999999999999999E-003   2.38277182793386     
  8.000000000000000E-003   1.31939943639540     
  9.000000000000001E-003  8.405960386110573E-002
  1.000000000000000E-002  0.000000000000000E+000
  1.100000000000000E-002  0.000000000000000E+000
  1.200000000000000E-002  0.000000000000000E+000
  1.300000000000000E-002  0.000000000000000E+000
  1.400000000000000E-002  0.000000000000000E+000
  1.500000000000000E-002  0.000000000000000E+000
  1.600000000000000E-002  0.000000000000000E+000
  1.700000000000000E-002  0.000000000000000E+000
  1.800000000000000E-002  0.000000000000000E+000
  1.900000000000000E-002  0.000000000000000E+000
  2.000000000000000E-002  0.000000000000000E+000
  2.100000000000000E-002  0.000000000000000E+000
  2.200000000000000E-002  0.000000000000000E+000
  2.300000000000000E-002  0.000000000000000E+000
  2.400000000000000E-002  0.000000000000000E+000
  2.500000000000000E-002  0.000000000000000E+000
 -2.500000000000000E-002  0.000000000000000E+000
 -2.400000000000000E-002  0.000000000000000E+000
 -2.300000000000000E-002  0.000000000000000E+000
 -2.200000000000000E-002  0.000000000000000E+000
 -2.100000000000000E-002  0.000000000000000E+000
 -2.000000000000000E-002  0.000000000000000E+000
 -1.900000000000000E-002  0.000000000000000E+000
 -1.800000000000000E-002  0.000000000000000E+000
 -1.700000000000000E-002  0.000000000000000E+000
 -1.600000000000000E-002  0.000000000000000E+000
 -1.500000000000000E-002  0.000000000000000E+000
 -1.400000000000000E-002  0.000000000000000E+000
 -1.300000000000000E-002  0.000000000000000E+000
 -1.200000000000000E-002  0.000000000000000E+000
 -1.100000000000000E-002  0.000000000000000E+000
 -1.000000000000000E-002  0.000000000000000E+000
 -9.000000000000001E-003  0.000000000000000E+000
 -8.000000000000000E-003  0.000000000000000E+000
 -6.999999999999999E-003  0.000000000000000E+000
 -6.000000000000002E-003  0.000000000000000E+000
 -5.000000000000001E-003  0.000000000000000E+000
 -4.000000000000000E-003  0.000000000000000E+000
 -3.000000000000003E-003  0.000000000000000E+000
 -2.000000000000002E-003  0.000000000000000E+000
 -1.000000000000001E-003  0.000000000000000E+000
  0.000000000000000E+000  0.000000000000000E+000
  1.000000000000001E-003  3.158371933684750E-004
  1.999999999999998E-003  5.613483010798755E-002
  2.999999999999999E-003  0.123276510333958     
  4.000000000000000E-003  0.327712973705574     
  4.999999999999998E-003  0.175075506502153     
  5.999999999999998E-003  0.490527016651358     
  6.999999999999999E-003   2.04723812133750     
  8.000000000000000E-003   1.61788957344297     
  9.000000000000001E-003   4.36980441465614     
  1.000000000000000E-002   6.94539268123436     
  1.100000000000000E-002   3.11114936548311     
  1.200000000000000E-002  0.738221908253013     
  1.300000000000000E-002  0.000000000000000E+000
  1.400000000000000E-002  0.000000000000000E+000
  1.500000000000000E-002  0.000000000000000E+000
  1.600000000000000E-002  0.000000000000000E+000
  1.700000000000000E-002  0.000000000000000E+000
  1.800000000000000E-002  0.000000000000000E+000
  1.900000000000000E-002  0.000000000000000E+000
  2.000000000000000E-002  0.000000000000000E+000
  2.100000000000000E-002  0.000000000000000E+000
  2.200000000000000E-002  0.000000000000000E+000
  2.300000000000000E-002  0.000000000000000E+000
  2.400000000000000E-002  0.000000000000000E+000
  2.500000000000000E-002  0.000000000000000E+000
1
   62.0505222222222     
 7
38
 7
35
27
38
  112.77558000
