 -2.500000000000000E-002  0.000000000000000E+000
 -2.400000000000000E-002  0.000000000000000E+000
 -2.300000000000000E-002  0.000000000000000E+000
 -2.200000000000000E-002  0.000000000000000E+000
 -2.100000000000000E-002  0.000000000000000E+000
 -2.000000000000000E-002  0.000000000000000E+000
 -1.900000000000000E-002  0.000000000000000E+000
 -1.800000000000000E-002  0.000000000000000E+000
 -1.700000000000000E-002  5.235665074083197E-003
 -1.600000000000000E-002  4.278956557215633E-002
 -1.500000000000000E-002  0.172083521893252     
 -1.400000000000000E-002  5.692849099109721E-002
 -1.300000000000000E-002  0.128978629931438     
 -1.200000000000000E-002  0.183443456139529     
 -1.100000000000000E-002  0.320898138184975     
 -1.000000000000000E-002  0.373258542344830     
 -9.000000000000001E-003  0.303359012541405     
 -8.000000000000000E-003  0.765493290285734     
 -6.999999999999999E-003  0.982618912186839     
 -6.000000000000002E-003   2.16386018810964     
 -5.000000000000001E-003   5.07731394534950     
 -4.000000000000000E-003   13.9608474871736     
 -3.000000000000003E-003   25.7170652380848     
 -2.000000000000002E-003   24.6533279674004     
 -1.000000000000001E-003   22.5515734279018     
  0.000000000000000E+000   16.7397197618387     
  1.000000000000001E-003   12.4124152235338     
  1.999999999999998E-003   13.3286055625950     
  2.999999999999999E-003   5.97293662720296     
  4.000000000000000E-003   2.01355848596951     
  4.999999999999998E-003   1.87259359025208     
  5.999999999999998E-003   1.47505749665707     
  6.999999999999999E-003   1.00542052502875     
  8.000000000000000E-003  0.851865196358410     
  9.000000000000001E-003  0.924048714081051     
  1.000000000000000E-002   1.53815279969584     
  1.100000000000000E-002  0.894956272353694     
  1.200000000000000E-002  0.699691473121270     
  1.300000000000000E-002  0.633844638380758     
  1.400000000000000E-002  0.382039467932876     
  1.500000000000000E-002  0.119201024177419     
  1.600000000000000E-002  2.264823566829775E-003
  1.700000000000000E-002  0.000000000000000E+000
  1.800000000000000E-002  0.000000000000000E+000
  1.900000000000000E-002  0.000000000000000E+000
  2.000000000000000E-002  0.000000000000000E+000
  2.100000000000000E-002  0.000000000000000E+000
  2.200000000000000E-002  0.000000000000000E+000
  2.300000000000000E-002  0.000000000000000E+000
  2.400000000000000E-002  0.000000000000000E+000
  2.500000000000000E-002  0.000000000000000E+000
 -2.500000000000000E-002  0.000000000000000E+000
 -2.400000000000000E-002  0.000000000000000E+000
 -2.300000000000000E-002  0.000000000000000E+000
 -2.200000000000000E-002  0.000000000000000E+000
 -2.100000000000000E-002  0.000000000000000E+000
 -2.000000000000000E-002  0.000000000000000E+000
 -1.900000000000000E-002  0.000000000000000E+000
 -1.800000000000000E-002  0.000000000000000E+000
 -1.700000000000000E-002  9.469468777697984E-002
 -1.600000000000000E-002  0.540415680385924     
 -1.500000000000000E-002   1.53731751736972     
 -1.400000000000000E-002  0.363719322569588     
 -1.300000000000000E-002  0.594547402818796     
 -1.200000000000000E-002  0.613906946513167     
 -1.100000000000000E-002  0.782133413076390     
 -1.000000000000000E-002  0.662282676528627     
 -9.000000000000001E-003  0.272222323252412     
 -8.000000000000000E-003  9.042107935188554E-002
 -6.999999999999999E-003  8.131529541217475E-002
 -6.000000000000002E-003  0.152900913691370     
 -5.000000000000001E-003  5.331035873569705E-002
 -4.000000000000000E-003  3.404313094663949E-002
 -3.000000000000003E-003  2.836456676910303E-003
 -2.000000000000002E-003  1.715134876501423E-003
 -1.000000000000001E-003  0.000000000000000E+000
  0.000000000000000E+000  0.000000000000000E+000
  1.000000000000001E-003  1.683112619500795E-003
  1.999999999999998E-003  1.216542131672523E-002
  2.999999999999999E-003  4.105240763690327E-002
  4.000000000000000E-003  5.651402942964399E-002
  4.999999999999998E-003  0.198432075038537     
  5.999999999999998E-003  0.250044416140840     
  6.999999999999999E-003  0.249168874398244     
  8.000000000000000E-003  0.429201845698430     
  9.000000000000001E-003  0.473768332689549     
  1.000000000000000E-002   1.07742002862520     
  1.100000000000000E-002  0.821233049529149     
  1.200000000000000E-002   1.63418383857630     
  1.300000000000000E-002   1.58318979791772     
  1.400000000000000E-002   1.87878502523640     
  1.500000000000000E-002   1.06488884316323     
  1.600000000000000E-002  2.860384657933576E-002
  1.700000000000000E-002  0.000000000000000E+000
  1.800000000000000E-002  0.000000000000000E+000
  1.900000000000000E-002  0.000000000000000E+000
  2.000000000000000E-002  0.000000000000000E+000
  2.100000000000000E-002  0.000000000000000E+000
  2.200000000000000E-002  0.000000000000000E+000
  2.300000000000000E-002  0.000000000000000E+000
  2.400000000000000E-002  0.000000000000000E+000
  2.500000000000000E-002  0.000000000000000E+000
 -2.500000000000000E-002  0.000000000000000E+000
 -2.400000000000000E-002  0.000000000000000E+000
 -2.300000000000000E-002  0.000000000000000E+000
 -2.200000000000000E-002  0.000000000000000E+000
 -2.100000000000000E-002  0.000000000000000E+000
 -2.000000000000000E-002  0.000000000000000E+000
 -1.900000000000000E-002  0.000000000000000E+000
 -1.800000000000000E-002  0.000000000000000E+000
 -1.700000000000000E-002  0.000000000000000E+000
 -1.600000000000000E-002  0.000000000000000E+000
 -1.500000000000000E-002  0.000000000000000E+000
 -1.400000000000000E-002  0.000000000000000E+000
 -1.300000000000000E-002  0.000000000000000E+000
 -1.200000000000000E-002  0.000000000000000E+000
 -1.100000000000000E-002  0.000000000000000E+000
 -1.000000000000000E-002  0.000000000000000E+000
 -9.000000000000001E-003  0.000000000000000E+000
 -8.000000000000000E-003  0.000000000000000E+000
 -6.999999999999999E-003  0.000000000000000E+000
 -6.000000000000002E-003  0.000000000000000E+000
 -5.000000000000001E-003  0.000000000000000E+000
 -4.000000000000000E-003  0.000000000000000E+000
 -3.000000000000003E-003  0.000000000000000E+000
 -2.000000000000002E-003  0.000000000000000E+000
 -1.000000000000001E-003  0.000000000000000E+000
  0.000000000000000E+000  0.000000000000000E+000
  1.000000000000001E-003  0.000000000000000E+000
  1.999999999999998E-003  0.000000000000000E+000
  2.999999999999999E-003  0.000000000000000E+000
  4.000000000000000E-003  0.000000000000000E+000
  4.999999999999998E-003  0.000000000000000E+000
  5.999999999999998E-003  2.537400347022994E-002
  6.999999999999999E-003  0.127754988113933     
  8.000000000000000E-003  0.232072837421611     
  9.000000000000001E-003  0.713981812839569     
  1.000000000000000E-002   1.65176587745772     
  1.100000000000000E-002   1.36006724659982     
  1.200000000000000E-002  0.707384864961752     
  1.300000000000000E-002   1.33861735525349     
  1.400000000000000E-002  0.562086567392359     
  1.500000000000000E-002  0.000000000000000E+000
  1.600000000000000E-002  0.000000000000000E+000
  1.700000000000000E-002  0.000000000000000E+000
  1.800000000000000E-002  0.000000000000000E+000
  1.900000000000000E-002  0.000000000000000E+000
  2.000000000000000E-002  0.000000000000000E+000
  2.100000000000000E-002  0.000000000000000E+000
  2.200000000000000E-002  0.000000000000000E+000
  2.300000000000000E-002  0.000000000000000E+000
  2.400000000000000E-002  0.000000000000000E+000
  2.500000000000000E-002  0.000000000000000E+000
4
   100.533144444444     
 9
42
 9
42
32
40
  168.25652000
