 -2.500000000000000E-002  0.000000000000000E+000
 -2.400000000000000E-002  0.000000000000000E+000
 -2.300000000000000E-002  0.000000000000000E+000
 -2.200000000000000E-002  0.000000000000000E+000
 -2.100000000000000E-002  0.000000000000000E+000
 -2.000000000000000E-002  0.000000000000000E+000
 -1.900000000000000E-002  2.573958987824367E-003
 -1.800000000000000E-002  2.849109523816361E-002
 -1.700000000000000E-002  6.663915428878875E-002
 -1.600000000000000E-002  4.426090504040537E-002
 -1.500000000000000E-002  7.720274242463256E-002
 -1.400000000000000E-002  0.182348685800510     
 -1.300000000000000E-002  0.143720002716880     
 -1.200000000000000E-002  0.166642852149810     
 -1.100000000000000E-002  0.460251272470933     
 -1.000000000000000E-002  0.703520749896673     
 -9.000000000000001E-003  0.601945558381823     
 -8.000000000000000E-003   1.14474458786546     
 -6.999999999999999E-003   2.01746313698671     
 -6.000000000000002E-003   4.98503687346006     
 -5.000000000000001E-003   8.46988389414846     
 -4.000000000000000E-003   15.1717369775818     
 -3.000000000000003E-003   13.7797588776362     
 -2.000000000000002E-003   14.5763349645140     
 -1.000000000000001E-003   11.1300232316054     
  0.000000000000000E+000   12.5013729107502     
  1.000000000000001E-003   10.5294562634692     
  1.999999999999998E-003   9.66912756359813     
  2.999999999999999E-003   7.69979080017257     
  4.000000000000000E-003   7.94037924134857     
  4.999999999999998E-003   8.72029204441712     
  5.999999999999998E-003   10.6808160995851     
  6.999999999999999E-003   6.60505028313072     
  8.000000000000000E-003   4.12018675947492     
  9.000000000000001E-003  0.333614388851529     
  1.000000000000000E-002  0.855904859441002     
  1.100000000000000E-002  0.744725081131769     
  1.200000000000000E-002  0.194566359945491     
  1.300000000000000E-002  0.000000000000000E+000
  1.400000000000000E-002  0.000000000000000E+000
  1.500000000000000E-002  0.000000000000000E+000
  1.600000000000000E-002  0.000000000000000E+000
  1.700000000000000E-002  0.000000000000000E+000
  1.800000000000000E-002  0.000000000000000E+000
  1.900000000000000E-002  0.000000000000000E+000
  2.000000000000000E-002  0.000000000000000E+000
  2.100000000000000E-002  0.000000000000000E+000
  2.200000000000000E-002  0.000000000000000E+000
  2.300000000000000E-002  0.000000000000000E+000
  2.400000000000000E-002  0.000000000000000E+000
  2.500000000000000E-002  0.000000000000000E+000
 -2.500000000000000E-002  0.000000000000000E+000
 -2.400000000000000E-002  0.000000000000000E+000
 -2.300000000000000E-002  0.000000000000000E+000
 -2.200000000000000E-002  0.000000000000000E+000
 -2.100000000000000E-002  0.000000000000000E+000
 -2.000000000000000E-002  0.000000000000000E+000
 -1.900000000000000E-002  9.984979366309388E-002
 -1.800000000000000E-002  0.748721590436615     
 -1.700000000000000E-002   1.20526691830146     
 -1.600000000000000E-002  0.558998129382084     
 -1.500000000000000E-002  0.689694905198385     
 -1.400000000000000E-002   1.16503598314574     
 -1.300000000000000E-002  0.662500093184843     
 -1.200000000000000E-002  0.557682496145960     
 -1.100000000000000E-002  0.225012916878511     
 -1.000000000000000E-002  0.217776241625067     
 -9.000000000000001E-003  0.146328504053352     
 -8.000000000000000E-003  0.222045605901722     
 -6.999999999999999E-003  4.900497371255946E-002
 -6.000000000000002E-003  0.000000000000000E+000
 -5.000000000000001E-003  0.000000000000000E+000
 -4.000000000000000E-003  0.000000000000000E+000
 -3.000000000000003E-003  0.000000000000000E+000
 -2.000000000000002E-003  0.000000000000000E+000
 -1.000000000000001E-003  0.000000000000000E+000
  0.000000000000000E+000  0.000000000000000E+000
  1.000000000000001E-003  7.938980157529031E-003
  1.999999999999998E-003  2.437187626363813E-002
  2.999999999999999E-003  7.263117526248524E-004
  4.000000000000000E-003  1.157784113365333E-003
  4.999999999999998E-003  0.252656150171891     
  5.999999999999998E-003  0.411079029804176     
  6.999999999999999E-003  0.487400502588573     
  8.000000000000000E-003   1.06454559660865     
  9.000000000000001E-003  0.428819966816440     
  1.000000000000000E-002   1.51865502555804     
  1.100000000000000E-002   1.81513789018442     
  1.200000000000000E-002  0.651130557840482     
  1.300000000000000E-002  0.000000000000000E+000
  1.400000000000000E-002  0.000000000000000E+000
  1.500000000000000E-002  0.000000000000000E+000
  1.600000000000000E-002  0.000000000000000E+000
  1.700000000000000E-002  0.000000000000000E+000
  1.800000000000000E-002  0.000000000000000E+000
  1.900000000000000E-002  0.000000000000000E+000
  2.000000000000000E-002  0.000000000000000E+000
  2.100000000000000E-002  0.000000000000000E+000
  2.200000000000000E-002  0.000000000000000E+000
  2.300000000000000E-002  0.000000000000000E+000
  2.400000000000000E-002  0.000000000000000E+000
  2.500000000000000E-002  0.000000000000000E+000
 -2.500000000000000E-002  0.000000000000000E+000
 -2.400000000000000E-002  0.000000000000000E+000
 -2.300000000000000E-002  0.000000000000000E+000
 -2.200000000000000E-002  0.000000000000000E+000
 -2.100000000000000E-002  0.000000000000000E+000
 -2.000000000000000E-002  0.000000000000000E+000
 -1.900000000000000E-002  0.000000000000000E+000
 -1.800000000000000E-002  0.000000000000000E+000
 -1.700000000000000E-002  0.000000000000000E+000
 -1.600000000000000E-002  0.000000000000000E+000
 -1.500000000000000E-002  0.000000000000000E+000
 -1.400000000000000E-002  0.000000000000000E+000
 -1.300000000000000E-002  0.000000000000000E+000
 -1.200000000000000E-002  0.000000000000000E+000
 -1.100000000000000E-002  0.000000000000000E+000
 -1.000000000000000E-002  0.000000000000000E+000
 -9.000000000000001E-003  0.000000000000000E+000
 -8.000000000000000E-003  0.000000000000000E+000
 -6.999999999999999E-003  0.000000000000000E+000
 -6.000000000000002E-003  0.000000000000000E+000
 -5.000000000000001E-003  0.000000000000000E+000
 -4.000000000000000E-003  0.000000000000000E+000
 -3.000000000000003E-003  0.000000000000000E+000
 -2.000000000000002E-003  0.000000000000000E+000
 -1.000000000000001E-003  0.000000000000000E+000
  0.000000000000000E+000  0.000000000000000E+000
  1.000000000000001E-003  0.000000000000000E+000
  1.999999999999998E-003  0.000000000000000E+000
  2.999999999999999E-003  0.000000000000000E+000
  4.000000000000000E-003  0.000000000000000E+000
  4.999999999999998E-003  0.000000000000000E+000
  5.999999999999998E-003  0.000000000000000E+000
  6.999999999999999E-003  0.000000000000000E+000
  8.000000000000000E-003  0.000000000000000E+000
  9.000000000000001E-003  0.000000000000000E+000
  1.000000000000000E-002  0.000000000000000E+000
  1.100000000000000E-002  0.000000000000000E+000
  1.200000000000000E-002  0.000000000000000E+000
  1.300000000000000E-002  0.000000000000000E+000
  1.400000000000000E-002  0.000000000000000E+000
  1.500000000000000E-002  0.000000000000000E+000
  1.600000000000000E-002  0.000000000000000E+000
  1.700000000000000E-002  0.000000000000000E+000
  1.800000000000000E-002  0.000000000000000E+000
  1.900000000000000E-002  0.000000000000000E+000
  2.000000000000000E-002  0.000000000000000E+000
  2.100000000000000E-002  0.000000000000000E+000
  2.200000000000000E-002  0.000000000000000E+000
  2.300000000000000E-002  0.000000000000000E+000
  2.400000000000000E-002  0.000000000000000E+000
  2.500000000000000E-002  0.000000000000000E+000
4
   105.116070000000     
 7
38
 7
38
 0
 0
  163.55817000
