 -2.500000000000000E-002  0.000000000000000E+000
 -2.400000000000000E-002  0.000000000000000E+000
 -2.300000000000000E-002  0.000000000000000E+000
 -2.200000000000000E-002  0.000000000000000E+000
 -2.100000000000000E-002  0.000000000000000E+000
 -2.000000000000000E-002  0.000000000000000E+000
 -1.900000000000000E-002  0.000000000000000E+000
 -1.800000000000000E-002  0.000000000000000E+000
 -1.700000000000000E-002  0.000000000000000E+000
 -1.600000000000000E-002  2.063184947509121E-002
 -1.500000000000000E-002  6.938964591364812E-002
 -1.400000000000000E-002  0.234816569983441     
 -1.300000000000000E-002  2.313818365301492E-002
 -1.200000000000000E-002  0.157321899123199     
 -1.100000000000000E-002  0.280803942997549     
 -1.000000000000000E-002  0.399873864185158     
 -9.000000000000001E-003  0.345769988451169     
 -8.000000000000000E-003  0.291688952565449     
 -6.999999999999999E-003  0.668341428224856     
 -6.000000000000002E-003  0.966957652106438     
 -5.000000000000001E-003   2.26705545025235     
 -4.000000000000000E-003   6.05368908849201     
 -3.000000000000003E-003   23.7667934727285     
 -2.000000000000002E-003   54.4112589978458     
 -1.000000000000001E-003   66.7349731792890     
  0.000000000000000E+000   51.7745737261517     
  1.000000000000001E-003   42.7198075838239     
  1.999999999999998E-003   26.2717850380721     
  2.999999999999999E-003   25.4013420186872     
  4.000000000000000E-003   3.10054802198382     
  4.999999999999998E-003   1.49801934868017     
  5.999999999999998E-003  0.821009652139033     
  6.999999999999999E-003  0.439049867059954     
  8.000000000000000E-003  0.607563058100883     
  9.000000000000001E-003  0.519150496881910     
  1.000000000000000E-002  0.403729368653291     
  1.100000000000000E-002  0.329623827878105     
  1.200000000000000E-002  0.363988507671821     
  1.300000000000000E-002  0.417910051662870     
  1.400000000000000E-002  0.287344802755715     
  1.500000000000000E-002  0.191589026381451     
  1.600000000000000E-002  7.366983973789552E-002
  1.700000000000000E-002  0.000000000000000E+000
  1.800000000000000E-002  0.000000000000000E+000
  1.900000000000000E-002  0.000000000000000E+000
  2.000000000000000E-002  0.000000000000000E+000
  2.100000000000000E-002  0.000000000000000E+000
  2.200000000000000E-002  0.000000000000000E+000
  2.300000000000000E-002  0.000000000000000E+000
  2.400000000000000E-002  0.000000000000000E+000
  2.500000000000000E-002  0.000000000000000E+000
 -2.500000000000000E-002  0.000000000000000E+000
 -2.400000000000000E-002  0.000000000000000E+000
 -2.300000000000000E-002  0.000000000000000E+000
 -2.200000000000000E-002  0.000000000000000E+000
 -2.100000000000000E-002  0.000000000000000E+000
 -2.000000000000000E-002  0.000000000000000E+000
 -1.900000000000000E-002  0.000000000000000E+000
 -1.800000000000000E-002  0.000000000000000E+000
 -1.700000000000000E-002  0.000000000000000E+000
 -1.600000000000000E-002  0.260572287253056     
 -1.500000000000000E-002  0.619896181886065     
 -1.400000000000000E-002   1.50025623858268     
 -1.300000000000000E-002  0.106659118678475     
 -1.200000000000000E-002  0.526489244930684     
 -1.100000000000000E-002  0.684410784008297     
 -1.000000000000000E-002  0.709506958320949     
 -9.000000000000001E-003  0.444444484196809     
 -8.000000000000000E-003  0.266588815175235     
 -6.999999999999999E-003  9.108327436049131E-002
 -6.000000000000002E-003  4.771852084580758E-002
 -5.000000000000001E-003  9.037840911394267E-002
 -4.000000000000000E-003  5.928483899228976E-002
 -3.000000000000003E-003  1.631281676857642E-002
 -2.000000000000002E-003  1.009843765054475E-003
 -1.000000000000001E-003  4.778826109878966E-004
  0.000000000000000E+000  0.000000000000000E+000
  1.000000000000001E-003  3.254292865843048E-003
  1.999999999999998E-003  1.035044424703777E-002
  2.999999999999999E-003  2.038221938899504E-002
  4.000000000000000E-003  8.764896287528978E-002
  4.999999999999998E-003  7.861028471403227E-002
  5.999999999999998E-003  0.292462359694788     
  6.999999999999999E-003  0.284820987659855     
  8.000000000000000E-003  0.277581501880405     
  9.000000000000001E-003  0.554520838299743     
  1.000000000000000E-002  0.716347883655122     
  1.100000000000000E-002  0.803400764453790     
  1.200000000000000E-002   1.21811416996379     
  1.300000000000000E-002   1.92642250859779     
  1.400000000000000E-002   1.83586206454242     
  1.500000000000000E-002   1.71157100430988     
  1.600000000000000E-002  0.930421611753476     
  1.700000000000000E-002  0.000000000000000E+000
  1.800000000000000E-002  0.000000000000000E+000
  1.900000000000000E-002  0.000000000000000E+000
  2.000000000000000E-002  0.000000000000000E+000
  2.100000000000000E-002  0.000000000000000E+000
  2.200000000000000E-002  0.000000000000000E+000
  2.300000000000000E-002  0.000000000000000E+000
  2.400000000000000E-002  0.000000000000000E+000
  2.500000000000000E-002  0.000000000000000E+000
 -2.500000000000000E-002  0.000000000000000E+000
 -2.400000000000000E-002  0.000000000000000E+000
 -2.300000000000000E-002  0.000000000000000E+000
 -2.200000000000000E-002  0.000000000000000E+000
 -2.100000000000000E-002  0.000000000000000E+000
 -2.000000000000000E-002  0.000000000000000E+000
 -1.900000000000000E-002  0.000000000000000E+000
 -1.800000000000000E-002  0.000000000000000E+000
 -1.700000000000000E-002  0.000000000000000E+000
 -1.600000000000000E-002  0.000000000000000E+000
 -1.500000000000000E-002  0.000000000000000E+000
 -1.400000000000000E-002  0.000000000000000E+000
 -1.300000000000000E-002  0.000000000000000E+000
 -1.200000000000000E-002  0.000000000000000E+000
 -1.100000000000000E-002  0.000000000000000E+000
 -1.000000000000000E-002  0.000000000000000E+000
 -9.000000000000001E-003  0.000000000000000E+000
 -8.000000000000000E-003  0.000000000000000E+000
 -6.999999999999999E-003  0.000000000000000E+000
 -6.000000000000002E-003  0.000000000000000E+000
 -5.000000000000001E-003  0.000000000000000E+000
 -4.000000000000000E-003  0.000000000000000E+000
 -3.000000000000003E-003  0.000000000000000E+000
 -2.000000000000002E-003  0.000000000000000E+000
 -1.000000000000001E-003  0.000000000000000E+000
  0.000000000000000E+000  0.000000000000000E+000
  1.000000000000001E-003  0.000000000000000E+000
  1.999999999999998E-003  0.000000000000000E+000
  2.999999999999999E-003  0.000000000000000E+000
  4.000000000000000E-003  0.000000000000000E+000
  4.999999999999998E-003  0.000000000000000E+000
  5.999999999999998E-003  0.000000000000000E+000
  6.999999999999999E-003  0.000000000000000E+000
  8.000000000000000E-003  0.000000000000000E+000
  9.000000000000001E-003  0.000000000000000E+000
  1.000000000000000E-002  0.000000000000000E+000
  1.100000000000000E-002  0.000000000000000E+000
  1.200000000000000E-002  0.000000000000000E+000
  1.300000000000000E-002  0.000000000000000E+000
  1.400000000000000E-002  0.000000000000000E+000
  1.500000000000000E-002  0.000000000000000E+000
  1.600000000000000E-002  0.000000000000000E+000
  1.700000000000000E-002  0.000000000000000E+000
  1.800000000000000E-002  0.000000000000000E+000
  1.900000000000000E-002  0.000000000000000E+000
  2.000000000000000E-002  0.000000000000000E+000
  2.100000000000000E-002  0.000000000000000E+000
  2.200000000000000E-002  0.000000000000000E+000
  2.300000000000000E-002  0.000000000000000E+000
  2.400000000000000E-002  0.000000000000000E+000
  2.500000000000000E-002  0.000000000000000E+000
4
   108.424893750000     
10
42
10
42
 0
 0
  332.84950000
