 -2.500000000000000E-002  0.000000000000000E+000
 -2.400000000000000E-002  0.000000000000000E+000
 -2.300000000000000E-002  0.000000000000000E+000
 -2.200000000000000E-002  0.000000000000000E+000
 -2.100000000000000E-002  0.000000000000000E+000
 -2.000000000000000E-002  0.000000000000000E+000
 -1.900000000000000E-002  4.722831215904433E-003
 -1.800000000000000E-002  4.853489741670190E-002
 -1.700000000000000E-002  1.333757661148584E-002
 -1.600000000000000E-002  7.764432630018110E-002
 -1.500000000000000E-002  0.153844082443444     
 -1.400000000000000E-002  0.129254568766413     
 -1.300000000000000E-002  5.095497570741521E-002
 -1.200000000000000E-002  5.154996751421109E-002
 -1.100000000000000E-002  9.714518029145588E-002
 -1.000000000000000E-002  0.382936543113936     
 -9.000000000000001E-003  0.386133336452152     
 -8.000000000000000E-003   1.31442661826058     
 -6.999999999999999E-003   9.28051997853751     
 -6.000000000000002E-003   11.1627208496759     
 -5.000000000000001E-003   7.89329340402961     
 -4.000000000000000E-003   5.99517938571452     
 -3.000000000000003E-003   7.59142704008951     
 -2.000000000000002E-003   7.05452231012411     
 -1.000000000000001E-003   10.4429737270967     
  0.000000000000000E+000   6.71446552199982     
  1.000000000000001E-003   11.6396595757505     
  1.999999999999998E-003   9.01262446304436     
  2.999999999999999E-003   13.5831780368132     
  4.000000000000000E-003   11.7584546655158     
  4.999999999999998E-003   8.94402743394842     
  5.999999999999998E-003   1.75623278735318     
  6.999999999999999E-003   1.40262161332439     
  8.000000000000000E-003   2.17185595152204     
  9.000000000000001E-003  0.791688118522456     
  1.000000000000000E-002  0.953066720701029     
  1.100000000000000E-002   1.89652288323942     
  1.200000000000000E-002  0.307726506336137     
  1.300000000000000E-002  2.558171483448836E-002
  1.400000000000000E-002  0.000000000000000E+000
  1.500000000000000E-002  0.000000000000000E+000
  1.600000000000000E-002  0.000000000000000E+000
  1.700000000000000E-002  0.000000000000000E+000
  1.800000000000000E-002  0.000000000000000E+000
  1.900000000000000E-002  0.000000000000000E+000
  2.000000000000000E-002  0.000000000000000E+000
  2.100000000000000E-002  0.000000000000000E+000
  2.200000000000000E-002  0.000000000000000E+000
  2.300000000000000E-002  0.000000000000000E+000
  2.400000000000000E-002  0.000000000000000E+000
  2.500000000000000E-002  0.000000000000000E+000
 -2.500000000000000E-002  0.000000000000000E+000
 -2.400000000000000E-002  0.000000000000000E+000
 -2.300000000000000E-002  0.000000000000000E+000
 -2.200000000000000E-002  0.000000000000000E+000
 -2.100000000000000E-002  0.000000000000000E+000
 -2.000000000000000E-002  0.000000000000000E+000
 -1.900000000000000E-002  0.183209493486247     
 -1.800000000000000E-002   1.27545555134837     
 -1.700000000000000E-002  0.241229649921287     
 -1.600000000000000E-002  0.980617841395497     
 -1.500000000000000E-002   1.37437449142104     
 -1.400000000000000E-002  0.825814690891701     
 -1.300000000000000E-002  0.234885023074308     
 -1.200000000000000E-002  0.172515737631062     
 -1.100000000000000E-002  0.236774485059431     
 -1.000000000000000E-002  0.679454613740149     
 -9.000000000000001E-003  0.413317591428947     
 -8.000000000000000E-003  8.721904335023192E-002
 -6.999999999999999E-003  1.559915962869966E-002
 -6.000000000000002E-003  3.483233828090489E-002
 -5.000000000000001E-003  3.503205362820739E-003
 -4.000000000000000E-003  0.000000000000000E+000
 -3.000000000000003E-003  0.000000000000000E+000
 -2.000000000000002E-003  0.000000000000000E+000
 -1.000000000000001E-003  0.000000000000000E+000
  0.000000000000000E+000  0.000000000000000E+000
  1.000000000000001E-003  1.643982340326342E-003
  1.999999999999998E-003  1.175003077095673E-002
  2.999999999999999E-003  0.115408744475081     
  4.000000000000000E-003  0.163549192647282     
  4.999999999999998E-003  0.695125131528348     
  5.999999999999998E-003  0.487046924060401     
  6.999999999999999E-003  0.619520962784551     
  8.000000000000000E-003  0.654013229423164     
  9.000000000000001E-003  2.842654123688588E-002
  1.000000000000000E-002  0.000000000000000E+000
  1.100000000000000E-002  0.000000000000000E+000
  1.200000000000000E-002  0.000000000000000E+000
  1.300000000000000E-002  0.000000000000000E+000
  1.400000000000000E-002  0.000000000000000E+000
  1.500000000000000E-002  0.000000000000000E+000
  1.600000000000000E-002  0.000000000000000E+000
  1.700000000000000E-002  0.000000000000000E+000
  1.800000000000000E-002  0.000000000000000E+000
  1.900000000000000E-002  0.000000000000000E+000
  2.000000000000000E-002  0.000000000000000E+000
  2.100000000000000E-002  0.000000000000000E+000
  2.200000000000000E-002  0.000000000000000E+000
  2.300000000000000E-002  0.000000000000000E+000
  2.400000000000000E-002  0.000000000000000E+000
  2.500000000000000E-002  0.000000000000000E+000
 -2.500000000000000E-002  0.000000000000000E+000
 -2.400000000000000E-002  0.000000000000000E+000
 -2.300000000000000E-002  0.000000000000000E+000
 -2.200000000000000E-002  0.000000000000000E+000
 -2.100000000000000E-002  0.000000000000000E+000
 -2.000000000000000E-002  0.000000000000000E+000
 -1.900000000000000E-002  0.000000000000000E+000
 -1.800000000000000E-002  0.000000000000000E+000
 -1.700000000000000E-002  0.000000000000000E+000
 -1.600000000000000E-002  0.000000000000000E+000
 -1.500000000000000E-002  0.000000000000000E+000
 -1.400000000000000E-002  0.000000000000000E+000
 -1.300000000000000E-002  0.000000000000000E+000
 -1.200000000000000E-002  0.000000000000000E+000
 -1.100000000000000E-002  0.000000000000000E+000
 -1.000000000000000E-002  0.000000000000000E+000
 -9.000000000000001E-003  0.000000000000000E+000
 -8.000000000000000E-003  0.000000000000000E+000
 -6.999999999999999E-003  0.000000000000000E+000
 -6.000000000000002E-003  0.000000000000000E+000
 -5.000000000000001E-003  0.000000000000000E+000
 -4.000000000000000E-003  0.000000000000000E+000
 -3.000000000000003E-003  0.000000000000000E+000
 -2.000000000000002E-003  0.000000000000000E+000
 -1.000000000000001E-003  0.000000000000000E+000
  0.000000000000000E+000  0.000000000000000E+000
  1.000000000000001E-003  1.250586254607108E-003
  1.999999999999998E-003  2.270167342014679E-004
  2.999999999999999E-003  7.470940232030437E-002
  4.000000000000000E-003  8.836119369969340E-002
  4.999999999999998E-003  0.143170379411066     
  5.999999999999998E-003  0.292542661846533     
  6.999999999999999E-003  0.290389512522710     
  8.000000000000000E-003   1.34716462921631     
  9.000000000000001E-003  0.989190456286733     
  1.000000000000000E-002   1.69105193073683     
  1.100000000000000E-002   4.62244475469810     
  1.200000000000000E-002   1.02982926642143     
  1.300000000000000E-002  0.117922962296786     
  1.400000000000000E-002  0.000000000000000E+000
  1.500000000000000E-002  0.000000000000000E+000
  1.600000000000000E-002  0.000000000000000E+000
  1.700000000000000E-002  0.000000000000000E+000
  1.800000000000000E-002  0.000000000000000E+000
  1.900000000000000E-002  0.000000000000000E+000
  2.000000000000000E-002  0.000000000000000E+000
  2.100000000000000E-002  0.000000000000000E+000
  2.200000000000000E-002  0.000000000000000E+000
  2.300000000000000E-002  0.000000000000000E+000
  2.400000000000000E-002  0.000000000000000E+000
  2.500000000000000E-002  0.000000000000000E+000
1
   92.6166200000000     
 7
39
 7
35
27
39
  146.51653000
