 -2.500000000000000E-002  0.000000000000000E+000
 -2.400000000000000E-002  0.000000000000000E+000
 -2.300000000000000E-002  0.000000000000000E+000
 -2.200000000000000E-002  0.000000000000000E+000
 -2.100000000000000E-002  0.000000000000000E+000
 -2.000000000000000E-002  0.000000000000000E+000
 -1.900000000000000E-002  0.000000000000000E+000
 -1.800000000000000E-002  0.000000000000000E+000
 -1.700000000000000E-002  0.000000000000000E+000
 -1.600000000000000E-002  2.380645574783751E-002
 -1.500000000000000E-002  0.127896998482301     
 -1.400000000000000E-002  0.114928104112293     
 -1.300000000000000E-002  0.109799364636521     
 -1.200000000000000E-002  0.209361043734267     
 -1.100000000000000E-002  0.341918597971310     
 -1.000000000000000E-002  0.348527826869530     
 -9.000000000000001E-003  0.221991106537878     
 -8.000000000000000E-003   1.09733542796302     
 -6.999999999999999E-003   1.73642020788167     
 -6.000000000000002E-003   9.07048851834294     
 -5.000000000000001E-003   15.8339472712102     
 -4.000000000000000E-003   16.9396321326376     
 -3.000000000000003E-003   14.4024194073400     
 -2.000000000000002E-003   11.4616331840891     
 -1.000000000000001E-003   10.4578814444197     
  0.000000000000000E+000   7.70001242685422     
  1.000000000000001E-003   8.06892574617497     
  1.999999999999998E-003   5.94065545494720     
  2.999999999999999E-003   10.4115524132736     
  4.000000000000000E-003   7.27959536424225     
  4.999999999999998E-003   8.73625807311630     
  5.999999999999998E-003   8.83095594861306     
  6.999999999999999E-003   8.35554148963786     
  8.000000000000000E-003   4.12863649946890     
  9.000000000000001E-003  0.507325818034131     
  1.000000000000000E-002  0.346707606383463     
  1.100000000000000E-002  0.269909826646560     
  1.200000000000000E-002  0.273531068971152     
  1.300000000000000E-002  0.214189236634977     
  1.400000000000000E-002  0.246579539774772     
  1.500000000000000E-002  7.918740652227647E-002
  1.600000000000000E-002  2.729761530717169E-002
  1.700000000000000E-002  0.000000000000000E+000
  1.800000000000000E-002  0.000000000000000E+000
  1.900000000000000E-002  0.000000000000000E+000
  2.000000000000000E-002  0.000000000000000E+000
  2.100000000000000E-002  0.000000000000000E+000
  2.200000000000000E-002  0.000000000000000E+000
  2.300000000000000E-002  0.000000000000000E+000
  2.400000000000000E-002  0.000000000000000E+000
  2.500000000000000E-002  0.000000000000000E+000
 -2.500000000000000E-002  0.000000000000000E+000
 -2.400000000000000E-002  0.000000000000000E+000
 -2.300000000000000E-002  0.000000000000000E+000
 -2.200000000000000E-002  0.000000000000000E+000
 -2.100000000000000E-002  0.000000000000000E+000
 -2.000000000000000E-002  0.000000000000000E+000
 -1.900000000000000E-002  0.000000000000000E+000
 -1.800000000000000E-002  0.000000000000000E+000
 -1.700000000000000E-002  0.000000000000000E+000
 -1.600000000000000E-002  0.300666337891419     
 -1.500000000000000E-002   1.14257480334356     
 -1.400000000000000E-002  0.734282104517180     
 -1.300000000000000E-002  0.506137544727362     
 -1.200000000000000E-002  0.700642049504090     
 -1.100000000000000E-002  0.833367128703760     
 -1.000000000000000E-002  0.618402302526850     
 -9.000000000000001E-003  0.261096685780574     
 -8.000000000000000E-003  0.165125927956867     
 -6.999999999999999E-003  9.973738006440730E-002
 -6.000000000000002E-003  0.100694306627911     
 -5.000000000000001E-003  4.277512603676310E-002
 -4.000000000000000E-003  9.723348569475709E-002
 -3.000000000000003E-003  1.975189191819540E-002
 -2.000000000000002E-003  0.000000000000000E+000
 -1.000000000000001E-003  2.740595379432459E-004
  0.000000000000000E+000  0.000000000000000E+000
  1.000000000000001E-003  1.623144859702771E-003
  1.999999999999998E-003  1.944267290959565E-002
  2.999999999999999E-003  5.352640779712883E-002
  4.000000000000000E-003  0.117264947948906     
  4.999999999999998E-003  9.259040005821018E-002
  5.999999999999998E-003  0.137089932794050     
  6.999999999999999E-003  0.242291892827032     
  8.000000000000000E-003  0.698969780522091     
  9.000000000000001E-003  0.611875385323680     
  1.000000000000000E-002  0.615172636334051     
  1.100000000000000E-002  0.657858269705022     
  1.200000000000000E-002  0.915391733575047     
  1.300000000000000E-002  0.987339177201366     
  1.400000000000000E-002   1.57541051246952     
  1.500000000000000E-002  0.707425010032567     
  1.600000000000000E-002  0.344758334231319     
  1.700000000000000E-002  0.000000000000000E+000
  1.800000000000000E-002  0.000000000000000E+000
  1.900000000000000E-002  0.000000000000000E+000
  2.000000000000000E-002  0.000000000000000E+000
  2.100000000000000E-002  0.000000000000000E+000
  2.200000000000000E-002  0.000000000000000E+000
  2.300000000000000E-002  0.000000000000000E+000
  2.400000000000000E-002  0.000000000000000E+000
  2.500000000000000E-002  0.000000000000000E+000
 -2.500000000000000E-002  0.000000000000000E+000
 -2.400000000000000E-002  0.000000000000000E+000
 -2.300000000000000E-002  0.000000000000000E+000
 -2.200000000000000E-002  0.000000000000000E+000
 -2.100000000000000E-002  0.000000000000000E+000
 -2.000000000000000E-002  0.000000000000000E+000
 -1.900000000000000E-002  0.000000000000000E+000
 -1.800000000000000E-002  0.000000000000000E+000
 -1.700000000000000E-002  0.000000000000000E+000
 -1.600000000000000E-002  0.000000000000000E+000
 -1.500000000000000E-002  0.000000000000000E+000
 -1.400000000000000E-002  0.000000000000000E+000
 -1.300000000000000E-002  0.000000000000000E+000
 -1.200000000000000E-002  0.000000000000000E+000
 -1.100000000000000E-002  0.000000000000000E+000
 -1.000000000000000E-002  0.000000000000000E+000
 -9.000000000000001E-003  0.000000000000000E+000
 -8.000000000000000E-003  0.000000000000000E+000
 -6.999999999999999E-003  0.000000000000000E+000
 -6.000000000000002E-003  0.000000000000000E+000
 -5.000000000000001E-003  0.000000000000000E+000
 -4.000000000000000E-003  0.000000000000000E+000
 -3.000000000000003E-003  0.000000000000000E+000
 -2.000000000000002E-003  0.000000000000000E+000
 -1.000000000000001E-003  0.000000000000000E+000
  0.000000000000000E+000  0.000000000000000E+000
  1.000000000000001E-003  0.000000000000000E+000
  1.999999999999998E-003  0.000000000000000E+000
  2.999999999999999E-003  0.000000000000000E+000
  4.000000000000000E-003  0.000000000000000E+000
  4.999999999999998E-003  0.000000000000000E+000
  5.999999999999998E-003  0.000000000000000E+000
  6.999999999999999E-003  0.000000000000000E+000
  8.000000000000000E-003  0.000000000000000E+000
  9.000000000000001E-003  0.000000000000000E+000
  1.000000000000000E-002  0.000000000000000E+000
  1.100000000000000E-002  0.000000000000000E+000
  1.200000000000000E-002  0.000000000000000E+000
  1.300000000000000E-002  0.000000000000000E+000
  1.400000000000000E-002  0.000000000000000E+000
  1.500000000000000E-002  0.000000000000000E+000
  1.600000000000000E-002  0.000000000000000E+000
  1.700000000000000E-002  0.000000000000000E+000
  1.800000000000000E-002  0.000000000000000E+000
  1.900000000000000E-002  0.000000000000000E+000
  2.000000000000000E-002  0.000000000000000E+000
  2.100000000000000E-002  0.000000000000000E+000
  2.200000000000000E-002  0.000000000000000E+000
  2.300000000000000E-002  0.000000000000000E+000
  2.400000000000000E-002  0.000000000000000E+000
  2.500000000000000E-002  0.000000000000000E+000
4
   105.116070000000     
10
42
10
42
 0
 0
  163.55564000
