 -2.500000000000000E-002  0.000000000000000E+000
 -2.400000000000000E-002  0.000000000000000E+000
 -2.300000000000000E-002  0.000000000000000E+000
 -2.200000000000000E-002  0.000000000000000E+000
 -2.100000000000000E-002  0.000000000000000E+000
 -2.000000000000000E-002  0.000000000000000E+000
 -1.900000000000000E-002  0.000000000000000E+000
 -1.800000000000000E-002  1.759251234105990E-002
 -1.700000000000000E-002  6.714316763545529E-002
 -1.600000000000000E-002  1.370055882775213E-002
 -1.500000000000000E-002  0.145577280967636     
 -1.400000000000000E-002  0.176725898396731     
 -1.300000000000000E-002  0.129615738783047     
 -1.200000000000000E-002  5.108807491361254E-002
 -1.100000000000000E-002  8.007522201448428E-002
 -1.000000000000000E-002  0.177959981761065     
 -9.000000000000001E-003  0.495086249342834     
 -8.000000000000000E-003  0.466956495911540     
 -6.999999999999999E-003   1.33848714302381     
 -6.000000000000002E-003   5.14466398662111     
 -5.000000000000001E-003   6.01378237024592     
 -4.000000000000000E-003   24.8681781240997     
 -3.000000000000003E-003   48.5239586911147     
 -2.000000000000002E-003   60.4838294164160     
 -1.000000000000001E-003   52.8238633843822     
  0.000000000000000E+000   44.0635909880726     
  1.000000000000001E-003   32.5902678476573     
  1.999999999999998E-003   30.4344051372273     
  2.999999999999999E-003   14.5715603101167     
  4.000000000000000E-003   17.0540015181488     
  4.999999999999998E-003   12.7598405152001     
  5.999999999999998E-003   8.39754118596262     
  6.999999999999999E-003   6.27584657536338     
  8.000000000000000E-003   3.92590310138344     
  9.000000000000001E-003   1.36957956775148     
  1.000000000000000E-002   1.63362550931012     
  1.100000000000000E-002   1.59095664727642     
  1.200000000000000E-002  0.546910676855815     
  1.300000000000000E-002  5.136396363509128E-002
  1.400000000000000E-002  0.000000000000000E+000
  1.500000000000000E-002  0.000000000000000E+000
  1.600000000000000E-002  0.000000000000000E+000
  1.700000000000000E-002  0.000000000000000E+000
  1.800000000000000E-002  0.000000000000000E+000
  1.900000000000000E-002  0.000000000000000E+000
  2.000000000000000E-002  0.000000000000000E+000
  2.100000000000000E-002  0.000000000000000E+000
  2.200000000000000E-002  0.000000000000000E+000
  2.300000000000000E-002  0.000000000000000E+000
  2.400000000000000E-002  0.000000000000000E+000
  2.500000000000000E-002  0.000000000000000E+000
 -2.500000000000000E-002  0.000000000000000E+000
 -2.400000000000000E-002  0.000000000000000E+000
 -2.300000000000000E-002  0.000000000000000E+000
 -2.200000000000000E-002  0.000000000000000E+000
 -2.100000000000000E-002  0.000000000000000E+000
 -2.000000000000000E-002  0.000000000000000E+000
 -1.900000000000000E-002  0.000000000000000E+000
 -1.800000000000000E-002  0.462316162634931     
 -1.700000000000000E-002   1.21438273946700     
 -1.600000000000000E-002  0.173032764450053     
 -1.500000000000000E-002   1.30052257008913     
 -1.400000000000000E-002   1.12911167899064     
 -1.300000000000000E-002  0.597484256879332     
 -1.200000000000000E-002  0.170969980251552     
 -1.100000000000000E-002  0.195169429935853     
 -1.000000000000000E-002  0.315759184760522     
 -9.000000000000001E-003  0.636372039423494     
 -8.000000000000000E-003  0.269884955776574     
 -6.999999999999999E-003  2.907196250681235E-002
 -6.000000000000002E-003  1.497742232409939E-002
 -5.000000000000001E-003  2.067491352156751E-002
 -4.000000000000000E-003  0.000000000000000E+000
 -3.000000000000003E-003  0.000000000000000E+000
 -2.000000000000002E-003  0.000000000000000E+000
 -1.000000000000001E-003  0.000000000000000E+000
  0.000000000000000E+000  0.000000000000000E+000
  1.000000000000001E-003  2.423150295202077E-003
  1.999999999999998E-003  7.821449386785131E-003
  2.999999999999999E-003  0.113793580996555     
  4.000000000000000E-003  0.208491867819056     
  4.999999999999998E-003  0.530003791728890     
  5.999999999999998E-003  0.522022725691481     
  6.999999999999999E-003  0.151687863583796     
  8.000000000000000E-003   1.22617122301537     
  9.000000000000001E-003   1.15361784237594     
  1.000000000000000E-002  0.264687997324658     
  1.100000000000000E-002  0.000000000000000E+000
  1.200000000000000E-002  0.000000000000000E+000
  1.300000000000000E-002  0.000000000000000E+000
  1.400000000000000E-002  0.000000000000000E+000
  1.500000000000000E-002  0.000000000000000E+000
  1.600000000000000E-002  0.000000000000000E+000
  1.700000000000000E-002  0.000000000000000E+000
  1.800000000000000E-002  0.000000000000000E+000
  1.900000000000000E-002  0.000000000000000E+000
  2.000000000000000E-002  0.000000000000000E+000
  2.100000000000000E-002  0.000000000000000E+000
  2.200000000000000E-002  0.000000000000000E+000
  2.300000000000000E-002  0.000000000000000E+000
  2.400000000000000E-002  0.000000000000000E+000
  2.500000000000000E-002  0.000000000000000E+000
 -2.500000000000000E-002  0.000000000000000E+000
 -2.400000000000000E-002  0.000000000000000E+000
 -2.300000000000000E-002  0.000000000000000E+000
 -2.200000000000000E-002  0.000000000000000E+000
 -2.100000000000000E-002  0.000000000000000E+000
 -2.000000000000000E-002  0.000000000000000E+000
 -1.900000000000000E-002  0.000000000000000E+000
 -1.800000000000000E-002  0.000000000000000E+000
 -1.700000000000000E-002  0.000000000000000E+000
 -1.600000000000000E-002  0.000000000000000E+000
 -1.500000000000000E-002  0.000000000000000E+000
 -1.400000000000000E-002  0.000000000000000E+000
 -1.300000000000000E-002  0.000000000000000E+000
 -1.200000000000000E-002  0.000000000000000E+000
 -1.100000000000000E-002  0.000000000000000E+000
 -1.000000000000000E-002  0.000000000000000E+000
 -9.000000000000001E-003  0.000000000000000E+000
 -8.000000000000000E-003  0.000000000000000E+000
 -6.999999999999999E-003  0.000000000000000E+000
 -6.000000000000002E-003  0.000000000000000E+000
 -5.000000000000001E-003  0.000000000000000E+000
 -4.000000000000000E-003  0.000000000000000E+000
 -3.000000000000003E-003  0.000000000000000E+000
 -2.000000000000002E-003  0.000000000000000E+000
 -1.000000000000001E-003  0.000000000000000E+000
  0.000000000000000E+000  0.000000000000000E+000
  1.000000000000001E-003  7.380118490934957E-004
  1.999999999999998E-003  2.225505430723824E-003
  2.999999999999999E-003  3.641539526708714E-002
  4.000000000000000E-003  0.122282521098553     
  4.999999999999998E-003  0.204277734528548     
  5.999999999999998E-003  0.195513694128042     
  6.999999999999999E-003  0.172094887312212     
  8.000000000000000E-003   1.24861103252324     
  9.000000000000001E-003  0.606807020644693     
  1.000000000000000E-002   2.63389770671485     
  1.100000000000000E-002   3.87768018732975     
  1.200000000000000E-002   1.83027659154342     
  1.300000000000000E-002  0.236770317640650     
  1.400000000000000E-002  0.000000000000000E+000
  1.500000000000000E-002  0.000000000000000E+000
  1.600000000000000E-002  0.000000000000000E+000
  1.700000000000000E-002  0.000000000000000E+000
  1.800000000000000E-002  0.000000000000000E+000
  1.900000000000000E-002  0.000000000000000E+000
  2.000000000000000E-002  0.000000000000000E+000
  2.100000000000000E-002  0.000000000000000E+000
  2.200000000000000E-002  0.000000000000000E+000
  2.300000000000000E-002  0.000000000000000E+000
  2.400000000000000E-002  0.000000000000000E+000
  2.500000000000000E-002  0.000000000000000E+000
1
   104.709119047619     
 8
39
 8
36
27
39
  408.50047000
