 -2.500000000000000E-002  0.000000000000000E+000
 -2.400000000000000E-002  0.000000000000000E+000
 -2.300000000000000E-002  0.000000000000000E+000
 -2.200000000000000E-002  0.000000000000000E+000
 -2.100000000000000E-002  0.000000000000000E+000
 -2.000000000000000E-002  0.000000000000000E+000
 -1.900000000000000E-002  2.597196455709967E-003
 -1.800000000000000E-002  4.461267570486038E-002
 -1.700000000000000E-002  2.337498908822928E-002
 -1.600000000000000E-002  5.324467712850276E-002
 -1.500000000000000E-002  0.158360608491995     
 -1.400000000000000E-002  0.152830596143491     
 -1.300000000000000E-002  6.718324698256410E-002
 -1.200000000000000E-002  4.241309209807400E-002
 -1.100000000000000E-002  9.490724332611002E-002
 -1.000000000000000E-002  0.315978617773057     
 -9.000000000000001E-003  0.391031483056708     
 -8.000000000000000E-003  0.616462232791631     
 -6.999999999999999E-003   4.46875839731316     
 -6.000000000000002E-003   10.4467540094548     
 -5.000000000000001E-003   12.7819108082157     
 -4.000000000000000E-003   10.9288337678194     
 -3.000000000000003E-003   8.54643387144462     
 -2.000000000000002E-003   9.73131292948394     
 -1.000000000000001E-003   14.9177979650480     
  0.000000000000000E+000   13.8483164411030     
  1.000000000000001E-003   10.7492070088728     
  1.999999999999998E-003   11.0615407132296     
  2.999999999999999E-003   11.4388750513647     
  4.000000000000000E-003   12.9796454960004     
  4.999999999999998E-003   8.33743795191606     
  5.999999999999998E-003   2.31355718246182     
  6.999999999999999E-003   1.28212030037483     
  8.000000000000000E-003   1.87925965560523     
  9.000000000000001E-003   1.23017892164670     
  1.000000000000000E-002  0.568972104995878     
  1.100000000000000E-002   2.00850922406474     
  1.200000000000000E-002  0.483360139181348     
  1.300000000000000E-002  5.262269369785563E-002
  1.400000000000000E-002  0.000000000000000E+000
  1.500000000000000E-002  0.000000000000000E+000
  1.600000000000000E-002  0.000000000000000E+000
  1.700000000000000E-002  0.000000000000000E+000
  1.800000000000000E-002  0.000000000000000E+000
  1.900000000000000E-002  0.000000000000000E+000
  2.000000000000000E-002  0.000000000000000E+000
  2.100000000000000E-002  0.000000000000000E+000
  2.200000000000000E-002  0.000000000000000E+000
  2.300000000000000E-002  0.000000000000000E+000
  2.400000000000000E-002  0.000000000000000E+000
  2.500000000000000E-002  0.000000000000000E+000
 -2.500000000000000E-002  0.000000000000000E+000
 -2.400000000000000E-002  0.000000000000000E+000
 -2.300000000000000E-002  0.000000000000000E+000
 -2.200000000000000E-002  0.000000000000000E+000
 -2.100000000000000E-002  0.000000000000000E+000
 -2.000000000000000E-002  0.000000000000000E+000
 -1.900000000000000E-002  0.100751228528453     
 -1.800000000000000E-002   1.17238292273979     
 -1.700000000000000E-002  0.422770987482957     
 -1.600000000000000E-002  0.672459699755690     
 -1.500000000000000E-002   1.41472312292105     
 -1.400000000000000E-002  0.976443252393782     
 -1.300000000000000E-002  0.309691807299009     
 -1.200000000000000E-002  0.141938515606170     
 -1.100000000000000E-002  0.231319902845723     
 -1.000000000000000E-002  0.560649364887751     
 -9.000000000000001E-003  0.459611113859999     
 -8.000000000000000E-003  0.160192943539017     
 -6.999999999999999E-003  2.375658698440088E-002
 -6.000000000000002E-003  2.391561925207054E-002
 -5.000000000000001E-003  1.154365511488714E-002
 -4.000000000000000E-003  0.000000000000000E+000
 -3.000000000000003E-003  0.000000000000000E+000
 -2.000000000000002E-003  0.000000000000000E+000
 -1.000000000000001E-003  0.000000000000000E+000
  0.000000000000000E+000  0.000000000000000E+000
  1.000000000000001E-003  2.517420953138888E-003
  1.999999999999998E-003  4.547618764544332E-003
  2.999999999999999E-003  0.106808735247816     
  4.000000000000000E-003  0.171173768536073     
  4.999999999999998E-003  0.530724934588104     
  5.999999999999998E-003  0.722516550495993     
  6.999999999999999E-003  0.574674555298832     
  8.000000000000000E-003  0.716607746946453     
  9.000000000000001E-003  0.149845241132663     
  1.000000000000000E-002  0.000000000000000E+000
  1.100000000000000E-002  0.000000000000000E+000
  1.200000000000000E-002  0.000000000000000E+000
  1.300000000000000E-002  0.000000000000000E+000
  1.400000000000000E-002  0.000000000000000E+000
  1.500000000000000E-002  0.000000000000000E+000
  1.600000000000000E-002  0.000000000000000E+000
  1.700000000000000E-002  0.000000000000000E+000
  1.800000000000000E-002  0.000000000000000E+000
  1.900000000000000E-002  0.000000000000000E+000
  2.000000000000000E-002  0.000000000000000E+000
  2.100000000000000E-002  0.000000000000000E+000
  2.200000000000000E-002  0.000000000000000E+000
  2.300000000000000E-002  0.000000000000000E+000
  2.400000000000000E-002  0.000000000000000E+000
  2.500000000000000E-002  0.000000000000000E+000
 -2.500000000000000E-002  0.000000000000000E+000
 -2.400000000000000E-002  0.000000000000000E+000
 -2.300000000000000E-002  0.000000000000000E+000
 -2.200000000000000E-002  0.000000000000000E+000
 -2.100000000000000E-002  0.000000000000000E+000
 -2.000000000000000E-002  0.000000000000000E+000
 -1.900000000000000E-002  0.000000000000000E+000
 -1.800000000000000E-002  0.000000000000000E+000
 -1.700000000000000E-002  0.000000000000000E+000
 -1.600000000000000E-002  0.000000000000000E+000
 -1.500000000000000E-002  0.000000000000000E+000
 -1.400000000000000E-002  0.000000000000000E+000
 -1.300000000000000E-002  0.000000000000000E+000
 -1.200000000000000E-002  0.000000000000000E+000
 -1.100000000000000E-002  0.000000000000000E+000
 -1.000000000000000E-002  0.000000000000000E+000
 -9.000000000000001E-003  0.000000000000000E+000
 -8.000000000000000E-003  0.000000000000000E+000
 -6.999999999999999E-003  0.000000000000000E+000
 -6.000000000000002E-003  0.000000000000000E+000
 -5.000000000000001E-003  0.000000000000000E+000
 -4.000000000000000E-003  0.000000000000000E+000
 -3.000000000000003E-003  0.000000000000000E+000
 -2.000000000000002E-003  0.000000000000000E+000
 -1.000000000000001E-003  0.000000000000000E+000
  0.000000000000000E+000  0.000000000000000E+000
  1.000000000000001E-003  8.922697659478819E-004
  1.999999999999998E-003  1.646602751541165E-003
  2.999999999999999E-003  5.226231861057551E-002
  4.000000000000000E-003  0.109441916936607     
  4.999999999999998E-003  0.109485596219728     
  5.999999999999998E-003  0.301626113509262     
  6.999999999999999E-003  0.257064155150759     
  8.000000000000000E-003   1.01496787195962     
  9.000000000000001E-003   1.43139736106695     
  1.000000000000000E-002   1.00954251763293     
  1.100000000000000E-002   4.89539198793245     
  1.200000000000000E-002   1.61760006792119     
  1.300000000000000E-002  0.242572633032466     
  1.400000000000000E-002  0.000000000000000E+000
  1.500000000000000E-002  0.000000000000000E+000
  1.600000000000000E-002  0.000000000000000E+000
  1.700000000000000E-002  0.000000000000000E+000
  1.800000000000000E-002  0.000000000000000E+000
  1.900000000000000E-002  0.000000000000000E+000
  2.000000000000000E-002  0.000000000000000E+000
  2.100000000000000E-002  0.000000000000000E+000
  2.200000000000000E-002  0.000000000000000E+000
  2.300000000000000E-002  0.000000000000000E+000
  2.400000000000000E-002  0.000000000000000E+000
  2.500000000000000E-002  0.000000000000000E+000
1
   94.7153181818182     
 7
39
 7
35
27
39
  168.78169000
