 -2.500000000000000E-002  0.000000000000000E+000
 -2.400000000000000E-002  0.000000000000000E+000
 -2.300000000000000E-002  0.000000000000000E+000
 -2.200000000000000E-002  0.000000000000000E+000
 -2.100000000000000E-002  0.000000000000000E+000
 -2.000000000000000E-002  0.000000000000000E+000
 -1.900000000000000E-002  0.000000000000000E+000
 -1.800000000000000E-002  0.000000000000000E+000
 -1.700000000000000E-002  0.000000000000000E+000
 -1.600000000000000E-002  0.000000000000000E+000
 -1.500000000000000E-002  0.000000000000000E+000
 -1.400000000000000E-002  0.000000000000000E+000
 -1.300000000000000E-002  0.000000000000000E+000
 -1.200000000000000E-002  0.000000000000000E+000
 -1.100000000000000E-002  0.000000000000000E+000
 -1.000000000000000E-002  3.597152019467226E-002
 -9.000000000000001E-003  0.276831145568497     
 -8.000000000000000E-003  0.422276778546523     
 -6.999999999999999E-003  0.631944619299127     
 -6.000000000000002E-003  0.846679812741175     
 -5.000000000000001E-003  0.720315938754491     
 -4.000000000000000E-003   8.81255736258532     
 -3.000000000000003E-003   24.3657200850393     
 -2.000000000000002E-003   25.2301044618988     
 -1.000000000000001E-003   24.0183945213276     
  0.000000000000000E+000   16.5972747159535     
  1.000000000000001E-003   15.3370381560592     
  1.999999999999998E-003   20.6549582860919     
  2.999999999999999E-003   14.0256216224542     
  4.000000000000000E-003   2.45452350393889     
  4.999999999999998E-003   1.44809103115220     
  5.999999999999998E-003   1.09919498116390     
  6.999999999999999E-003  0.649625281900620     
  8.000000000000000E-003  0.358625480024639     
  9.000000000000001E-003  0.314870922001200     
  1.000000000000000E-002  0.748854689335168     
  1.100000000000000E-002  0.507857958026023     
  1.200000000000000E-002  0.107824678425537     
  1.300000000000000E-002  6.178028370365839E-002
  1.400000000000000E-002  2.977165018411721E-002
  1.500000000000000E-002  5.868726161382472E-002
  1.600000000000000E-002  4.019272012133898E-002
  1.700000000000000E-002  1.665231534427536E-002
  1.800000000000000E-002  1.843044657747364E-002
  1.900000000000000E-002  1.557799530804371E-002
  2.000000000000000E-002  2.947614454090010E-003
  2.100000000000000E-002  2.204812780825137E-004
  2.200000000000000E-002  0.000000000000000E+000
  2.300000000000000E-002  0.000000000000000E+000
  2.400000000000000E-002  0.000000000000000E+000
  2.500000000000000E-002  0.000000000000000E+000
 -2.500000000000000E-002  0.000000000000000E+000
 -2.400000000000000E-002  0.000000000000000E+000
 -2.300000000000000E-002  0.000000000000000E+000
 -2.200000000000000E-002  0.000000000000000E+000
 -2.100000000000000E-002  0.000000000000000E+000
 -2.000000000000000E-002  0.000000000000000E+000
 -1.900000000000000E-002  0.000000000000000E+000
 -1.800000000000000E-002  0.000000000000000E+000
 -1.700000000000000E-002  0.000000000000000E+000
 -1.600000000000000E-002  0.000000000000000E+000
 -1.500000000000000E-002  0.000000000000000E+000
 -1.400000000000000E-002  0.000000000000000E+000
 -1.300000000000000E-002  0.000000000000000E+000
 -1.200000000000000E-002  0.000000000000000E+000
 -1.100000000000000E-002  0.000000000000000E+000
 -1.000000000000000E-002  0.000000000000000E+000
 -9.000000000000001E-003  0.000000000000000E+000
 -8.000000000000000E-003  0.000000000000000E+000
 -6.999999999999999E-003  0.000000000000000E+000
 -6.000000000000002E-003  0.000000000000000E+000
 -5.000000000000001E-003  0.000000000000000E+000
 -4.000000000000000E-003  0.000000000000000E+000
 -3.000000000000003E-003  0.000000000000000E+000
 -2.000000000000002E-003  0.000000000000000E+000
 -1.000000000000001E-003  0.000000000000000E+000
  0.000000000000000E+000  0.000000000000000E+000
  1.000000000000001E-003  0.000000000000000E+000
  1.999999999999998E-003  0.000000000000000E+000
  2.999999999999999E-003  0.000000000000000E+000
  4.000000000000000E-003  0.000000000000000E+000
  4.999999999999998E-003  0.000000000000000E+000
  5.999999999999998E-003  0.000000000000000E+000
  6.999999999999999E-003  0.000000000000000E+000
  8.000000000000000E-003  0.000000000000000E+000
  9.000000000000001E-003  0.000000000000000E+000
  1.000000000000000E-002  0.000000000000000E+000
  1.100000000000000E-002  0.000000000000000E+000
  1.200000000000000E-002  0.000000000000000E+000
  1.300000000000000E-002  0.000000000000000E+000
  1.400000000000000E-002  0.000000000000000E+000
  1.500000000000000E-002  0.000000000000000E+000
  1.600000000000000E-002  0.000000000000000E+000
  1.700000000000000E-002  0.000000000000000E+000
  1.800000000000000E-002  0.000000000000000E+000
  1.900000000000000E-002  0.000000000000000E+000
  2.000000000000000E-002  0.000000000000000E+000
  2.100000000000000E-002  0.000000000000000E+000
  2.200000000000000E-002  0.000000000000000E+000
  2.300000000000000E-002  0.000000000000000E+000
  2.400000000000000E-002  0.000000000000000E+000
  2.500000000000000E-002  0.000000000000000E+000
 -2.500000000000000E-002  0.000000000000000E+000
 -2.400000000000000E-002  0.000000000000000E+000
 -2.300000000000000E-002  0.000000000000000E+000
 -2.200000000000000E-002  0.000000000000000E+000
 -2.100000000000000E-002  0.000000000000000E+000
 -2.000000000000000E-002  0.000000000000000E+000
 -1.900000000000000E-002  0.000000000000000E+000
 -1.800000000000000E-002  0.000000000000000E+000
 -1.700000000000000E-002  0.000000000000000E+000
 -1.600000000000000E-002  0.000000000000000E+000
 -1.500000000000000E-002  0.000000000000000E+000
 -1.400000000000000E-002  0.000000000000000E+000
 -1.300000000000000E-002  0.000000000000000E+000
 -1.200000000000000E-002  0.000000000000000E+000
 -1.100000000000000E-002  0.000000000000000E+000
 -1.000000000000000E-002  6.382523631923279E-002
 -9.000000000000001E-003  0.355832142207964     
 -8.000000000000000E-003  0.389091614871001     
 -6.999999999999999E-003  0.409955916443839     
 -6.000000000000002E-003  0.375840133132600     
 -5.000000000000001E-003  0.170616195146954     
 -4.000000000000000E-003  9.945220177602328E-002
 -3.000000000000003E-003  2.075074388133230E-002
 -2.000000000000002E-003  1.246950796698365E-002
 -1.000000000000001E-003  3.955034300487952E-003
  0.000000000000000E+000  0.000000000000000E+000
  1.000000000000001E-003  0.000000000000000E+000
  1.999999999999998E-003  0.000000000000000E+000
  2.999999999999999E-003  9.324960241839876E-003
  4.000000000000000E-003  6.247960893643216E-003
  4.999999999999998E-003  2.079870018204851E-002
  5.999999999999998E-003  4.608634073601809E-002
  6.999999999999999E-003  0.000000000000000E+000
  8.000000000000000E-003  0.000000000000000E+000
  9.000000000000001E-003  0.193962278498373     
  1.000000000000000E-002  0.623754300752711     
  1.100000000000000E-002  2.641724336826972E-002
  1.200000000000000E-002  1.801193679830234E-002
  1.300000000000000E-002  0.284785993159827     
  1.400000000000000E-002  0.190212743184064     
  1.500000000000000E-002  0.524285848713388     
  1.600000000000000E-002  0.507618525696563     
  1.700000000000000E-002  0.301181565279190     
  1.800000000000000E-002  0.484336356977218     
  1.900000000000000E-002  0.604306294137014     
  2.000000000000000E-002  0.171675293387450     
  2.100000000000000E-002  1.962661088037806E-002
  2.200000000000000E-002  0.000000000000000E+000
  2.300000000000000E-002  0.000000000000000E+000
  2.400000000000000E-002  0.000000000000000E+000
  2.500000000000000E-002  0.000000000000000E+000
4
   106.359350000000     
16
47
 0
 0
16
47
  164.80883000
