 -2.500000000000000E-002  0.000000000000000E+000
 -2.400000000000000E-002  0.000000000000000E+000
 -2.300000000000000E-002  0.000000000000000E+000
 -2.200000000000000E-002  0.000000000000000E+000
 -2.100000000000000E-002  0.000000000000000E+000
 -2.000000000000000E-002  0.000000000000000E+000
 -1.900000000000000E-002  0.000000000000000E+000
 -1.800000000000000E-002  0.000000000000000E+000
 -1.700000000000000E-002  0.000000000000000E+000
 -1.600000000000000E-002  0.000000000000000E+000
 -1.500000000000000E-002  9.153433565623817E-002
 -1.400000000000000E-002  0.180047167446084     
 -1.300000000000000E-002  0.171549390525565     
 -1.200000000000000E-002  0.302681914429664     
 -1.100000000000000E-002  0.353128066778916     
 -1.000000000000000E-002  0.198237180574836     
 -9.000000000000001E-003  5.200808602281315E-002
 -8.000000000000000E-003  0.850583779657587     
 -6.999999999999999E-003   6.76378935085531     
 -6.000000000000002E-003   8.65014341016403     
 -5.000000000000001E-003   9.75267390106957     
 -4.000000000000000E-003   7.33091796755484     
 -3.000000000000003E-003   5.71944688238140     
 -2.000000000000002E-003   9.56979589762983     
 -1.000000000000001E-003   6.42106600979641     
  0.000000000000000E+000   2.79152894309056     
  1.000000000000001E-003   1.99910161544241     
  1.999999999999998E-003   2.21471796416968     
  2.999999999999999E-003   3.62575593870070     
  4.000000000000000E-003   1.83315540033672     
  4.999999999999998E-003  0.613856425163704     
  5.999999999999998E-003  0.414153761047145     
  6.999999999999999E-003   1.45755910269381     
  8.000000000000000E-003  0.928967974514312     
  9.000000000000001E-003  0.559548609608188     
  1.000000000000000E-002  0.226058315299251     
  1.100000000000000E-002  0.537639640931856     
  1.200000000000000E-002  0.476354386765870     
  1.300000000000000E-002   1.10566327251023     
  1.400000000000000E-002  0.584371813215307     
  1.500000000000000E-002  0.287186721750415     
  1.600000000000000E-002  4.412344928735372E-002
  1.700000000000000E-002  0.000000000000000E+000
  1.800000000000000E-002  0.000000000000000E+000
  1.900000000000000E-002  0.000000000000000E+000
  2.000000000000000E-002  0.000000000000000E+000
  2.100000000000000E-002  0.000000000000000E+000
  2.200000000000000E-002  0.000000000000000E+000
  2.300000000000000E-002  0.000000000000000E+000
  2.400000000000000E-002  0.000000000000000E+000
  2.500000000000000E-002  0.000000000000000E+000
 -2.500000000000000E-002  0.000000000000000E+000
 -2.400000000000000E-002  0.000000000000000E+000
 -2.300000000000000E-002  0.000000000000000E+000
 -2.200000000000000E-002  0.000000000000000E+000
 -2.100000000000000E-002  0.000000000000000E+000
 -2.000000000000000E-002  0.000000000000000E+000
 -1.900000000000000E-002  0.000000000000000E+000
 -1.800000000000000E-002  0.000000000000000E+000
 -1.700000000000000E-002  0.000000000000000E+000
 -1.600000000000000E-002  0.000000000000000E+000
 -1.500000000000000E-002  0.000000000000000E+000
 -1.400000000000000E-002  0.000000000000000E+000
 -1.300000000000000E-002  0.000000000000000E+000
 -1.200000000000000E-002  0.000000000000000E+000
 -1.100000000000000E-002  0.000000000000000E+000
 -1.000000000000000E-002  0.000000000000000E+000
 -9.000000000000001E-003  0.000000000000000E+000
 -8.000000000000000E-003  0.000000000000000E+000
 -6.999999999999999E-003  0.000000000000000E+000
 -6.000000000000002E-003  0.000000000000000E+000
 -5.000000000000001E-003  0.000000000000000E+000
 -4.000000000000000E-003  0.000000000000000E+000
 -3.000000000000003E-003  0.000000000000000E+000
 -2.000000000000002E-003  0.000000000000000E+000
 -1.000000000000001E-003  0.000000000000000E+000
  0.000000000000000E+000  0.000000000000000E+000
  1.000000000000001E-003  0.000000000000000E+000
  1.999999999999998E-003  0.000000000000000E+000
  2.999999999999999E-003  0.000000000000000E+000
  4.000000000000000E-003  0.000000000000000E+000
  4.999999999999998E-003  0.000000000000000E+000
  5.999999999999998E-003  0.000000000000000E+000
  6.999999999999999E-003  0.000000000000000E+000
  8.000000000000000E-003  0.000000000000000E+000
  9.000000000000001E-003  0.000000000000000E+000
  1.000000000000000E-002  0.000000000000000E+000
  1.100000000000000E-002  0.000000000000000E+000
  1.200000000000000E-002  0.000000000000000E+000
  1.300000000000000E-002  0.000000000000000E+000
  1.400000000000000E-002  0.000000000000000E+000
  1.500000000000000E-002  0.000000000000000E+000
  1.600000000000000E-002  0.000000000000000E+000
  1.700000000000000E-002  0.000000000000000E+000
  1.800000000000000E-002  0.000000000000000E+000
  1.900000000000000E-002  0.000000000000000E+000
  2.000000000000000E-002  0.000000000000000E+000
  2.100000000000000E-002  0.000000000000000E+000
  2.200000000000000E-002  0.000000000000000E+000
  2.300000000000000E-002  0.000000000000000E+000
  2.400000000000000E-002  0.000000000000000E+000
  2.500000000000000E-002  0.000000000000000E+000
 -2.500000000000000E-002  0.000000000000000E+000
 -2.400000000000000E-002  0.000000000000000E+000
 -2.300000000000000E-002  0.000000000000000E+000
 -2.200000000000000E-002  0.000000000000000E+000
 -2.100000000000000E-002  0.000000000000000E+000
 -2.000000000000000E-002  0.000000000000000E+000
 -1.900000000000000E-002  0.000000000000000E+000
 -1.800000000000000E-002  0.000000000000000E+000
 -1.700000000000000E-002  0.000000000000000E+000
 -1.600000000000000E-002  0.000000000000000E+000
 -1.500000000000000E-002  0.817726974070336     
 -1.400000000000000E-002   1.15033145326659     
 -1.300000000000000E-002  0.790784059703064     
 -1.200000000000000E-002   1.01294717054905     
 -1.100000000000000E-002  0.860688259785587     
 -1.000000000000000E-002  0.351737564300139     
 -9.000000000000001E-003  6.684995152416709E-002
 -8.000000000000000E-003  0.171066511833810     
 -6.999999999999999E-003  1.836395690655085E-002
 -6.000000000000002E-003  0.231205080456083     
 -5.000000000000001E-003  9.209070814889847E-002
 -4.000000000000000E-003  2.903684841849377E-002
 -3.000000000000003E-003  1.143938410605359E-003
 -2.000000000000002E-003  2.296673319656163E-003
 -1.000000000000001E-003  7.426875520359585E-004
  0.000000000000000E+000  0.000000000000000E+000
  1.000000000000001E-003  3.579828275078868E-003
  1.999999999999998E-003  4.155550797195456E-002
  2.999999999999999E-003  9.316438830793199E-002
  4.000000000000000E-003  6.689553477305986E-002
  4.999999999999998E-003  1.214477923557542E-003
  5.999999999999998E-003  3.778141683014542E-002
  6.999999999999999E-003  3.020500821365364E-002
  8.000000000000000E-003  0.490141171316089     
  9.000000000000001E-003  0.719230417579961     
  1.000000000000000E-002  0.401101352342605     
  1.100000000000000E-002   1.31040313834668     
  1.200000000000000E-002   1.59415480492886     
  1.300000000000000E-002   5.09672980254580     
  1.400000000000000E-002   3.73358429726641     
  1.500000000000000E-002   2.56559822373214     
  1.600000000000000E-002  0.557262116330419     
  1.700000000000000E-002  0.000000000000000E+000
  1.800000000000000E-002  0.000000000000000E+000
  1.900000000000000E-002  0.000000000000000E+000
  2.000000000000000E-002  0.000000000000000E+000
  2.100000000000000E-002  0.000000000000000E+000
  2.200000000000000E-002  0.000000000000000E+000
  2.300000000000000E-002  0.000000000000000E+000
  2.400000000000000E-002  0.000000000000000E+000
  2.500000000000000E-002  0.000000000000000E+000
4
   75.7546800000000     
11
42
 0
 0
11
42
   80.07674000
