 -2.500000000000000E-002  0.000000000000000E+000
 -2.400000000000000E-002  0.000000000000000E+000
 -2.300000000000000E-002  0.000000000000000E+000
 -2.200000000000000E-002  0.000000000000000E+000
 -2.100000000000000E-002  0.000000000000000E+000
 -2.000000000000000E-002  0.000000000000000E+000
 -1.900000000000000E-002  0.000000000000000E+000
 -1.800000000000000E-002  0.000000000000000E+000
 -1.700000000000000E-002  0.000000000000000E+000
 -1.600000000000000E-002  1.276733496680679E-002
 -1.500000000000000E-002  0.113670780134616     
 -1.400000000000000E-002  0.219769005963978     
 -1.300000000000000E-002  0.235107584812802     
 -1.200000000000000E-002  0.201420363028853     
 -1.100000000000000E-002  0.362742798236663     
 -1.000000000000000E-002  0.684985534802933     
 -9.000000000000001E-003  0.983192032135159     
 -8.000000000000000E-003   1.22122665656875     
 -6.999999999999999E-003   1.08900591320949     
 -6.000000000000002E-003   1.88124020283824     
 -5.000000000000001E-003   3.10444267352124     
 -4.000000000000000E-003   17.7543850347004     
 -3.000000000000003E-003   23.9498464948509     
 -2.000000000000002E-003   19.6193536954106     
 -1.000000000000001E-003   17.7789739135744     
  0.000000000000000E+000   15.0975579441336     
  1.000000000000001E-003   15.3430782509791     
  1.999999999999998E-003   19.4218510600674     
  2.999999999999999E-003   13.4273040934940     
  4.000000000000000E-003   4.62255505346918     
  4.999999999999998E-003   2.28273852799922     
  5.999999999999998E-003   1.00725260104740     
  6.999999999999999E-003  0.784752039953267     
  8.000000000000000E-003  0.667913395343964     
  9.000000000000001E-003   1.03334717031373     
  1.000000000000000E-002  0.739085723990135     
  1.100000000000000E-002   1.29779825383534     
  1.200000000000000E-002  0.579040952239692     
  1.300000000000000E-002  0.530269649867419     
  1.400000000000000E-002  0.286284953621154     
  1.500000000000000E-002  0.137628464991174     
  1.600000000000000E-002  3.353710090866995E-002
  1.700000000000000E-002  0.000000000000000E+000
  1.800000000000000E-002  0.000000000000000E+000
  1.900000000000000E-002  0.000000000000000E+000
  2.000000000000000E-002  0.000000000000000E+000
  2.100000000000000E-002  0.000000000000000E+000
  2.200000000000000E-002  0.000000000000000E+000
  2.300000000000000E-002  0.000000000000000E+000
  2.400000000000000E-002  0.000000000000000E+000
  2.500000000000000E-002  0.000000000000000E+000
 -2.500000000000000E-002  0.000000000000000E+000
 -2.400000000000000E-002  0.000000000000000E+000
 -2.300000000000000E-002  0.000000000000000E+000
 -2.200000000000000E-002  0.000000000000000E+000
 -2.100000000000000E-002  0.000000000000000E+000
 -2.000000000000000E-002  0.000000000000000E+000
 -1.900000000000000E-002  0.000000000000000E+000
 -1.800000000000000E-002  0.000000000000000E+000
 -1.700000000000000E-002  0.000000000000000E+000
 -1.600000000000000E-002  0.161246507660073     
 -1.500000000000000E-002   1.01548410673759     
 -1.400000000000000E-002   1.40411650791008     
 -1.300000000000000E-002   1.08376561301478     
 -1.200000000000000E-002  0.674067980591057     
 -1.100000000000000E-002  0.884122495874941     
 -1.000000000000000E-002   1.21538826820359     
 -9.000000000000001E-003   1.02251330314060     
 -8.000000000000000E-003  0.268317078263568     
 -6.999999999999999E-003  0.208614953744172     
 -6.000000000000002E-003  0.258582689842731     
 -5.000000000000001E-003  6.454817192821975E-002
 -4.000000000000000E-003  0.104031923879015     
 -3.000000000000003E-003  4.424232291181648E-002
 -2.000000000000002E-003  1.685926747891370E-003
 -1.000000000000001E-003  5.110379063076755E-004
  0.000000000000000E+000  0.000000000000000E+000
  1.000000000000001E-003  3.796921304892514E-003
  1.999999999999998E-003  2.253897294801930E-002
  2.999999999999999E-003  7.360569835449761E-002
  4.000000000000000E-003  0.191337476581058     
  4.999999999999998E-003  0.199991718980687     
  5.999999999999998E-003  0.326132500811724     
  6.999999999999999E-003  0.231546230531476     
  8.000000000000000E-003  0.455270459232627     
  9.000000000000001E-003   1.07906120061263     
  1.000000000000000E-002   1.31137968978104     
  1.100000000000000E-002   3.16315757859495     
  1.200000000000000E-002   1.93780290873480     
  1.300000000000000E-002   2.44436185505998     
  1.400000000000000E-002   1.82909062896531     
  1.500000000000000E-002   1.22951138953842     
  1.600000000000000E-002  0.423560626601073     
  1.700000000000000E-002  0.000000000000000E+000
  1.800000000000000E-002  0.000000000000000E+000
  1.900000000000000E-002  0.000000000000000E+000
  2.000000000000000E-002  0.000000000000000E+000
  2.100000000000000E-002  0.000000000000000E+000
  2.200000000000000E-002  0.000000000000000E+000
  2.300000000000000E-002  0.000000000000000E+000
  2.400000000000000E-002  0.000000000000000E+000
  2.500000000000000E-002  0.000000000000000E+000
 -2.500000000000000E-002  0.000000000000000E+000
 -2.400000000000000E-002  0.000000000000000E+000
 -2.300000000000000E-002  0.000000000000000E+000
 -2.200000000000000E-002  0.000000000000000E+000
 -2.100000000000000E-002  0.000000000000000E+000
 -2.000000000000000E-002  0.000000000000000E+000
 -1.900000000000000E-002  0.000000000000000E+000
 -1.800000000000000E-002  0.000000000000000E+000
 -1.700000000000000E-002  0.000000000000000E+000
 -1.600000000000000E-002  0.000000000000000E+000
 -1.500000000000000E-002  0.000000000000000E+000
 -1.400000000000000E-002  0.000000000000000E+000
 -1.300000000000000E-002  0.000000000000000E+000
 -1.200000000000000E-002  0.000000000000000E+000
 -1.100000000000000E-002  0.000000000000000E+000
 -1.000000000000000E-002  0.000000000000000E+000
 -9.000000000000001E-003  0.000000000000000E+000
 -8.000000000000000E-003  0.000000000000000E+000
 -6.999999999999999E-003  0.000000000000000E+000
 -6.000000000000002E-003  0.000000000000000E+000
 -5.000000000000001E-003  0.000000000000000E+000
 -4.000000000000000E-003  0.000000000000000E+000
 -3.000000000000003E-003  0.000000000000000E+000
 -2.000000000000002E-003  0.000000000000000E+000
 -1.000000000000001E-003  0.000000000000000E+000
  0.000000000000000E+000  0.000000000000000E+000
  1.000000000000001E-003  0.000000000000000E+000
  1.999999999999998E-003  0.000000000000000E+000
  2.999999999999999E-003  0.000000000000000E+000
  4.000000000000000E-003  0.000000000000000E+000
  4.999999999999998E-003  0.000000000000000E+000
  5.999999999999998E-003  0.000000000000000E+000
  6.999999999999999E-003  0.000000000000000E+000
  8.000000000000000E-003  0.000000000000000E+000
  9.000000000000001E-003  0.000000000000000E+000
  1.000000000000000E-002  0.000000000000000E+000
  1.100000000000000E-002  0.000000000000000E+000
  1.200000000000000E-002  0.000000000000000E+000
  1.300000000000000E-002  0.000000000000000E+000
  1.400000000000000E-002  0.000000000000000E+000
  1.500000000000000E-002  0.000000000000000E+000
  1.600000000000000E-002  0.000000000000000E+000
  1.700000000000000E-002  0.000000000000000E+000
  1.800000000000000E-002  0.000000000000000E+000
  1.900000000000000E-002  0.000000000000000E+000
  2.000000000000000E-002  0.000000000000000E+000
  2.100000000000000E-002  0.000000000000000E+000
  2.200000000000000E-002  0.000000000000000E+000
  2.300000000000000E-002  0.000000000000000E+000
  2.400000000000000E-002  0.000000000000000E+000
  2.500000000000000E-002  0.000000000000000E+000
4
   96.2958833333333     
10
42
10
42
 0
 0
  208.28174000
