 -2.500000000000000E-002  0.000000000000000E+000
 -2.400000000000000E-002  0.000000000000000E+000
 -2.300000000000000E-002  0.000000000000000E+000
 -2.200000000000000E-002  0.000000000000000E+000
 -2.100000000000000E-002  0.000000000000000E+000
 -2.000000000000000E-002  0.000000000000000E+000
 -1.900000000000000E-002  0.000000000000000E+000
 -1.800000000000000E-002  0.000000000000000E+000
 -1.700000000000000E-002  0.000000000000000E+000
 -1.600000000000000E-002  0.000000000000000E+000
 -1.500000000000000E-002  0.000000000000000E+000
 -1.400000000000000E-002  0.000000000000000E+000
 -1.300000000000000E-002  0.000000000000000E+000
 -1.200000000000000E-002  0.000000000000000E+000
 -1.100000000000000E-002  0.222626023884203     
 -1.000000000000000E-002   1.50785245341862     
 -9.000000000000001E-003   1.00502670290533     
 -8.000000000000000E-003   2.30060132250206     
 -6.999999999999999E-003   1.79008643224722     
 -6.000000000000002E-003   4.36499307974603     
 -5.000000000000001E-003   2.97803739179146     
 -4.000000000000000E-003   1.66164862642594     
 -3.000000000000003E-003   1.13223969200006     
 -2.000000000000002E-003   1.21574469646027     
 -1.000000000000001E-003   1.86372011414270     
  0.000000000000000E+000  0.891943371400904     
  1.000000000000001E-003   1.18284511385748     
  1.999999999999998E-003   1.53108600708598     
  2.999999999999999E-003  0.598773767641588     
  4.000000000000000E-003  0.344687262928609     
  4.999999999999998E-003  0.851309807543382     
  5.999999999999998E-003  0.424587916554476     
  6.999999999999999E-003  0.446538288362973     
  8.000000000000000E-003  0.693847678587449     
  9.000000000000001E-003  0.629666279160023     
  1.000000000000000E-002  6.709644278035325E-002
  1.100000000000000E-002  0.000000000000000E+000
  1.200000000000000E-002  2.915048986087987E-002
  1.300000000000000E-002  0.375060883609711     
  1.400000000000000E-002  0.115907473793522     
  1.500000000000000E-002  4.046662531927618E-002
  1.600000000000000E-002  2.179377818731597E-002
  1.700000000000000E-002  5.240525000231809E-002
  1.800000000000000E-002  3.039223071727531E-002
  1.900000000000000E-002  3.909370503142111E-002
  2.000000000000000E-002  4.112480817712250E-004
  2.100000000000000E-002  1.101014019648486E-002
  2.200000000000000E-002  3.487618408157373E-003
  2.300000000000000E-002  0.000000000000000E+000
  2.400000000000000E-002  0.000000000000000E+000
  2.500000000000000E-002  0.000000000000000E+000
 -2.500000000000000E-002  0.000000000000000E+000
 -2.400000000000000E-002  0.000000000000000E+000
 -2.300000000000000E-002  0.000000000000000E+000
 -2.200000000000000E-002  0.000000000000000E+000
 -2.100000000000000E-002  0.000000000000000E+000
 -2.000000000000000E-002  0.000000000000000E+000
 -1.900000000000000E-002  0.000000000000000E+000
 -1.800000000000000E-002  0.000000000000000E+000
 -1.700000000000000E-002  0.000000000000000E+000
 -1.600000000000000E-002  0.000000000000000E+000
 -1.500000000000000E-002  0.000000000000000E+000
 -1.400000000000000E-002  0.000000000000000E+000
 -1.300000000000000E-002  0.000000000000000E+000
 -1.200000000000000E-002  0.000000000000000E+000
 -1.100000000000000E-002  0.000000000000000E+000
 -1.000000000000000E-002  0.000000000000000E+000
 -9.000000000000001E-003  0.000000000000000E+000
 -8.000000000000000E-003  0.000000000000000E+000
 -6.999999999999999E-003  0.000000000000000E+000
 -6.000000000000002E-003  0.000000000000000E+000
 -5.000000000000001E-003  0.000000000000000E+000
 -4.000000000000000E-003  0.000000000000000E+000
 -3.000000000000003E-003  0.000000000000000E+000
 -2.000000000000002E-003  0.000000000000000E+000
 -1.000000000000001E-003  0.000000000000000E+000
  0.000000000000000E+000  0.000000000000000E+000
  1.000000000000001E-003  0.000000000000000E+000
  1.999999999999998E-003  0.000000000000000E+000
  2.999999999999999E-003  0.000000000000000E+000
  4.000000000000000E-003  0.000000000000000E+000
  4.999999999999998E-003  0.000000000000000E+000
  5.999999999999998E-003  0.000000000000000E+000
  6.999999999999999E-003  0.000000000000000E+000
  8.000000000000000E-003  0.000000000000000E+000
  9.000000000000001E-003  0.000000000000000E+000
  1.000000000000000E-002  0.000000000000000E+000
  1.100000000000000E-002  0.000000000000000E+000
  1.200000000000000E-002  0.000000000000000E+000
  1.300000000000000E-002  0.000000000000000E+000
  1.400000000000000E-002  0.000000000000000E+000
  1.500000000000000E-002  0.000000000000000E+000
  1.600000000000000E-002  0.000000000000000E+000
  1.700000000000000E-002  0.000000000000000E+000
  1.800000000000000E-002  0.000000000000000E+000
  1.900000000000000E-002  0.000000000000000E+000
  2.000000000000000E-002  0.000000000000000E+000
  2.100000000000000E-002  0.000000000000000E+000
  2.200000000000000E-002  0.000000000000000E+000
  2.300000000000000E-002  0.000000000000000E+000
  2.400000000000000E-002  0.000000000000000E+000
  2.500000000000000E-002  0.000000000000000E+000
 -2.500000000000000E-002  0.000000000000000E+000
 -2.400000000000000E-002  0.000000000000000E+000
 -2.300000000000000E-002  0.000000000000000E+000
 -2.200000000000000E-002  0.000000000000000E+000
 -2.100000000000000E-002  0.000000000000000E+000
 -2.000000000000000E-002  0.000000000000000E+000
 -1.900000000000000E-002  0.000000000000000E+000
 -1.800000000000000E-002  0.000000000000000E+000
 -1.700000000000000E-002  0.000000000000000E+000
 -1.600000000000000E-002  0.000000000000000E+000
 -1.500000000000000E-002  0.000000000000000E+000
 -1.400000000000000E-002  0.000000000000000E+000
 -1.300000000000000E-002  0.000000000000000E+000
 -1.200000000000000E-002  0.000000000000000E+000
 -1.100000000000000E-002  0.542612222323983     
 -1.000000000000000E-002   2.67542318626368     
 -9.000000000000001E-003   1.29183731814787     
 -8.000000000000000E-003   2.11980560907890     
 -6.999999999999999E-003   1.16018429838864     
 -6.000000000000002E-003   1.66956632716224     
 -5.000000000000001E-003  0.388956313021967     
 -4.000000000000000E-003  0.184043046751918     
 -3.000000000000003E-003  5.310739182480972E-002
 -2.000000000000002E-003  3.903506261737297E-002
 -1.000000000000001E-003  4.911742206383034E-003
  0.000000000000000E+000  0.000000000000000E+000
  1.000000000000001E-003  1.213163895236790E-002
  1.999999999999998E-003  6.378621055041936E-002
  2.999999999999999E-003  5.759355682488879E-002
  4.000000000000000E-003  6.112994351519028E-002
  4.999999999999998E-003  0.247384932552421     
  5.999999999999998E-003  0.188474056760237     
  6.999999999999999E-003  0.289678885843088     
  8.000000000000000E-003  0.639320766501355     
  9.000000000000001E-003  0.809357995212248     
  1.000000000000000E-002  0.119051024072933     
  1.100000000000000E-002  0.000000000000000E+000
  1.200000000000000E-002  9.755424694050732E-002
  1.300000000000000E-002   1.72890248847900     
  1.400000000000000E-002  0.740539352352147     
  1.500000000000000E-002  0.361510801776541     
  1.600000000000000E-002  0.275246997949008     
  1.700000000000000E-002  0.947825866747799     
  1.800000000000000E-002  0.798681803185802     
  1.900000000000000E-002   1.51653480081773     
  2.000000000000000E-002  2.395195714797000E-002
  2.100000000000000E-002  0.980091095507650     
  2.200000000000000E-002  0.483381145887709     
  2.300000000000000E-002  0.000000000000000E+000
  2.400000000000000E-002  0.000000000000000E+000
  2.500000000000000E-002  0.000000000000000E+000
4
   109.750700000000     
15
48
 0
 0
15
48
   30.80963000
