 -2.500000000000000E-002  0.000000000000000E+000
 -2.400000000000000E-002  0.000000000000000E+000
 -2.300000000000000E-002  0.000000000000000E+000
 -2.200000000000000E-002  0.000000000000000E+000
 -2.100000000000000E-002  0.000000000000000E+000
 -2.000000000000000E-002  0.000000000000000E+000
 -1.900000000000000E-002  0.000000000000000E+000
 -1.800000000000000E-002  0.000000000000000E+000
 -1.700000000000000E-002  0.000000000000000E+000
 -1.600000000000000E-002  0.000000000000000E+000
 -1.500000000000000E-002  0.000000000000000E+000
 -1.400000000000000E-002  0.000000000000000E+000
 -1.300000000000000E-002  0.000000000000000E+000
 -1.200000000000000E-002  0.000000000000000E+000
 -1.100000000000000E-002  0.000000000000000E+000
 -1.000000000000000E-002  0.253328699368281     
 -9.000000000000001E-003  0.511628650356252     
 -8.000000000000000E-003  0.498279217744375     
 -6.999999999999999E-003  0.631837957289903     
 -6.000000000000002E-003  0.723810938715496     
 -5.000000000000001E-003   1.63290882291307     
 -4.000000000000000E-003   6.77509412436306     
 -3.000000000000003E-003   14.6021886625305     
 -2.000000000000002E-003   23.4787661695071     
 -1.000000000000001E-003   32.7472903195681     
  0.000000000000000E+000   25.5350434626627     
  1.000000000000001E-003   24.0495556073065     
  1.999999999999998E-003   14.1879609656546     
  2.999999999999999E-003   5.83937889321501     
  4.000000000000000E-003  0.936492758065757     
  4.999999999999998E-003   1.32343785193781     
  5.999999999999998E-003   1.03525578836842     
  6.999999999999999E-003  0.374116725669326     
  8.000000000000000E-003  0.248721248373204     
  9.000000000000001E-003  0.565892322735209     
  1.000000000000000E-002  0.453887150168593     
  1.100000000000000E-002  0.105390403529055     
  1.200000000000000E-002  0.181788056030159     
  1.300000000000000E-002  7.651310862166358E-002
  1.400000000000000E-002  6.120931434612613E-002
  1.500000000000000E-002  7.209762290291227E-002
  1.600000000000000E-002  4.408734109793082E-002
  1.700000000000000E-002  1.057957259783984E-002
  1.800000000000000E-002  3.760760038515117E-002
  1.900000000000000E-002  9.400055312337275E-003
  2.000000000000000E-002  5.418608462297401E-003
  2.100000000000000E-002  3.283565840534233E-003
  2.200000000000000E-002  1.115538041156059E-004
  2.300000000000000E-002  0.000000000000000E+000
  2.400000000000000E-002  0.000000000000000E+000
  2.500000000000000E-002  0.000000000000000E+000
 -2.500000000000000E-002  0.000000000000000E+000
 -2.400000000000000E-002  0.000000000000000E+000
 -2.300000000000000E-002  0.000000000000000E+000
 -2.200000000000000E-002  0.000000000000000E+000
 -2.100000000000000E-002  0.000000000000000E+000
 -2.000000000000000E-002  0.000000000000000E+000
 -1.900000000000000E-002  0.000000000000000E+000
 -1.800000000000000E-002  0.000000000000000E+000
 -1.700000000000000E-002  0.000000000000000E+000
 -1.600000000000000E-002  0.000000000000000E+000
 -1.500000000000000E-002  0.000000000000000E+000
 -1.400000000000000E-002  0.000000000000000E+000
 -1.300000000000000E-002  0.000000000000000E+000
 -1.200000000000000E-002  0.000000000000000E+000
 -1.100000000000000E-002  0.000000000000000E+000
 -1.000000000000000E-002  0.000000000000000E+000
 -9.000000000000001E-003  0.000000000000000E+000
 -8.000000000000000E-003  0.000000000000000E+000
 -6.999999999999999E-003  0.000000000000000E+000
 -6.000000000000002E-003  0.000000000000000E+000
 -5.000000000000001E-003  0.000000000000000E+000
 -4.000000000000000E-003  0.000000000000000E+000
 -3.000000000000003E-003  0.000000000000000E+000
 -2.000000000000002E-003  0.000000000000000E+000
 -1.000000000000001E-003  0.000000000000000E+000
  0.000000000000000E+000  0.000000000000000E+000
  1.000000000000001E-003  0.000000000000000E+000
  1.999999999999998E-003  0.000000000000000E+000
  2.999999999999999E-003  0.000000000000000E+000
  4.000000000000000E-003  0.000000000000000E+000
  4.999999999999998E-003  0.000000000000000E+000
  5.999999999999998E-003  0.000000000000000E+000
  6.999999999999999E-003  0.000000000000000E+000
  8.000000000000000E-003  0.000000000000000E+000
  9.000000000000001E-003  0.000000000000000E+000
  1.000000000000000E-002  0.000000000000000E+000
  1.100000000000000E-002  0.000000000000000E+000
  1.200000000000000E-002  0.000000000000000E+000
  1.300000000000000E-002  0.000000000000000E+000
  1.400000000000000E-002  0.000000000000000E+000
  1.500000000000000E-002  0.000000000000000E+000
  1.600000000000000E-002  0.000000000000000E+000
  1.700000000000000E-002  0.000000000000000E+000
  1.800000000000000E-002  0.000000000000000E+000
  1.900000000000000E-002  0.000000000000000E+000
  2.000000000000000E-002  0.000000000000000E+000
  2.100000000000000E-002  0.000000000000000E+000
  2.200000000000000E-002  0.000000000000000E+000
  2.300000000000000E-002  0.000000000000000E+000
  2.400000000000000E-002  0.000000000000000E+000
  2.500000000000000E-002  0.000000000000000E+000
 -2.500000000000000E-002  0.000000000000000E+000
 -2.400000000000000E-002  0.000000000000000E+000
 -2.300000000000000E-002  0.000000000000000E+000
 -2.200000000000000E-002  0.000000000000000E+000
 -2.100000000000000E-002  0.000000000000000E+000
 -2.000000000000000E-002  0.000000000000000E+000
 -1.900000000000000E-002  0.000000000000000E+000
 -1.800000000000000E-002  0.000000000000000E+000
 -1.700000000000000E-002  0.000000000000000E+000
 -1.600000000000000E-002  0.000000000000000E+000
 -1.500000000000000E-002  0.000000000000000E+000
 -1.400000000000000E-002  0.000000000000000E+000
 -1.300000000000000E-002  0.000000000000000E+000
 -1.200000000000000E-002  0.000000000000000E+000
 -1.100000000000000E-002  0.000000000000000E+000
 -1.000000000000000E-002  0.449487928675841     
 -9.000000000000001E-003  0.657635246559309     
 -8.000000000000000E-003  0.459121304647962     
 -6.999999999999999E-003  0.409886722529679     
 -6.000000000000002E-003  0.321298790258065     
 -5.000000000000001E-003  0.116118897071081     
 -4.000000000000000E-003  0.107420727616901     
 -3.000000000000003E-003  3.295569412138846E-002
 -2.000000000000002E-003  9.405083828122730E-003
 -1.000000000000001E-003  0.000000000000000E+000
  0.000000000000000E+000  0.000000000000000E+000
  1.000000000000001E-003  0.000000000000000E+000
  1.999999999999998E-003  1.253814048227325E-002
  2.999999999999999E-003  2.454654487058155E-002
  4.000000000000000E-003  2.686850623331149E-002
  4.999999999999998E-003  3.850483617092598E-002
  5.999999999999998E-003  3.820128855892534E-002
  6.999999999999999E-003  6.610069266509774E-003
  8.000000000000000E-003  8.520188982707570E-002
  9.000000000000001E-003  0.134567846079106     
  1.000000000000000E-002  0.253917875194369     
  1.100000000000000E-002  0.256870782996452     
  1.200000000000000E-002  0.608367028939720     
  1.300000000000000E-002  0.352699280778405     
  1.400000000000000E-002  0.391069743134480     
  1.500000000000000E-002  0.644088041841210     
  1.600000000000000E-002  0.556806083849285     
  1.700000000000000E-002  0.191347099134633     
  1.800000000000000E-002  0.988295540676798     
  1.900000000000000E-002  0.364649781833504     
  2.000000000000000E-002  0.315591205025424     
  2.100000000000000E-002  0.292293611560745     
  2.200000000000000E-002  1.546126879460531E-002
  2.300000000000000E-002  0.000000000000000E+000
  2.400000000000000E-002  0.000000000000000E+000
  2.500000000000000E-002  0.000000000000000E+000
4
   107.397455555556     
16
48
 0
 0
16
48
  166.19472000
