 -2.500000000000000E-002  0.000000000000000E+000
 -2.400000000000000E-002  0.000000000000000E+000
 -2.300000000000000E-002  0.000000000000000E+000
 -2.200000000000000E-002  0.000000000000000E+000
 -2.100000000000000E-002  0.000000000000000E+000
 -2.000000000000000E-002  0.000000000000000E+000
 -1.900000000000000E-002  0.000000000000000E+000
 -1.800000000000000E-002  0.000000000000000E+000
 -1.700000000000000E-002  0.000000000000000E+000
 -1.600000000000000E-002  4.026606057359096E-003
 -1.500000000000000E-002  6.118115954404225E-002
 -1.400000000000000E-002  0.106245225809381     
 -1.300000000000000E-002  0.130778743176152     
 -1.200000000000000E-002  0.155328978298401     
 -1.100000000000000E-002  0.126924580947364     
 -1.000000000000000E-002  0.526355759248946     
 -9.000000000000001E-003  0.300122877125602     
 -8.000000000000000E-003  0.235737031379180     
 -6.999999999999999E-003  0.648476702672898     
 -6.000000000000002E-003   1.08240223722279     
 -5.000000000000001E-003   2.81786055756759     
 -4.000000000000000E-003   10.9954611758005     
 -3.000000000000003E-003   16.9130018732365     
 -2.000000000000002E-003   18.8116377999141     
 -1.000000000000001E-003   13.0647108944090     
  0.000000000000000E+000   12.4938921192180     
  1.000000000000001E-003   14.8134732869409     
  1.999999999999998E-003   18.2535412286023     
  2.999999999999999E-003   8.40019344305295     
  4.000000000000000E-003   1.56920293679806     
  4.999999999999998E-003   1.17594977281973     
  5.999999999999998E-003  0.356911326319081     
  6.999999999999999E-003  0.775668780489230     
  8.000000000000000E-003  0.344920064045270     
  9.000000000000001E-003  0.251043876824167     
  1.000000000000000E-002  0.413397348014147     
  1.100000000000000E-002  0.277907518485332     
  1.200000000000000E-002  0.431329916206823     
  1.300000000000000E-002  0.275950570603428     
  1.400000000000000E-002  0.114729637946951     
  1.500000000000000E-002  0.209008447866041     
  1.600000000000000E-002  8.639291969941408E-002
  1.700000000000000E-002  4.355919672039303E-003
  1.800000000000000E-002  0.000000000000000E+000
  1.900000000000000E-002  0.000000000000000E+000
  2.000000000000000E-002  0.000000000000000E+000
  2.100000000000000E-002  0.000000000000000E+000
  2.200000000000000E-002  0.000000000000000E+000
  2.300000000000000E-002  0.000000000000000E+000
  2.400000000000000E-002  0.000000000000000E+000
  2.500000000000000E-002  0.000000000000000E+000
 -2.500000000000000E-002  0.000000000000000E+000
 -2.400000000000000E-002  0.000000000000000E+000
 -2.300000000000000E-002  0.000000000000000E+000
 -2.200000000000000E-002  0.000000000000000E+000
 -2.100000000000000E-002  0.000000000000000E+000
 -2.000000000000000E-002  0.000000000000000E+000
 -1.900000000000000E-002  0.000000000000000E+000
 -1.800000000000000E-002  0.000000000000000E+000
 -1.700000000000000E-002  0.000000000000000E+000
 -1.600000000000000E-002  5.085447872716362E-002
 -1.500000000000000E-002  0.546565221732229     
 -1.400000000000000E-002  0.678806707939692     
 -1.300000000000000E-002  0.602845309650283     
 -1.200000000000000E-002  0.519819789590375     
 -1.100000000000000E-002  0.309356596024965     
 -1.000000000000000E-002  0.933927188515899     
 -9.000000000000001E-003  0.385770777612146     
 -8.000000000000000E-003  0.217211333618516     
 -6.999999999999999E-003  5.562246955659549E-002
 -6.000000000000002E-003  9.290441201054780E-002
 -5.000000000000001E-003  0.132412396035540     
 -4.000000000000000E-003  3.863211062903527E-002
 -3.000000000000003E-003  4.895169085884873E-002
 -2.000000000000002E-003  1.988668494837386E-003
 -1.000000000000001E-003  1.094368434347780E-003
  0.000000000000000E+000  0.000000000000000E+000
  1.000000000000001E-003  0.000000000000000E+000
  1.999999999999998E-003  6.705780745530179E-003
  2.999999999999999E-003  2.875281866871477E-002
  4.000000000000000E-003  4.079268962971159E-002
  4.999999999999998E-003  0.173304877807992     
  5.999999999999998E-003  3.937138696878595E-002
  6.999999999999999E-003  0.109085595840266     
  8.000000000000000E-003  0.255113135823025     
  9.000000000000001E-003  0.322685802910976     
  1.000000000000000E-002  0.733502039612298     
  1.100000000000000E-002  0.677351252898919     
  1.200000000000000E-002   1.44347712025717     
  1.300000000000000E-002   1.27203781855836     
  1.400000000000000E-002  0.733014093053071     
  1.500000000000000E-002   1.86718835509446     
  1.600000000000000E-002   1.09110919579576     
  1.700000000000000E-002  7.878320089021260E-002
  1.800000000000000E-002  0.000000000000000E+000
  1.900000000000000E-002  0.000000000000000E+000
  2.000000000000000E-002  0.000000000000000E+000
  2.100000000000000E-002  0.000000000000000E+000
  2.200000000000000E-002  0.000000000000000E+000
  2.300000000000000E-002  0.000000000000000E+000
  2.400000000000000E-002  0.000000000000000E+000
  2.500000000000000E-002  0.000000000000000E+000
 -2.500000000000000E-002  0.000000000000000E+000
 -2.400000000000000E-002  0.000000000000000E+000
 -2.300000000000000E-002  0.000000000000000E+000
 -2.200000000000000E-002  0.000000000000000E+000
 -2.100000000000000E-002  0.000000000000000E+000
 -2.000000000000000E-002  0.000000000000000E+000
 -1.900000000000000E-002  0.000000000000000E+000
 -1.800000000000000E-002  0.000000000000000E+000
 -1.700000000000000E-002  0.000000000000000E+000
 -1.600000000000000E-002  0.000000000000000E+000
 -1.500000000000000E-002  0.000000000000000E+000
 -1.400000000000000E-002  0.000000000000000E+000
 -1.300000000000000E-002  0.000000000000000E+000
 -1.200000000000000E-002  0.000000000000000E+000
 -1.100000000000000E-002  0.000000000000000E+000
 -1.000000000000000E-002  0.000000000000000E+000
 -9.000000000000001E-003  0.000000000000000E+000
 -8.000000000000000E-003  0.000000000000000E+000
 -6.999999999999999E-003  0.000000000000000E+000
 -6.000000000000002E-003  0.000000000000000E+000
 -5.000000000000001E-003  0.000000000000000E+000
 -4.000000000000000E-003  0.000000000000000E+000
 -3.000000000000003E-003  0.000000000000000E+000
 -2.000000000000002E-003  0.000000000000000E+000
 -1.000000000000001E-003  0.000000000000000E+000
  0.000000000000000E+000  0.000000000000000E+000
  1.000000000000001E-003  0.000000000000000E+000
  1.999999999999998E-003  0.000000000000000E+000
  2.999999999999999E-003  0.000000000000000E+000
  4.000000000000000E-003  0.000000000000000E+000
  4.999999999999998E-003  0.000000000000000E+000
  5.999999999999998E-003  0.000000000000000E+000
  6.999999999999999E-003  0.000000000000000E+000
  8.000000000000000E-003  0.000000000000000E+000
  9.000000000000001E-003  0.000000000000000E+000
  1.000000000000000E-002  0.000000000000000E+000
  1.100000000000000E-002  0.000000000000000E+000
  1.200000000000000E-002  0.000000000000000E+000
  1.300000000000000E-002  0.000000000000000E+000
  1.400000000000000E-002  0.000000000000000E+000
  1.500000000000000E-002  0.000000000000000E+000
  1.600000000000000E-002  0.000000000000000E+000
  1.700000000000000E-002  0.000000000000000E+000
  1.800000000000000E-002  0.000000000000000E+000
  1.900000000000000E-002  0.000000000000000E+000
  2.000000000000000E-002  0.000000000000000E+000
  2.100000000000000E-002  0.000000000000000E+000
  2.200000000000000E-002  0.000000000000000E+000
  2.300000000000000E-002  0.000000000000000E+000
  2.400000000000000E-002  0.000000000000000E+000
  2.500000000000000E-002  0.000000000000000E+000
4
   99.0682285714285     
10
43
10
43
 0
 0
  135.99188000
