 -2.500000000000000E-002  0.000000000000000E+000
 -2.400000000000000E-002  0.000000000000000E+000
 -2.300000000000000E-002  0.000000000000000E+000
 -2.200000000000000E-002  0.000000000000000E+000
 -2.100000000000000E-002  0.000000000000000E+000
 -2.000000000000000E-002  0.000000000000000E+000
 -1.900000000000000E-002  0.000000000000000E+000
 -1.800000000000000E-002  0.000000000000000E+000
 -1.700000000000000E-002  0.000000000000000E+000
 -1.600000000000000E-002  0.000000000000000E+000
 -1.500000000000000E-002  0.000000000000000E+000
 -1.400000000000000E-002  0.000000000000000E+000
 -1.300000000000000E-002  0.000000000000000E+000
 -1.200000000000000E-002  0.000000000000000E+000
 -1.100000000000000E-002  0.000000000000000E+000
 -1.000000000000000E-002  0.000000000000000E+000
 -9.000000000000001E-003  0.775127344978815     
 -8.000000000000000E-003   7.44487766975143     
 -6.999999999999999E-003   15.7638062148789     
 -6.000000000000002E-003   17.2326532680694     
 -5.000000000000001E-003   14.0930969486062     
 -4.000000000000000E-003   16.0358867037152     
 -3.000000000000003E-003   16.6309522995319     
 -2.000000000000002E-003   16.9351318175672     
 -1.000000000000001E-003   12.9355025332352     
  0.000000000000000E+000   14.8771364428440     
  1.000000000000001E-003   15.2799061527032     
  1.999999999999998E-003   15.0273794362877     
  2.999999999999999E-003   11.7390716930781     
  4.000000000000000E-003   3.29520627733229     
  4.999999999999998E-003   1.60883968027651     
  5.999999999999998E-003   2.32843752915951     
  6.999999999999999E-003   2.76466714727473     
  8.000000000000000E-003   2.58463959207178     
  9.000000000000001E-003   1.72223154731913     
  1.000000000000000E-002   2.29797362091717     
  1.100000000000000E-002   3.35166336094964     
  1.200000000000000E-002  0.760267313086591     
  1.300000000000000E-002  0.345524382787001     
  1.400000000000000E-002  0.195996801293109     
  1.500000000000000E-002  2.559754247921679E-002
  1.600000000000000E-002  0.000000000000000E+000
  1.700000000000000E-002  0.000000000000000E+000
  1.800000000000000E-002  0.000000000000000E+000
  1.900000000000000E-002  0.000000000000000E+000
  2.000000000000000E-002  0.000000000000000E+000
  2.100000000000000E-002  0.000000000000000E+000
  2.200000000000000E-002  0.000000000000000E+000
  2.300000000000000E-002  0.000000000000000E+000
  2.400000000000000E-002  0.000000000000000E+000
  2.500000000000000E-002  0.000000000000000E+000
 -2.500000000000000E-002  0.000000000000000E+000
 -2.400000000000000E-002  0.000000000000000E+000
 -2.300000000000000E-002  0.000000000000000E+000
 -2.200000000000000E-002  0.000000000000000E+000
 -2.100000000000000E-002  0.000000000000000E+000
 -2.000000000000000E-002  0.000000000000000E+000
 -1.900000000000000E-002  0.000000000000000E+000
 -1.800000000000000E-002  0.000000000000000E+000
 -1.700000000000000E-002  0.000000000000000E+000
 -1.600000000000000E-002  0.000000000000000E+000
 -1.500000000000000E-002  0.000000000000000E+000
 -1.400000000000000E-002  0.000000000000000E+000
 -1.300000000000000E-002  0.000000000000000E+000
 -1.200000000000000E-002  0.000000000000000E+000
 -1.100000000000000E-002  0.000000000000000E+000
 -1.000000000000000E-002  0.000000000000000E+000
 -9.000000000000001E-003  0.000000000000000E+000
 -8.000000000000000E-003  0.000000000000000E+000
 -6.999999999999999E-003  0.000000000000000E+000
 -6.000000000000002E-003  0.000000000000000E+000
 -5.000000000000001E-003  0.000000000000000E+000
 -4.000000000000000E-003  0.000000000000000E+000
 -3.000000000000003E-003  0.000000000000000E+000
 -2.000000000000002E-003  0.000000000000000E+000
 -1.000000000000001E-003  0.000000000000000E+000
  0.000000000000000E+000  0.000000000000000E+000
  1.000000000000001E-003  0.000000000000000E+000
  1.999999999999998E-003  0.000000000000000E+000
  2.999999999999999E-003  0.000000000000000E+000
  4.000000000000000E-003  0.000000000000000E+000
  4.999999999999998E-003  0.000000000000000E+000
  5.999999999999998E-003  0.000000000000000E+000
  6.999999999999999E-003  0.000000000000000E+000
  8.000000000000000E-003  0.000000000000000E+000
  9.000000000000001E-003  0.000000000000000E+000
  1.000000000000000E-002  0.000000000000000E+000
  1.100000000000000E-002  0.000000000000000E+000
  1.200000000000000E-002  0.000000000000000E+000
  1.300000000000000E-002  0.000000000000000E+000
  1.400000000000000E-002  0.000000000000000E+000
  1.500000000000000E-002  0.000000000000000E+000
  1.600000000000000E-002  0.000000000000000E+000
  1.700000000000000E-002  0.000000000000000E+000
  1.800000000000000E-002  0.000000000000000E+000
  1.900000000000000E-002  0.000000000000000E+000
  2.000000000000000E-002  0.000000000000000E+000
  2.100000000000000E-002  0.000000000000000E+000
  2.200000000000000E-002  0.000000000000000E+000
  2.300000000000000E-002  0.000000000000000E+000
  2.400000000000000E-002  0.000000000000000E+000
  2.500000000000000E-002  0.000000000000000E+000
 -2.500000000000000E-002  0.000000000000000E+000
 -2.400000000000000E-002  0.000000000000000E+000
 -2.300000000000000E-002  0.000000000000000E+000
 -2.200000000000000E-002  0.000000000000000E+000
 -2.100000000000000E-002  0.000000000000000E+000
 -2.000000000000000E-002  0.000000000000000E+000
 -1.900000000000000E-002  0.000000000000000E+000
 -1.800000000000000E-002  0.000000000000000E+000
 -1.700000000000000E-002  0.000000000000000E+000
 -1.600000000000000E-002  0.000000000000000E+000
 -1.500000000000000E-002  0.000000000000000E+000
 -1.400000000000000E-002  0.000000000000000E+000
 -1.300000000000000E-002  0.000000000000000E+000
 -1.200000000000000E-002  0.000000000000000E+000
 -1.100000000000000E-002  0.000000000000000E+000
 -1.000000000000000E-002  0.000000000000000E+000
 -9.000000000000001E-003  0.000000000000000E+000
 -8.000000000000000E-003  0.000000000000000E+000
 -6.999999999999999E-003  0.000000000000000E+000
 -6.000000000000002E-003  0.000000000000000E+000
 -5.000000000000001E-003  0.000000000000000E+000
 -4.000000000000000E-003  0.000000000000000E+000
 -3.000000000000003E-003  0.000000000000000E+000
 -2.000000000000002E-003  0.000000000000000E+000
 -1.000000000000001E-003  0.000000000000000E+000
  0.000000000000000E+000  0.000000000000000E+000
  1.000000000000001E-003  1.066219346753198E-002
  1.999999999999998E-003  7.492989602575628E-002
  2.999999999999999E-003  0.439947399987246     
  4.000000000000000E-003  0.408765149246201     
  4.999999999999998E-003  0.374068076340789     
  5.999999999999998E-003  0.948066553469891     
  6.999999999999999E-003   1.66654942399037     
  8.000000000000000E-003   2.35309581621065     
  9.000000000000001E-003   2.16498799240029     
  1.000000000000000E-002   4.07735643688822     
  1.100000000000000E-002   8.16909664484110     
  1.200000000000000E-002   2.54429018365068     
  1.300000000000000E-002   1.59274931440798     
  1.400000000000000E-002   1.25223455867263     
  1.500000000000000E-002  0.228677040206827     
  1.600000000000000E-002  0.000000000000000E+000
  1.700000000000000E-002  0.000000000000000E+000
  1.800000000000000E-002  0.000000000000000E+000
  1.900000000000000E-002  0.000000000000000E+000
  2.000000000000000E-002  0.000000000000000E+000
  2.100000000000000E-002  0.000000000000000E+000
  2.200000000000000E-002  0.000000000000000E+000
  2.300000000000000E-002  0.000000000000000E+000
  2.400000000000000E-002  0.000000000000000E+000
  2.500000000000000E-002  0.000000000000000E+000
4
   95.7322571428571     
17
41
 0
 0
27
41
  228.13990000
