 -2.500000000000000E-002  0.000000000000000E+000
 -2.400000000000000E-002  0.000000000000000E+000
 -2.300000000000000E-002  0.000000000000000E+000
 -2.200000000000000E-002  0.000000000000000E+000
 -2.100000000000000E-002  0.000000000000000E+000
 -2.000000000000000E-002  4.200792978312801E-003
 -1.900000000000000E-002  1.786125557418376E-002
 -1.800000000000000E-002  6.894070224840011E-002
 -1.700000000000000E-002  7.112333733891253E-002
 -1.600000000000000E-002  9.611940759091288E-002
 -1.500000000000000E-002  0.293365984692981     
 -1.400000000000000E-002  0.371881225570392     
 -1.300000000000000E-002  0.107574272922166     
 -1.200000000000000E-002  0.122598260089147     
 -1.100000000000000E-002  0.202308307983230     
 -1.000000000000000E-002   1.49938775220610     
 -9.000000000000001E-003   1.87073522240360     
 -8.000000000000000E-003   3.28949303634482     
 -6.999999999999999E-003   6.77384736018959     
 -6.000000000000002E-003   9.18610019598955     
 -5.000000000000001E-003   9.54793633598200     
 -4.000000000000000E-003   16.1354204622281     
 -3.000000000000003E-003   18.0480271621798     
 -2.000000000000002E-003   13.2795099451990     
 -1.000000000000001E-003   8.71171069028233     
  0.000000000000000E+000   6.35747827878980     
  1.000000000000001E-003   4.66001019043035     
  1.999999999999998E-003   2.43202589950151     
  2.999999999999999E-003   4.64617870040229     
  4.000000000000000E-003   3.28939709298777     
  4.999999999999998E-003   5.01932361658962     
  5.999999999999998E-003   3.43906831247575     
  6.999999999999999E-003   1.93423082434982     
  8.000000000000000E-003   4.55432265357617     
  9.000000000000001E-003   3.22567704054173     
  1.000000000000000E-002   4.25240248455794     
  1.100000000000000E-002   3.06752683346761     
  1.200000000000000E-002   1.24040816411292     
  1.300000000000000E-002  0.273032030254977     
  1.400000000000000E-002  3.376828201936905E-002
  1.500000000000000E-002  0.000000000000000E+000
  1.600000000000000E-002  0.000000000000000E+000
  1.700000000000000E-002  0.000000000000000E+000
  1.800000000000000E-002  0.000000000000000E+000
  1.900000000000000E-002  0.000000000000000E+000
  2.000000000000000E-002  0.000000000000000E+000
  2.100000000000000E-002  0.000000000000000E+000
  2.200000000000000E-002  0.000000000000000E+000
  2.300000000000000E-002  0.000000000000000E+000
  2.400000000000000E-002  0.000000000000000E+000
  2.500000000000000E-002  0.000000000000000E+000
 -2.500000000000000E-002  0.000000000000000E+000
 -2.400000000000000E-002  0.000000000000000E+000
 -2.300000000000000E-002  0.000000000000000E+000
 -2.200000000000000E-002  0.000000000000000E+000
 -2.100000000000000E-002  0.000000000000000E+000
 -2.000000000000000E-002  0.244663058294857     
 -1.900000000000000E-002  0.692879215279760     
 -1.800000000000000E-002   1.81170263205951     
 -1.700000000000000E-002   1.28636995064939     
 -1.600000000000000E-002   1.21395097979999     
 -1.500000000000000E-002   2.62080100585519     
 -1.400000000000000E-002   2.37597001230832     
 -1.300000000000000E-002  0.495880632396176     
 -1.200000000000000E-002  0.410284046556059     
 -1.100000000000000E-002  0.493091322721929     
 -1.000000000000000E-002  0.776817575416004     
 -9.000000000000001E-003  0.588118398132053     
 -8.000000000000000E-003  0.225193610290952     
 -6.999999999999999E-003  2.575018665425702E-002
 -6.000000000000002E-003  1.919064737209012E-002
 -5.000000000000001E-003  1.583158285841290E-002
 -4.000000000000000E-003  0.000000000000000E+000
 -3.000000000000003E-003  0.000000000000000E+000
 -2.000000000000002E-003  0.000000000000000E+000
 -1.000000000000001E-003  0.000000000000000E+000
  0.000000000000000E+000  0.000000000000000E+000
  1.000000000000001E-003  3.047936055046257E-003
  1.999999999999998E-003  2.504284210419933E-002
  2.999999999999999E-003  0.157129798184968     
  4.000000000000000E-003  0.344479355606384     
  4.999999999999998E-003  0.862900193510982     
  5.999999999999998E-003  0.841460270856431     
  6.999999999999999E-003  0.336028193638983     
  8.000000000000000E-003   2.21513263740629     
  9.000000000000001E-003   2.94794057282300     
  1.000000000000000E-002   1.82178177796456     
  1.100000000000000E-002  0.000000000000000E+000
  1.200000000000000E-002  0.000000000000000E+000
  1.300000000000000E-002  0.000000000000000E+000
  1.400000000000000E-002  0.000000000000000E+000
  1.500000000000000E-002  0.000000000000000E+000
  1.600000000000000E-002  0.000000000000000E+000
  1.700000000000000E-002  0.000000000000000E+000
  1.800000000000000E-002  0.000000000000000E+000
  1.900000000000000E-002  0.000000000000000E+000
  2.000000000000000E-002  0.000000000000000E+000
  2.100000000000000E-002  0.000000000000000E+000
  2.200000000000000E-002  0.000000000000000E+000
  2.300000000000000E-002  0.000000000000000E+000
  2.400000000000000E-002  0.000000000000000E+000
  2.500000000000000E-002  0.000000000000000E+000
 -2.500000000000000E-002  0.000000000000000E+000
 -2.400000000000000E-002  0.000000000000000E+000
 -2.300000000000000E-002  0.000000000000000E+000
 -2.200000000000000E-002  0.000000000000000E+000
 -2.100000000000000E-002  0.000000000000000E+000
 -2.000000000000000E-002  0.000000000000000E+000
 -1.900000000000000E-002  0.000000000000000E+000
 -1.800000000000000E-002  0.000000000000000E+000
 -1.700000000000000E-002  0.000000000000000E+000
 -1.600000000000000E-002  0.000000000000000E+000
 -1.500000000000000E-002  0.000000000000000E+000
 -1.400000000000000E-002  0.000000000000000E+000
 -1.300000000000000E-002  0.000000000000000E+000
 -1.200000000000000E-002  0.000000000000000E+000
 -1.100000000000000E-002  0.000000000000000E+000
 -1.000000000000000E-002  0.000000000000000E+000
 -9.000000000000001E-003  0.000000000000000E+000
 -8.000000000000000E-003  0.000000000000000E+000
 -6.999999999999999E-003  0.000000000000000E+000
 -6.000000000000002E-003  0.000000000000000E+000
 -5.000000000000001E-003  0.000000000000000E+000
 -4.000000000000000E-003  0.000000000000000E+000
 -3.000000000000003E-003  0.000000000000000E+000
 -2.000000000000002E-003  0.000000000000000E+000
 -1.000000000000001E-003  0.000000000000000E+000
  0.000000000000000E+000  0.000000000000000E+000
  1.000000000000001E-003  8.622141300203517E-004
  1.999999999999998E-003  1.726612094071808E-003
  2.999999999999999E-003  4.262905993696765E-002
  4.000000000000000E-003  0.146300678062185     
  4.999999999999998E-003  0.248230980811969     
  5.999999999999998E-003  0.301727021705813     
  6.999999999999999E-003  0.821260948987665     
  8.000000000000000E-003   1.92895137667614     
  9.000000000000001E-003   1.19619844389963     
  1.000000000000000E-002   5.72337038776464     
  1.100000000000000E-002   7.47656326563184     
  1.200000000000000E-002   4.15111666824117     
  1.300000000000000E-002   1.25858434502467     
  1.400000000000000E-002  0.215747448186260     
  1.500000000000000E-002  0.000000000000000E+000
  1.600000000000000E-002  0.000000000000000E+000
  1.700000000000000E-002  0.000000000000000E+000
  1.800000000000000E-002  0.000000000000000E+000
  1.900000000000000E-002  0.000000000000000E+000
  2.000000000000000E-002  0.000000000000000E+000
  2.100000000000000E-002  0.000000000000000E+000
  2.200000000000000E-002  0.000000000000000E+000
  2.300000000000000E-002  0.000000000000000E+000
  2.400000000000000E-002  0.000000000000000E+000
  2.500000000000000E-002  0.000000000000000E+000
1
   75.4634666666667     
 6
40
 6
36
27
40
  177.26244000
