 -2.500000000000000E-002  0.000000000000000E+000
 -2.400000000000000E-002  0.000000000000000E+000
 -2.300000000000000E-002  0.000000000000000E+000
 -2.200000000000000E-002  0.000000000000000E+000
 -2.100000000000000E-002  0.000000000000000E+000
 -2.000000000000000E-002  0.000000000000000E+000
 -1.900000000000000E-002  0.000000000000000E+000
 -1.800000000000000E-002  0.000000000000000E+000
 -1.700000000000000E-002  2.405085451163663E-003
 -1.600000000000000E-002  3.474281902915454E-002
 -1.500000000000000E-002  0.107388923474666     
 -1.400000000000000E-002  0.177981699645308     
 -1.300000000000000E-002  3.688805893341924E-002
 -1.200000000000000E-002  0.146250197861259     
 -1.100000000000000E-002  0.384251496418723     
 -1.000000000000000E-002  0.411322925837014     
 -9.000000000000001E-003  0.631124405062448     
 -8.000000000000000E-003  0.899533661082084     
 -6.999999999999999E-003   1.60761154129813     
 -6.000000000000002E-003   1.89733294945698     
 -5.000000000000001E-003   8.59821713985355     
 -4.000000000000000E-003   20.8890376232776     
 -3.000000000000003E-003   27.3962812088260     
 -2.000000000000002E-003   22.3375368268110     
 -1.000000000000001E-003   14.7780183785847     
  0.000000000000000E+000   14.9208938576309     
  1.000000000000001E-003   15.8847926071629     
  1.999999999999998E-003   10.8858306838480     
  2.999999999999999E-003   4.25483010788650     
  4.000000000000000E-003   2.13540416478867     
  4.999999999999998E-003   2.90767986163866     
  5.999999999999998E-003   1.90078509438239     
  6.999999999999999E-003   1.58277616536422     
  8.000000000000000E-003   1.95066569136188     
  9.000000000000001E-003   1.26365150371659     
  1.000000000000000E-002   1.00309575471209     
  1.100000000000000E-002  0.468586414309118     
  1.200000000000000E-002  0.518229371673199     
  1.300000000000000E-002  0.547065615467100     
  1.400000000000000E-002  0.379461768339383     
  1.500000000000000E-002  0.344739523102537     
  1.600000000000000E-002  0.137160419585633     
  1.700000000000000E-002  2.404880756438418E-002
  1.800000000000000E-002  0.000000000000000E+000
  1.900000000000000E-002  0.000000000000000E+000
  2.000000000000000E-002  0.000000000000000E+000
  2.100000000000000E-002  0.000000000000000E+000
  2.200000000000000E-002  0.000000000000000E+000
  2.300000000000000E-002  0.000000000000000E+000
  2.400000000000000E-002  0.000000000000000E+000
  2.500000000000000E-002  0.000000000000000E+000
 -2.500000000000000E-002  0.000000000000000E+000
 -2.400000000000000E-002  0.000000000000000E+000
 -2.300000000000000E-002  0.000000000000000E+000
 -2.200000000000000E-002  0.000000000000000E+000
 -2.100000000000000E-002  0.000000000000000E+000
 -2.000000000000000E-002  0.000000000000000E+000
 -1.900000000000000E-002  0.000000000000000E+000
 -1.800000000000000E-002  0.000000000000000E+000
 -1.700000000000000E-002  4.349950057009334E-002
 -1.600000000000000E-002  0.438788380604243     
 -1.500000000000000E-002  0.959364798051327     
 -1.400000000000000E-002   1.13713506361690     
 -1.300000000000000E-002  0.170041344411469     
 -1.200000000000000E-002  0.489436986662861     
 -1.100000000000000E-002  0.936546207695504     
 -1.000000000000000E-002  0.689474765345839     
 -9.000000000000001E-003  0.383089860152789     
 -8.000000000000000E-003  0.129221333221011     
 -6.999999999999999E-003  0.485572204238576     
 -6.000000000000002E-003  0.208001305551918     
 -5.000000000000001E-003  0.211624398788381     
 -4.000000000000000E-003  9.419774263777246E-002
 -3.000000000000003E-003  5.338621008560410E-002
 -2.000000000000002E-003  3.169779618441767E-002
 -1.000000000000001E-003  6.418438630963697E-003
  0.000000000000000E+000  0.000000000000000E+000
  1.000000000000001E-003  2.039534189558285E-003
  1.999999999999998E-003  2.068661331734330E-002
  2.999999999999999E-003  8.724614921715862E-002
  4.000000000000000E-003  0.112355419139823     
  4.999999999999998E-003  0.248610970173875     
  5.999999999999998E-003  0.377613748197843     
  6.999999999999999E-003  0.443551056266838     
  8.000000000000000E-003   1.23452845016356     
  9.000000000000001E-003   1.62014648444652     
  1.000000000000000E-002   1.77981979212546     
  1.100000000000000E-002   1.14209790563995     
  1.200000000000000E-002   1.73429250545381     
  1.300000000000000E-002   2.52178551609928     
  1.400000000000000E-002   2.42440252531975     
  1.500000000000000E-002   3.07974930989599     
  1.600000000000000E-002   1.73228310409914     
  1.700000000000000E-002  0.434957983655362     
  1.800000000000000E-002  0.000000000000000E+000
  1.900000000000000E-002  0.000000000000000E+000
  2.000000000000000E-002  0.000000000000000E+000
  2.100000000000000E-002  0.000000000000000E+000
  2.200000000000000E-002  0.000000000000000E+000
  2.300000000000000E-002  0.000000000000000E+000
  2.400000000000000E-002  0.000000000000000E+000
  2.500000000000000E-002  0.000000000000000E+000
 -2.500000000000000E-002  0.000000000000000E+000
 -2.400000000000000E-002  0.000000000000000E+000
 -2.300000000000000E-002  0.000000000000000E+000
 -2.200000000000000E-002  0.000000000000000E+000
 -2.100000000000000E-002  0.000000000000000E+000
 -2.000000000000000E-002  0.000000000000000E+000
 -1.900000000000000E-002  0.000000000000000E+000
 -1.800000000000000E-002  0.000000000000000E+000
 -1.700000000000000E-002  0.000000000000000E+000
 -1.600000000000000E-002  0.000000000000000E+000
 -1.500000000000000E-002  0.000000000000000E+000
 -1.400000000000000E-002  0.000000000000000E+000
 -1.300000000000000E-002  0.000000000000000E+000
 -1.200000000000000E-002  0.000000000000000E+000
 -1.100000000000000E-002  0.000000000000000E+000
 -1.000000000000000E-002  4.034657117232018E-002
 -9.000000000000001E-003  0.411511649362089     
 -8.000000000000000E-003  0.439748858958546     
 -6.999999999999999E-003  0.466247233111837     
 -6.000000000000002E-003  0.118144351210031     
 -5.000000000000001E-003  5.477095073249787E-002
 -4.000000000000000E-003  5.426511933598700E-002
 -3.000000000000003E-003  9.540354654880195E-002
 -2.000000000000002E-003  2.301304939541889E-002
 -1.000000000000001E-003  9.877530123963243E-004
  0.000000000000000E+000  0.000000000000000E+000
  1.000000000000001E-003  1.790514145531797E-003
  1.999999999999998E-003  8.074048279283038E-003
  2.999999999999999E-003  0.000000000000000E+000
  4.000000000000000E-003  1.300878392923554E-002
  4.999999999999998E-003  0.157602566052539     
  5.999999999999998E-003  0.100873283108909     
  6.999999999999999E-003  9.377903630952218E-002
  8.000000000000000E-003  0.273245952817109     
  9.000000000000001E-003  4.120975229664971E-003
  1.000000000000000E-002  0.000000000000000E+000
  1.100000000000000E-002  0.000000000000000E+000
  1.200000000000000E-002  0.000000000000000E+000
  1.300000000000000E-002  0.000000000000000E+000
  1.400000000000000E-002  0.000000000000000E+000
  1.500000000000000E-002  0.000000000000000E+000
  1.600000000000000E-002  0.000000000000000E+000
  1.700000000000000E-002  0.000000000000000E+000
  1.800000000000000E-002  0.000000000000000E+000
  1.900000000000000E-002  0.000000000000000E+000
  2.000000000000000E-002  0.000000000000000E+000
  2.100000000000000E-002  0.000000000000000E+000
  2.200000000000000E-002  0.000000000000000E+000
  2.300000000000000E-002  0.000000000000000E+000
  2.400000000000000E-002  0.000000000000000E+000
  2.500000000000000E-002  0.000000000000000E+000
4
   90.0672500000000     
 9
43
 9
43
16
35
  184.53874000
