 -2.500000000000000E-002  0.000000000000000E+000
 -2.400000000000000E-002  0.000000000000000E+000
 -2.300000000000000E-002  0.000000000000000E+000
 -2.200000000000000E-002  0.000000000000000E+000
 -2.100000000000000E-002  0.000000000000000E+000
 -2.000000000000000E-002  0.000000000000000E+000
 -1.900000000000000E-002  0.000000000000000E+000
 -1.800000000000000E-002  2.492335993090180E-003
 -1.700000000000000E-002  2.251099345775756E-002
 -1.600000000000000E-002  0.107530749298975     
 -1.500000000000000E-002  4.144471057732636E-002
 -1.400000000000000E-002  9.635314297422852E-002
 -1.300000000000000E-002  0.168669514792507     
 -1.200000000000000E-002  9.012398358443592E-002
 -1.100000000000000E-002  0.383110712845825     
 -1.000000000000000E-002  0.392560352302422     
 -9.000000000000001E-003  0.100798457811719     
 -8.000000000000000E-003  0.328231964406143     
 -6.999999999999999E-003  0.343804285182249     
 -6.000000000000002E-003  0.771654912542044     
 -5.000000000000001E-003   5.58751796933689     
 -4.000000000000000E-003   14.5058781475988     
 -3.000000000000003E-003   17.2858168196643     
 -2.000000000000002E-003   12.3852953266267     
 -1.000000000000001E-003   9.37600682085573     
  0.000000000000000E+000   9.64391338572873     
  1.000000000000001E-003   18.1243537125084     
  1.999999999999998E-003   9.94699327407610     
  2.999999999999999E-003   2.40243049631943     
  4.000000000000000E-003   1.67548577951763     
  4.999999999999998E-003  0.980911369151433     
  5.999999999999998E-003   1.30798388853469     
  6.999999999999999E-003  0.748620138229024     
  8.000000000000000E-003   1.62845547534324     
  9.000000000000001E-003   1.43605066979755     
  1.000000000000000E-002   1.11712429697338     
  1.100000000000000E-002  0.813273837704944     
  1.200000000000000E-002  0.835131875774691     
  1.300000000000000E-002  0.355591354863527     
  1.400000000000000E-002  9.564811577966983E-002
  1.500000000000000E-002  0.000000000000000E+000
  1.600000000000000E-002  0.000000000000000E+000
  1.700000000000000E-002  0.000000000000000E+000
  1.800000000000000E-002  0.000000000000000E+000
  1.900000000000000E-002  0.000000000000000E+000
  2.000000000000000E-002  0.000000000000000E+000
  2.100000000000000E-002  0.000000000000000E+000
  2.200000000000000E-002  0.000000000000000E+000
  2.300000000000000E-002  0.000000000000000E+000
  2.400000000000000E-002  0.000000000000000E+000
  2.500000000000000E-002  0.000000000000000E+000
 -2.500000000000000E-002  0.000000000000000E+000
 -2.400000000000000E-002  0.000000000000000E+000
 -2.300000000000000E-002  0.000000000000000E+000
 -2.200000000000000E-002  0.000000000000000E+000
 -2.100000000000000E-002  0.000000000000000E+000
 -2.000000000000000E-002  0.000000000000000E+000
 -1.900000000000000E-002  0.000000000000000E+000
 -1.800000000000000E-002  6.549645610496994E-002
 -1.700000000000000E-002  0.407144358332596     
 -1.600000000000000E-002   1.35807181652313     
 -1.500000000000000E-002  0.370248579712156     
 -1.400000000000000E-002  0.615605635770632     
 -1.300000000000000E-002  0.777508816831895     
 -1.200000000000000E-002  0.301606504447021     
 -1.100000000000000E-002  0.933765746099502     
 -1.000000000000000E-002  0.696530397371816     
 -9.000000000000001E-003  0.129563930029428     
 -8.000000000000000E-003  0.136815164872136     
 -6.999999999999999E-003  0.129765732550867     
 -6.000000000000002E-003  0.110101833311629     
 -5.000000000000001E-003  4.525693417837654E-002
 -4.000000000000000E-003  2.047459684254839E-002
 -3.000000000000003E-003  1.330453486896461E-003
 -2.000000000000002E-003  1.140942072291102E-003
 -1.000000000000001E-003  0.000000000000000E+000
  0.000000000000000E+000  0.000000000000000E+000
  1.000000000000001E-003  4.691100322323423E-004
  1.999999999999998E-003  2.457237571161418E-002
  2.999999999999999E-003  6.376058373954732E-002
  4.000000000000000E-003  0.116836265482333     
  4.999999999999998E-003  7.749778708406202E-002
  5.999999999999998E-003  0.324598279981376     
  6.999999999999999E-003  0.390972158349122     
  8.000000000000000E-003  0.938087087619378     
  9.000000000000001E-003  0.763517888650030     
  1.000000000000000E-002  0.809682748169202     
  1.100000000000000E-002  0.643697826420194     
  1.200000000000000E-002   1.39572652073724     
  1.300000000000000E-002  0.943530688640016     
  1.400000000000000E-002  0.611101177473324     
  1.500000000000000E-002  0.000000000000000E+000
  1.600000000000000E-002  0.000000000000000E+000
  1.700000000000000E-002  0.000000000000000E+000
  1.800000000000000E-002  0.000000000000000E+000
  1.900000000000000E-002  0.000000000000000E+000
  2.000000000000000E-002  0.000000000000000E+000
  2.100000000000000E-002  0.000000000000000E+000
  2.200000000000000E-002  0.000000000000000E+000
  2.300000000000000E-002  0.000000000000000E+000
  2.400000000000000E-002  0.000000000000000E+000
  2.500000000000000E-002  0.000000000000000E+000
 -2.500000000000000E-002  0.000000000000000E+000
 -2.400000000000000E-002  0.000000000000000E+000
 -2.300000000000000E-002  0.000000000000000E+000
 -2.200000000000000E-002  0.000000000000000E+000
 -2.100000000000000E-002  0.000000000000000E+000
 -2.000000000000000E-002  0.000000000000000E+000
 -1.900000000000000E-002  0.000000000000000E+000
 -1.800000000000000E-002  0.000000000000000E+000
 -1.700000000000000E-002  0.000000000000000E+000
 -1.600000000000000E-002  0.000000000000000E+000
 -1.500000000000000E-002  0.000000000000000E+000
 -1.400000000000000E-002  0.000000000000000E+000
 -1.300000000000000E-002  0.000000000000000E+000
 -1.200000000000000E-002  0.000000000000000E+000
 -1.100000000000000E-002  0.000000000000000E+000
 -1.000000000000000E-002  0.000000000000000E+000
 -9.000000000000001E-003  0.000000000000000E+000
 -8.000000000000000E-003  0.000000000000000E+000
 -6.999999999999999E-003  0.000000000000000E+000
 -6.000000000000002E-003  0.000000000000000E+000
 -5.000000000000001E-003  0.000000000000000E+000
 -4.000000000000000E-003  0.000000000000000E+000
 -3.000000000000003E-003  0.000000000000000E+000
 -2.000000000000002E-003  0.000000000000000E+000
 -1.000000000000001E-003  0.000000000000000E+000
  0.000000000000000E+000  0.000000000000000E+000
  1.000000000000001E-003  1.357337246599993E-003
  1.999999999999998E-003  1.546446953218106E-002
  2.999999999999999E-003  2.583376691439059E-002
  4.000000000000000E-003  1.116217516160630E-002
  4.999999999999998E-003  6.585723568721165E-002
  5.999999999999998E-003  0.223168619404217     
  6.999999999999999E-003  9.467364899451566E-002
  8.000000000000000E-003  0.562394120056167     
  9.000000000000001E-003   1.08234734123179     
  1.000000000000000E-002   1.17246095513870     
  1.100000000000000E-002   1.33851573844394     
  1.200000000000000E-002   1.39910339896670     
  1.300000000000000E-002  0.695623926440865     
  1.400000000000000E-002  0.000000000000000E+000
  1.500000000000000E-002  0.000000000000000E+000
  1.600000000000000E-002  0.000000000000000E+000
  1.700000000000000E-002  0.000000000000000E+000
  1.800000000000000E-002  0.000000000000000E+000
  1.900000000000000E-002  0.000000000000000E+000
  2.000000000000000E-002  0.000000000000000E+000
  2.100000000000000E-002  0.000000000000000E+000
  2.200000000000000E-002  0.000000000000000E+000
  2.300000000000000E-002  0.000000000000000E+000
  2.400000000000000E-002  0.000000000000000E+000
  2.500000000000000E-002  0.000000000000000E+000
4
   96.1991000000000     
 8
40
 8
40
27
39
  127.33103000
