 -2.500000000000000E-002  0.000000000000000E+000
 -2.400000000000000E-002  0.000000000000000E+000
 -2.300000000000000E-002  0.000000000000000E+000
 -2.200000000000000E-002  0.000000000000000E+000
 -2.100000000000000E-002  0.000000000000000E+000
 -2.000000000000000E-002  7.616052888603143E-003
 -1.900000000000000E-002  2.619237455936269E-002
 -1.800000000000000E-002  2.257524625957571E-002
 -1.700000000000000E-002  2.665001277661840E-002
 -1.600000000000000E-002  7.912857527828356E-002
 -1.500000000000000E-002  0.141386002145361     
 -1.400000000000000E-002  0.109838879508323     
 -1.300000000000000E-002  2.212847635013298E-002
 -1.200000000000000E-002  0.133131285695364     
 -1.100000000000000E-002  0.620429039202978     
 -1.000000000000000E-002   1.17886815295492     
 -9.000000000000001E-003   1.00071135813973     
 -8.000000000000000E-003   2.91013361471933     
 -6.999999999999999E-003   3.97147942643690     
 -6.000000000000002E-003   3.75195521358989     
 -5.000000000000001E-003   4.09307933377415     
 -4.000000000000000E-003   5.43392719366370     
 -3.000000000000003E-003   23.0634820021890     
 -2.000000000000002E-003   46.2000558717652     
 -1.000000000000001E-003   55.5391557572310     
  0.000000000000000E+000   41.0082950922574     
  1.000000000000001E-003   34.7190028596871     
  1.999999999999998E-003   22.5486782676133     
  2.999999999999999E-003   21.8871806003878     
  4.000000000000000E-003   2.91210294625953     
  4.999999999999998E-003   1.91822548060393     
  5.999999999999998E-003   2.19250568967603     
  6.999999999999999E-003  0.676612885841370     
  8.000000000000000E-003   1.23851458992345     
  9.000000000000001E-003   1.95496642394486     
  1.000000000000000E-002   2.46341705408036     
  1.100000000000000E-002   1.90839816904045     
  1.200000000000000E-002  0.655952616799851     
  1.300000000000000E-002  0.421723199973195     
  1.400000000000000E-002  9.052818053507189E-002
  1.500000000000000E-002  0.000000000000000E+000
  1.600000000000000E-002  0.000000000000000E+000
  1.700000000000000E-002  0.000000000000000E+000
  1.800000000000000E-002  0.000000000000000E+000
  1.900000000000000E-002  0.000000000000000E+000
  2.000000000000000E-002  0.000000000000000E+000
  2.100000000000000E-002  0.000000000000000E+000
  2.200000000000000E-002  0.000000000000000E+000
  2.300000000000000E-002  0.000000000000000E+000
  2.400000000000000E-002  0.000000000000000E+000
  2.500000000000000E-002  0.000000000000000E+000
 -2.500000000000000E-002  0.000000000000000E+000
 -2.400000000000000E-002  0.000000000000000E+000
 -2.300000000000000E-002  0.000000000000000E+000
 -2.200000000000000E-002  0.000000000000000E+000
 -2.100000000000000E-002  0.000000000000000E+000
 -2.000000000000000E-002  0.443575011070750     
 -1.900000000000000E-002   1.01606249659378     
 -1.800000000000000E-002  0.593258144085907     
 -1.700000000000000E-002  0.482004597969114     
 -1.600000000000000E-002  0.999363332513203     
 -1.500000000000000E-002   1.26307955240345     
 -1.400000000000000E-002  0.701766763022362     
 -1.300000000000000E-002  0.102004713100940     
 -1.200000000000000E-002  0.445533587333026     
 -1.100000000000000E-002  0.242545708801215     
 -1.000000000000000E-002  0.364818028839804     
 -9.000000000000001E-003  1.622000088089862E-002
 -8.000000000000000E-003  0.000000000000000E+000
 -6.999999999999999E-003  0.000000000000000E+000
 -6.000000000000002E-003  0.000000000000000E+000
 -5.000000000000001E-003  0.000000000000000E+000
 -4.000000000000000E-003  0.000000000000000E+000
 -3.000000000000003E-003  0.000000000000000E+000
 -2.000000000000002E-003  0.000000000000000E+000
 -1.000000000000001E-003  0.000000000000000E+000
  0.000000000000000E+000  0.000000000000000E+000
  1.000000000000001E-003  0.000000000000000E+000
  1.999999999999998E-003  1.154114892631183E-002
  2.999999999999999E-003  4.184222067104441E-002
  4.000000000000000E-003  0.157058711119742     
  4.999999999999998E-003  0.272661390229397     
  5.999999999999998E-003  0.324187808484180     
  6.999999999999999E-003  0.234088079634821     
  8.000000000000000E-003  0.560338751115945     
  9.000000000000001E-003   1.41138167360196     
  1.000000000000000E-002   2.62982019961668     
  1.100000000000000E-002  0.251687050710264     
  1.200000000000000E-002  0.000000000000000E+000
  1.300000000000000E-002  0.000000000000000E+000
  1.400000000000000E-002  0.000000000000000E+000
  1.500000000000000E-002  0.000000000000000E+000
  1.600000000000000E-002  0.000000000000000E+000
  1.700000000000000E-002  0.000000000000000E+000
  1.800000000000000E-002  0.000000000000000E+000
  1.900000000000000E-002  0.000000000000000E+000
  2.000000000000000E-002  0.000000000000000E+000
  2.100000000000000E-002  0.000000000000000E+000
  2.200000000000000E-002  0.000000000000000E+000
  2.300000000000000E-002  0.000000000000000E+000
  2.400000000000000E-002  0.000000000000000E+000
  2.500000000000000E-002  0.000000000000000E+000
 -2.500000000000000E-002  0.000000000000000E+000
 -2.400000000000000E-002  0.000000000000000E+000
 -2.300000000000000E-002  0.000000000000000E+000
 -2.200000000000000E-002  0.000000000000000E+000
 -2.100000000000000E-002  0.000000000000000E+000
 -2.000000000000000E-002  0.000000000000000E+000
 -1.900000000000000E-002  0.000000000000000E+000
 -1.800000000000000E-002  0.000000000000000E+000
 -1.700000000000000E-002  0.000000000000000E+000
 -1.600000000000000E-002  0.000000000000000E+000
 -1.500000000000000E-002  0.000000000000000E+000
 -1.400000000000000E-002  0.000000000000000E+000
 -1.300000000000000E-002  0.000000000000000E+000
 -1.200000000000000E-002  0.000000000000000E+000
 -1.100000000000000E-002  0.000000000000000E+000
 -1.000000000000000E-002  0.000000000000000E+000
 -9.000000000000001E-003  0.000000000000000E+000
 -8.000000000000000E-003  0.000000000000000E+000
 -6.999999999999999E-003  0.000000000000000E+000
 -6.000000000000002E-003  0.000000000000000E+000
 -5.000000000000001E-003  0.000000000000000E+000
 -4.000000000000000E-003  0.000000000000000E+000
 -3.000000000000003E-003  0.000000000000000E+000
 -2.000000000000002E-003  0.000000000000000E+000
 -1.000000000000001E-003  0.000000000000000E+000
  0.000000000000000E+000  0.000000000000000E+000
  1.000000000000001E-003  0.000000000000000E+000
  1.999999999999998E-003  0.000000000000000E+000
  2.999999999999999E-003  0.000000000000000E+000
  4.000000000000000E-003  1.123627609605945E-002
  4.999999999999998E-003  3.493367913801690E-002
  5.999999999999998E-003  0.250010516705650     
  6.999999999999999E-003  0.175714978592731     
  8.000000000000000E-003  0.545869018781925     
  9.000000000000001E-003   1.07176714894840     
  1.000000000000000E-002   1.74108697301914     
  1.100000000000000E-002   4.39970164821685     
  1.200000000000000E-002   2.19519342096686     
  1.300000000000000E-002   1.94399981908459     
  1.400000000000000E-002  0.578389623972695     
  1.500000000000000E-002  0.000000000000000E+000
  1.600000000000000E-002  0.000000000000000E+000
  1.700000000000000E-002  0.000000000000000E+000
  1.800000000000000E-002  0.000000000000000E+000
  1.900000000000000E-002  0.000000000000000E+000
  2.000000000000000E-002  0.000000000000000E+000
  2.100000000000000E-002  0.000000000000000E+000
  2.200000000000000E-002  0.000000000000000E+000
  2.300000000000000E-002  0.000000000000000E+000
  2.400000000000000E-002  0.000000000000000E+000
  2.500000000000000E-002  0.000000000000000E+000
1
   100.612737500000     
 6
40
 6
37
30
40
  315.59163000
