 -2.500000000000000E-002  0.000000000000000E+000
 -2.400000000000000E-002  0.000000000000000E+000
 -2.300000000000000E-002  0.000000000000000E+000
 -2.200000000000000E-002  0.000000000000000E+000
 -2.100000000000000E-002  0.000000000000000E+000
 -2.000000000000000E-002  0.000000000000000E+000
 -1.900000000000000E-002  0.000000000000000E+000
 -1.800000000000000E-002  0.000000000000000E+000
 -1.700000000000000E-002  1.457606096445255E-002
 -1.600000000000000E-002  4.712552826938381E-002
 -1.500000000000000E-002  0.151383583321756     
 -1.400000000000000E-002  4.157800287159909E-002
 -1.300000000000000E-002  0.149127235361404     
 -1.200000000000000E-002  0.319816493454107     
 -1.100000000000000E-002  0.242572494309156     
 -1.000000000000000E-002  0.174964231846433     
 -9.000000000000001E-003  0.505678010852755     
 -8.000000000000000E-003   1.43182680466957     
 -6.999999999999999E-003   2.77638253852445     
 -6.000000000000002E-003   11.7512919022783     
 -5.000000000000001E-003   14.3903718179692     
 -4.000000000000000E-003   10.2585542746986     
 -3.000000000000003E-003   13.6161993153833     
 -2.000000000000002E-003   11.1983258225666     
 -1.000000000000001E-003   8.07506266006632     
  0.000000000000000E+000   7.97760990390373     
  1.000000000000001E-003   5.61311017042869     
  1.999999999999998E-003   4.15572965857326     
  2.999999999999999E-003   3.06833781219212     
  4.000000000000000E-003   2.16700874921689     
  4.999999999999998E-003   2.46732917721385     
  5.999999999999998E-003   2.76831727414052     
  6.999999999999999E-003   1.82322719124203     
  8.000000000000000E-003   2.57220632304491     
  9.000000000000001E-003   1.79919072488931     
  1.000000000000000E-002   2.56536900567689     
  1.100000000000000E-002   1.90568503177588     
  1.200000000000000E-002  0.741929084862148     
  1.300000000000000E-002  0.316093018044303     
  1.400000000000000E-002  4.176396885691744E-002
  1.500000000000000E-002  0.000000000000000E+000
  1.600000000000000E-002  0.000000000000000E+000
  1.700000000000000E-002  0.000000000000000E+000
  1.800000000000000E-002  0.000000000000000E+000
  1.900000000000000E-002  0.000000000000000E+000
  2.000000000000000E-002  0.000000000000000E+000
  2.100000000000000E-002  0.000000000000000E+000
  2.200000000000000E-002  0.000000000000000E+000
  2.300000000000000E-002  0.000000000000000E+000
  2.400000000000000E-002  0.000000000000000E+000
  2.500000000000000E-002  0.000000000000000E+000
 -2.500000000000000E-002  0.000000000000000E+000
 -2.400000000000000E-002  0.000000000000000E+000
 -2.300000000000000E-002  0.000000000000000E+000
 -2.200000000000000E-002  0.000000000000000E+000
 -2.100000000000000E-002  0.000000000000000E+000
 -2.000000000000000E-002  0.000000000000000E+000
 -1.900000000000000E-002  0.000000000000000E+000
 -1.800000000000000E-002  0.000000000000000E+000
 -1.700000000000000E-002  0.263629457292731     
 -1.600000000000000E-002  0.595177213947156     
 -1.500000000000000E-002   1.35239348847765     
 -1.400000000000000E-002  0.265644192828147     
 -1.300000000000000E-002  0.687425587640377     
 -1.200000000000000E-002   1.07028929280324     
 -1.100000000000000E-002  0.591228275631538     
 -1.000000000000000E-002  0.309316334068407     
 -9.000000000000001E-003  0.378162371086840     
 -8.000000000000000E-003  0.204164470471868     
 -6.999999999999999E-003  7.080490924986174E-002
 -6.000000000000002E-003  8.090367204158405E-002
 -5.000000000000001E-003  5.136781697729759E-002
 -4.000000000000000E-003  9.775024245092055E-003
 -3.000000000000003E-003  3.866383974757545E-003
 -2.000000000000002E-003  1.291688144792169E-003
 -1.000000000000001E-003  0.000000000000000E+000
  0.000000000000000E+000  0.000000000000000E+000
  1.000000000000001E-003  2.445653572265470E-003
  1.999999999999998E-003  2.981073629357642E-002
  2.999999999999999E-003  4.030941138678987E-002
  4.000000000000000E-003  2.429912102472390E-002
  4.999999999999998E-003  0.202475460249507     
  5.999999999999998E-003  4.590484804961097E-002
  6.999999999999999E-003  0.441430951461087     
  8.000000000000000E-003  0.465055456545944     
  9.000000000000001E-003  0.848030133922900     
  1.000000000000000E-002  0.989425197398769     
  1.100000000000000E-002   1.83755657852009     
  1.200000000000000E-002   1.81728923028311     
  1.300000000000000E-002   1.45708078173333     
  1.400000000000000E-002  0.266832339940838     
  1.500000000000000E-002  0.000000000000000E+000
  1.600000000000000E-002  0.000000000000000E+000
  1.700000000000000E-002  0.000000000000000E+000
  1.800000000000000E-002  0.000000000000000E+000
  1.900000000000000E-002  0.000000000000000E+000
  2.000000000000000E-002  0.000000000000000E+000
  2.100000000000000E-002  0.000000000000000E+000
  2.200000000000000E-002  0.000000000000000E+000
  2.300000000000000E-002  0.000000000000000E+000
  2.400000000000000E-002  0.000000000000000E+000
  2.500000000000000E-002  0.000000000000000E+000
 -2.500000000000000E-002  0.000000000000000E+000
 -2.400000000000000E-002  0.000000000000000E+000
 -2.300000000000000E-002  0.000000000000000E+000
 -2.200000000000000E-002  0.000000000000000E+000
 -2.100000000000000E-002  0.000000000000000E+000
 -2.000000000000000E-002  0.000000000000000E+000
 -1.900000000000000E-002  0.000000000000000E+000
 -1.800000000000000E-002  0.000000000000000E+000
 -1.700000000000000E-002  0.000000000000000E+000
 -1.600000000000000E-002  0.000000000000000E+000
 -1.500000000000000E-002  0.000000000000000E+000
 -1.400000000000000E-002  0.000000000000000E+000
 -1.300000000000000E-002  0.000000000000000E+000
 -1.200000000000000E-002  0.000000000000000E+000
 -1.100000000000000E-002  0.000000000000000E+000
 -1.000000000000000E-002  0.000000000000000E+000
 -9.000000000000001E-003  0.000000000000000E+000
 -8.000000000000000E-003  0.000000000000000E+000
 -6.999999999999999E-003  0.000000000000000E+000
 -6.000000000000002E-003  0.000000000000000E+000
 -5.000000000000001E-003  0.000000000000000E+000
 -4.000000000000000E-003  0.000000000000000E+000
 -3.000000000000003E-003  0.000000000000000E+000
 -2.000000000000002E-003  0.000000000000000E+000
 -1.000000000000001E-003  0.000000000000000E+000
  0.000000000000000E+000  0.000000000000000E+000
  1.000000000000001E-003  3.153427605960909E-003
  1.999999999999998E-003  2.783972764612527E-002
  2.999999999999999E-003  0.146158984327145     
  4.000000000000000E-003  0.106128035980098     
  4.999999999999998E-003  0.440960770417968     
  5.999999999999998E-003   1.13016550913556     
  6.999999999999999E-003  0.733838102693576     
  8.000000000000000E-003   1.90501072483344     
  9.000000000000001E-003   1.46460664891935     
  1.000000000000000E-002   3.56237806660712     
  1.100000000000000E-002   2.80721932009324     
  1.200000000000000E-002  0.665630731007787     
  1.300000000000000E-002  0.000000000000000E+000
  1.400000000000000E-002  0.000000000000000E+000
  1.500000000000000E-002  0.000000000000000E+000
  1.600000000000000E-002  0.000000000000000E+000
  1.700000000000000E-002  0.000000000000000E+000
  1.800000000000000E-002  0.000000000000000E+000
  1.900000000000000E-002  0.000000000000000E+000
  2.000000000000000E-002  0.000000000000000E+000
  2.100000000000000E-002  0.000000000000000E+000
  2.200000000000000E-002  0.000000000000000E+000
  2.300000000000000E-002  0.000000000000000E+000
  2.400000000000000E-002  0.000000000000000E+000
  2.500000000000000E-002  0.000000000000000E+000
4
   83.0126875000000     
 9
40
 9
40
27
38
  130.66257000
