 -2.500000000000000E-002  0.000000000000000E+000
 -2.400000000000000E-002  0.000000000000000E+000
 -2.300000000000000E-002  0.000000000000000E+000
 -2.200000000000000E-002  0.000000000000000E+000
 -2.100000000000000E-002  0.000000000000000E+000
 -2.000000000000000E-002  0.000000000000000E+000
 -1.900000000000000E-002  0.000000000000000E+000
 -1.800000000000000E-002  0.000000000000000E+000
 -1.700000000000000E-002  3.115996594791094E-003
 -1.600000000000000E-002  3.722553996771105E-002
 -1.500000000000000E-002  0.139263245235497     
 -1.400000000000000E-002  0.105909129628348     
 -1.300000000000000E-002  0.123233832903904     
 -1.200000000000000E-002  0.112548186900476     
 -1.100000000000000E-002  0.339171608673767     
 -1.000000000000000E-002  0.371621547666854     
 -9.000000000000001E-003  0.283437383954181     
 -8.000000000000000E-003   1.28968978408727     
 -6.999999999999999E-003   3.81362953074762     
 -6.000000000000002E-003   9.77774037226322     
 -5.000000000000001E-003   18.5121766179894     
 -4.000000000000000E-003   17.6808906201040     
 -3.000000000000003E-003   14.5307688696545     
 -2.000000000000002E-003   15.8727846934165     
 -1.000000000000001E-003   16.5460971717798     
  0.000000000000000E+000   16.6529001776897     
  1.000000000000001E-003   15.3170729513110     
  1.999999999999998E-003   6.46776232955029     
  2.999999999999999E-003   6.87321082007654     
  4.000000000000000E-003   7.35482041588811     
  4.999999999999998E-003   3.94360852941941     
  5.999999999999998E-003   1.20872567204388     
  6.999999999999999E-003   1.81840586050425     
  8.000000000000000E-003   1.24721565516079     
  9.000000000000001E-003   2.04789458953715     
  1.000000000000000E-002   1.22426436746189     
  1.100000000000000E-002   1.49372260745512     
  1.200000000000000E-002   1.75889733053607     
  1.300000000000000E-002  0.507313561831376     
  1.400000000000000E-002  0.178688597892585     
  1.500000000000000E-002  5.002065308731815E-002
  1.600000000000000E-002  1.114657689839960E-003
  1.700000000000000E-002  0.000000000000000E+000
  1.800000000000000E-002  0.000000000000000E+000
  1.900000000000000E-002  0.000000000000000E+000
  2.000000000000000E-002  0.000000000000000E+000
  2.100000000000000E-002  0.000000000000000E+000
  2.200000000000000E-002  0.000000000000000E+000
  2.300000000000000E-002  0.000000000000000E+000
  2.400000000000000E-002  0.000000000000000E+000
  2.500000000000000E-002  0.000000000000000E+000
 -2.500000000000000E-002  0.000000000000000E+000
 -2.400000000000000E-002  0.000000000000000E+000
 -2.300000000000000E-002  0.000000000000000E+000
 -2.200000000000000E-002  0.000000000000000E+000
 -2.100000000000000E-002  0.000000000000000E+000
 -2.000000000000000E-002  0.000000000000000E+000
 -1.900000000000000E-002  0.000000000000000E+000
 -1.800000000000000E-002  0.000000000000000E+000
 -1.700000000000000E-002  5.635737207837795E-002
 -1.600000000000000E-002  0.470144186798533     
 -1.500000000000000E-002   1.24411578790846     
 -1.400000000000000E-002  0.676659370584435     
 -1.300000000000000E-002  0.568065851927324     
 -1.200000000000000E-002  0.376650741376736     
 -1.100000000000000E-002  0.826671819945896     
 -1.000000000000000E-002  0.659378112817955     
 -9.000000000000001E-003  0.321362949131124     
 -8.000000000000000E-003  8.588544696112362E-002
 -6.999999999999999E-003  0.103639804813758     
 -6.000000000000002E-003  0.117666626314931     
 -5.000000000000001E-003  7.564789828235095E-002
 -4.000000000000000E-003  3.695636309116433E-002
 -3.000000000000003E-003  4.784213518834096E-003
 -2.000000000000002E-003  1.875008275899697E-003
 -1.000000000000001E-003  2.942960959295874E-004
  0.000000000000000E+000  0.000000000000000E+000
  1.000000000000001E-003  1.833593794414740E-003
  1.999999999999998E-003  6.884214128934866E-003
  2.999999999999999E-003  3.630250485790797E-002
  4.000000000000000E-003  6.314191313419037E-002
  4.999999999999998E-003  0.135735301974754     
  5.999999999999998E-003  0.251760041988340     
  6.999999999999999E-003  0.233551582209550     
  8.000000000000000E-003  0.327905362592016     
  9.000000000000001E-003  0.734486343973941     
  1.000000000000000E-002   1.06070814539731     
  1.100000000000000E-002   1.01949335551511     
  1.200000000000000E-002   1.97055731189584     
  1.300000000000000E-002   2.02285091054868     
  1.400000000000000E-002   1.14165147617499     
  1.500000000000000E-002  0.446862229313913     
  1.600000000000000E-002  1.407769594754283E-002
  1.700000000000000E-002  0.000000000000000E+000
  1.800000000000000E-002  0.000000000000000E+000
  1.900000000000000E-002  0.000000000000000E+000
  2.000000000000000E-002  0.000000000000000E+000
  2.100000000000000E-002  0.000000000000000E+000
  2.200000000000000E-002  0.000000000000000E+000
  2.300000000000000E-002  0.000000000000000E+000
  2.400000000000000E-002  0.000000000000000E+000
  2.500000000000000E-002  0.000000000000000E+000
 -2.500000000000000E-002  0.000000000000000E+000
 -2.400000000000000E-002  0.000000000000000E+000
 -2.300000000000000E-002  0.000000000000000E+000
 -2.200000000000000E-002  0.000000000000000E+000
 -2.100000000000000E-002  0.000000000000000E+000
 -2.000000000000000E-002  0.000000000000000E+000
 -1.900000000000000E-002  0.000000000000000E+000
 -1.800000000000000E-002  0.000000000000000E+000
 -1.700000000000000E-002  0.000000000000000E+000
 -1.600000000000000E-002  0.000000000000000E+000
 -1.500000000000000E-002  0.000000000000000E+000
 -1.400000000000000E-002  0.000000000000000E+000
 -1.300000000000000E-002  0.000000000000000E+000
 -1.200000000000000E-002  0.000000000000000E+000
 -1.100000000000000E-002  0.000000000000000E+000
 -1.000000000000000E-002  0.000000000000000E+000
 -9.000000000000001E-003  0.000000000000000E+000
 -8.000000000000000E-003  0.000000000000000E+000
 -6.999999999999999E-003  0.000000000000000E+000
 -6.000000000000002E-003  0.000000000000000E+000
 -5.000000000000001E-003  0.000000000000000E+000
 -4.000000000000000E-003  0.000000000000000E+000
 -3.000000000000003E-003  0.000000000000000E+000
 -2.000000000000002E-003  0.000000000000000E+000
 -1.000000000000001E-003  0.000000000000000E+000
  0.000000000000000E+000  0.000000000000000E+000
  1.000000000000001E-003  9.893290113965163E-004
  1.999999999999998E-003  2.558369156090059E-002
  2.999999999999999E-003  3.526948534875458E-002
  4.000000000000000E-003  0.193251064232324     
  4.999999999999998E-003  0.136330846189789     
  5.999999999999998E-003  0.172748761603054     
  6.999999999999999E-003  0.806326074489473     
  8.000000000000000E-003  0.386946417397353     
  9.000000000000001E-003   1.86500824441353     
  1.000000000000000E-002   1.11153706824935     
  1.100000000000000E-002   2.62119576710237     
  1.200000000000000E-002   3.91572128393615     
  1.300000000000000E-002  0.315691224392059     
  1.400000000000000E-002  0.000000000000000E+000
  1.500000000000000E-002  0.000000000000000E+000
  1.600000000000000E-002  0.000000000000000E+000
  1.700000000000000E-002  0.000000000000000E+000
  1.800000000000000E-002  0.000000000000000E+000
  1.900000000000000E-002  0.000000000000000E+000
  2.000000000000000E-002  0.000000000000000E+000
  2.100000000000000E-002  0.000000000000000E+000
  2.200000000000000E-002  0.000000000000000E+000
  2.300000000000000E-002  0.000000000000000E+000
  2.400000000000000E-002  0.000000000000000E+000
  2.500000000000000E-002  0.000000000000000E+000
4
   92.2485272727273     
 9
42
 9
42
27
39
  190.89339000
