 -2.500000000000000E-002  0.000000000000000E+000
 -2.400000000000000E-002  0.000000000000000E+000
 -2.300000000000000E-002  0.000000000000000E+000
 -2.200000000000000E-002  0.000000000000000E+000
 -2.100000000000000E-002  0.000000000000000E+000
 -2.000000000000000E-002  0.000000000000000E+000
 -1.900000000000000E-002  1.739380912010391E-003
 -1.800000000000000E-002  2.619025280479119E-002
 -1.700000000000000E-002  6.821396962487296E-002
 -1.600000000000000E-002  3.862959699005076E-002
 -1.500000000000000E-002  7.638570038380087E-002
 -1.400000000000000E-002  0.176322207377023     
 -1.300000000000000E-002  0.168089116140456     
 -1.200000000000000E-002  0.128864575075310     
 -1.100000000000000E-002  0.341943431433347     
 -1.000000000000000E-002  0.684111889917858     
 -9.000000000000001E-003  0.498038040187214     
 -8.000000000000000E-003   1.02344222782050     
 -6.999999999999999E-003   1.98000502453996     
 -6.000000000000002E-003   4.69612160447816     
 -5.000000000000001E-003   11.4515827064812     
 -4.000000000000000E-003   14.0516027300489     
 -3.000000000000003E-003   14.6233965921388     
 -2.000000000000002E-003   10.9375338264407     
 -1.000000000000001E-003   10.2669314138753     
  0.000000000000000E+000   9.69935091312407     
  1.000000000000001E-003   17.8502295902835     
  1.999999999999998E-003   9.89618255848004     
  2.999999999999999E-003   5.44397678890996     
  4.000000000000000E-003   8.09855841203051     
  4.999999999999998E-003   8.66052274658450     
  5.999999999999998E-003   9.47898008962675     
  6.999999999999999E-003   7.19242901746570     
  8.000000000000000E-003   3.47075617373921     
  9.000000000000001E-003  0.438616047581372     
  1.000000000000000E-002  0.843937347790001     
  1.100000000000000E-002  0.741395433798192     
  1.200000000000000E-002  0.282244999640012     
  1.300000000000000E-002  0.000000000000000E+000
  1.400000000000000E-002  0.000000000000000E+000
  1.500000000000000E-002  0.000000000000000E+000
  1.600000000000000E-002  0.000000000000000E+000
  1.700000000000000E-002  0.000000000000000E+000
  1.800000000000000E-002  0.000000000000000E+000
  1.900000000000000E-002  0.000000000000000E+000
  2.000000000000000E-002  0.000000000000000E+000
  2.100000000000000E-002  0.000000000000000E+000
  2.200000000000000E-002  0.000000000000000E+000
  2.300000000000000E-002  0.000000000000000E+000
  2.400000000000000E-002  0.000000000000000E+000
  2.500000000000000E-002  0.000000000000000E+000
 -2.500000000000000E-002  0.000000000000000E+000
 -2.400000000000000E-002  0.000000000000000E+000
 -2.300000000000000E-002  0.000000000000000E+000
 -2.200000000000000E-002  0.000000000000000E+000
 -2.100000000000000E-002  0.000000000000000E+000
 -2.000000000000000E-002  0.000000000000000E+000
 -1.900000000000000E-002  6.747458913965118E-002
 -1.800000000000000E-002  0.688257421135355     
 -1.700000000000000E-002   1.23374976516939     
 -1.600000000000000E-002  0.487876884499070     
 -1.500000000000000E-002  0.682395815616889     
 -1.400000000000000E-002   1.12653247441908     
 -1.300000000000000E-002  0.774833377409411     
 -1.200000000000000E-002  0.431254728094677     
 -1.100000000000000E-002  0.316141123253940     
 -1.000000000000000E-002  0.246051405926373     
 -9.000000000000001E-003  0.108569952530631     
 -8.000000000000000E-003  0.246601104246633     
 -6.999999999999999E-003  6.236209908209470E-002
 -6.000000000000002E-003  2.746416184409399E-003
 -5.000000000000001E-003  0.000000000000000E+000
 -4.000000000000000E-003  0.000000000000000E+000
 -3.000000000000003E-003  0.000000000000000E+000
 -2.000000000000002E-003  0.000000000000000E+000
 -1.000000000000001E-003  0.000000000000000E+000
  0.000000000000000E+000  0.000000000000000E+000
  1.000000000000001E-003  7.026884513439930E-003
  1.999999999999998E-003  3.178492264122062E-002
  2.999999999999999E-003  5.617179029151275E-003
  4.000000000000000E-003  1.767917220847065E-003
  4.999999999999998E-003  0.194339187196829     
  5.999999999999998E-003  0.432712099144608     
  6.999999999999999E-003  0.475914160585367     
  8.000000000000000E-003  0.991215048964780     
  9.000000000000001E-003  0.517434296857855     
  1.000000000000000E-002   1.49742074757522     
  1.100000000000000E-002   1.80702245377808     
  1.200000000000000E-002  0.944553540060958     
  1.300000000000000E-002  0.000000000000000E+000
  1.400000000000000E-002  0.000000000000000E+000
  1.500000000000000E-002  0.000000000000000E+000
  1.600000000000000E-002  0.000000000000000E+000
  1.700000000000000E-002  0.000000000000000E+000
  1.800000000000000E-002  0.000000000000000E+000
  1.900000000000000E-002  0.000000000000000E+000
  2.000000000000000E-002  0.000000000000000E+000
  2.100000000000000E-002  0.000000000000000E+000
  2.200000000000000E-002  0.000000000000000E+000
  2.300000000000000E-002  0.000000000000000E+000
  2.400000000000000E-002  0.000000000000000E+000
  2.500000000000000E-002  0.000000000000000E+000
 -2.500000000000000E-002  0.000000000000000E+000
 -2.400000000000000E-002  0.000000000000000E+000
 -2.300000000000000E-002  0.000000000000000E+000
 -2.200000000000000E-002  0.000000000000000E+000
 -2.100000000000000E-002  0.000000000000000E+000
 -2.000000000000000E-002  0.000000000000000E+000
 -1.900000000000000E-002  0.000000000000000E+000
 -1.800000000000000E-002  0.000000000000000E+000
 -1.700000000000000E-002  0.000000000000000E+000
 -1.600000000000000E-002  0.000000000000000E+000
 -1.500000000000000E-002  0.000000000000000E+000
 -1.400000000000000E-002  0.000000000000000E+000
 -1.300000000000000E-002  0.000000000000000E+000
 -1.200000000000000E-002  0.000000000000000E+000
 -1.100000000000000E-002  0.000000000000000E+000
 -1.000000000000000E-002  0.000000000000000E+000
 -9.000000000000001E-003  0.000000000000000E+000
 -8.000000000000000E-003  0.000000000000000E+000
 -6.999999999999999E-003  0.000000000000000E+000
 -6.000000000000002E-003  0.000000000000000E+000
 -5.000000000000001E-003  0.000000000000000E+000
 -4.000000000000000E-003  0.000000000000000E+000
 -3.000000000000003E-003  0.000000000000000E+000
 -2.000000000000002E-003  0.000000000000000E+000
 -1.000000000000001E-003  0.000000000000000E+000
  0.000000000000000E+000  0.000000000000000E+000
  1.000000000000001E-003  0.000000000000000E+000
  1.999999999999998E-003  0.000000000000000E+000
  2.999999999999999E-003  0.000000000000000E+000
  4.000000000000000E-003  0.000000000000000E+000
  4.999999999999998E-003  0.000000000000000E+000
  5.999999999999998E-003  0.000000000000000E+000
  6.999999999999999E-003  0.000000000000000E+000
  8.000000000000000E-003  0.000000000000000E+000
  9.000000000000001E-003  0.000000000000000E+000
  1.000000000000000E-002  0.000000000000000E+000
  1.100000000000000E-002  0.000000000000000E+000
  1.200000000000000E-002  0.000000000000000E+000
  1.300000000000000E-002  0.000000000000000E+000
  1.400000000000000E-002  0.000000000000000E+000
  1.500000000000000E-002  0.000000000000000E+000
  1.600000000000000E-002  0.000000000000000E+000
  1.700000000000000E-002  0.000000000000000E+000
  1.800000000000000E-002  0.000000000000000E+000
  1.900000000000000E-002  0.000000000000000E+000
  2.000000000000000E-002  0.000000000000000E+000
  2.100000000000000E-002  0.000000000000000E+000
  2.200000000000000E-002  0.000000000000000E+000
  2.300000000000000E-002  0.000000000000000E+000
  2.400000000000000E-002  0.000000000000000E+000
  2.500000000000000E-002  0.000000000000000E+000
4
   105.116070000000     
 7
38
 7
38
 0
 0
  164.26194000
