 -2.500000000000000E-002  0.000000000000000E+000
 -2.400000000000000E-002  0.000000000000000E+000
 -2.300000000000000E-002  0.000000000000000E+000
 -2.200000000000000E-002  0.000000000000000E+000
 -2.100000000000000E-002  0.000000000000000E+000
 -2.000000000000000E-002  0.000000000000000E+000
 -1.900000000000000E-002  0.000000000000000E+000
 -1.800000000000000E-002  0.000000000000000E+000
 -1.700000000000000E-002  5.674820197026413E-003
 -1.600000000000000E-002  8.164812016675313E-002
 -1.500000000000000E-002  0.288563349514736     
 -1.400000000000000E-002  0.191720889789818     
 -1.300000000000000E-002  0.248496132350535     
 -1.200000000000000E-002  0.262775452487914     
 -1.100000000000000E-002  0.779607048675757     
 -1.000000000000000E-002  0.565762279806909     
 -9.000000000000001E-003  0.687160020569309     
 -8.000000000000000E-003   2.42399405900641     
 -6.999999999999999E-003   2.01782745548258     
 -6.000000000000002E-003   9.43489303888803     
 -5.000000000000001E-003   9.30088013673356     
 -4.000000000000000E-003   12.3626408191747     
 -3.000000000000003E-003   11.0057134156194     
 -2.000000000000002E-003   18.6224490073006     
 -1.000000000000001E-003   16.5937411226891     
  0.000000000000000E+000   14.8301759155391     
  1.000000000000001E-003   7.57384678617564     
  1.999999999999998E-003   4.79287161572748     
  2.999999999999999E-003   4.61235404394446     
  4.000000000000000E-003   3.26911345127809     
  4.999999999999998E-003   2.45668288507452     
  5.999999999999998E-003   2.10212656708675     
  6.999999999999999E-003   1.14141584325996     
  8.000000000000000E-003   1.75110690729066     
  9.000000000000001E-003   1.09069859819012     
  1.000000000000000E-002  0.991989852526217     
  1.100000000000000E-002  0.955903333813766     
  1.200000000000000E-002   1.04403638714018     
  1.300000000000000E-002  0.983921612243998     
  1.400000000000000E-002  0.669491741853300     
  1.500000000000000E-002  0.336101516792066     
  1.600000000000000E-002  5.679436536759900E-002
  1.700000000000000E-002  7.793432319697180E-004
  1.800000000000000E-002  0.000000000000000E+000
  1.900000000000000E-002  0.000000000000000E+000
  2.000000000000000E-002  0.000000000000000E+000
  2.100000000000000E-002  0.000000000000000E+000
  2.200000000000000E-002  0.000000000000000E+000
  2.300000000000000E-002  0.000000000000000E+000
  2.400000000000000E-002  0.000000000000000E+000
  2.500000000000000E-002  0.000000000000000E+000
 -2.500000000000000E-002  0.000000000000000E+000
 -2.400000000000000E-002  0.000000000000000E+000
 -2.300000000000000E-002  0.000000000000000E+000
 -2.200000000000000E-002  0.000000000000000E+000
 -2.100000000000000E-002  0.000000000000000E+000
 -2.000000000000000E-002  0.000000000000000E+000
 -1.900000000000000E-002  0.000000000000000E+000
 -1.800000000000000E-002  0.000000000000000E+000
 -1.700000000000000E-002  0.102637452767548     
 -1.600000000000000E-002   1.03118421096707     
 -1.500000000000000E-002   2.57789640285879     
 -1.400000000000000E-002   1.22491552020405     
 -1.300000000000000E-002   1.14548224134543     
 -1.200000000000000E-002  0.879397276143604     
 -1.100000000000000E-002   1.90015662068971     
 -1.000000000000000E-002   1.00384723841980     
 -9.000000000000001E-003  0.736461464671914     
 -8.000000000000000E-003  0.269161307888273     
 -6.999999999999999E-003  0.146365530868199     
 -6.000000000000002E-003  0.203075753008637     
 -5.000000000000001E-003  0.157842216684983     
 -4.000000000000000E-003  7.864950742144793E-002
 -3.000000000000003E-003  9.530815083776643E-003
 -2.000000000000002E-003  4.640430168554203E-003
 -1.000000000000001E-003  3.554635551664646E-004
  0.000000000000000E+000  0.000000000000000E+000
  1.000000000000001E-003  3.790461920992133E-003
  1.999999999999998E-003  1.357712308030871E-002
  2.999999999999999E-003  8.794628988359997E-002
  4.000000000000000E-003  0.140400657672949     
  4.999999999999998E-003  0.273394262923469     
  5.999999999999998E-003  0.555136941061031     
  6.999999999999999E-003  0.463659970829619     
  8.000000000000000E-003  0.926738759143038     
  9.000000000000001E-003  0.886605663524072     
  1.000000000000000E-002   1.50311811555353     
  1.100000000000000E-002   2.19729269082904     
  1.200000000000000E-002   2.70136340447286     
  1.300000000000000E-002   3.41508518892058     
  1.400000000000000E-002   3.94515635954964     
  1.500000000000000E-002   2.76505531510424     
  1.600000000000000E-002  0.510632027814267     
  1.700000000000000E-002  0.000000000000000E+000
  1.800000000000000E-002  0.000000000000000E+000
  1.900000000000000E-002  0.000000000000000E+000
  2.000000000000000E-002  0.000000000000000E+000
  2.100000000000000E-002  0.000000000000000E+000
  2.200000000000000E-002  0.000000000000000E+000
  2.300000000000000E-002  0.000000000000000E+000
  2.400000000000000E-002  0.000000000000000E+000
  2.500000000000000E-002  0.000000000000000E+000
 -2.500000000000000E-002  0.000000000000000E+000
 -2.400000000000000E-002  0.000000000000000E+000
 -2.300000000000000E-002  0.000000000000000E+000
 -2.200000000000000E-002  0.000000000000000E+000
 -2.100000000000000E-002  0.000000000000000E+000
 -2.000000000000000E-002  0.000000000000000E+000
 -1.900000000000000E-002  0.000000000000000E+000
 -1.800000000000000E-002  0.000000000000000E+000
 -1.700000000000000E-002  0.000000000000000E+000
 -1.600000000000000E-002  0.000000000000000E+000
 -1.500000000000000E-002  0.000000000000000E+000
 -1.400000000000000E-002  0.000000000000000E+000
 -1.300000000000000E-002  0.000000000000000E+000
 -1.200000000000000E-002  0.000000000000000E+000
 -1.100000000000000E-002  0.000000000000000E+000
 -1.000000000000000E-002  0.000000000000000E+000
 -9.000000000000001E-003  0.000000000000000E+000
 -8.000000000000000E-003  0.000000000000000E+000
 -6.999999999999999E-003  0.000000000000000E+000
 -6.000000000000002E-003  0.000000000000000E+000
 -5.000000000000001E-003  0.000000000000000E+000
 -4.000000000000000E-003  0.000000000000000E+000
 -3.000000000000003E-003  0.000000000000000E+000
 -2.000000000000002E-003  0.000000000000000E+000
 -1.000000000000001E-003  0.000000000000000E+000
  0.000000000000000E+000  0.000000000000000E+000
  1.000000000000001E-003  0.000000000000000E+000
  1.999999999999998E-003  0.000000000000000E+000
  2.999999999999999E-003  0.000000000000000E+000
  4.000000000000000E-003  0.000000000000000E+000
  4.999999999999998E-003  0.000000000000000E+000
  5.999999999999998E-003  1.028764192235126E-002
  6.999999999999999E-003  9.591487921017812E-003
  8.000000000000000E-003  0.126525543070804     
  9.000000000000001E-003  8.214800076795718E-002
  1.000000000000000E-002  9.987906207884049E-002
  1.100000000000000E-002  0.132555469947450     
  1.200000000000000E-002  0.792580745763579     
  1.300000000000000E-002   1.12045716757611     
  1.400000000000000E-002  0.332263936921890     
  1.500000000000000E-002  0.237525894847386     
  1.600000000000000E-002  0.206658862892736     
  1.700000000000000E-002  1.409556627061323E-002
  1.800000000000000E-002  0.000000000000000E+000
  1.900000000000000E-002  0.000000000000000E+000
  2.000000000000000E-002  0.000000000000000E+000
  2.100000000000000E-002  0.000000000000000E+000
  2.200000000000000E-002  0.000000000000000E+000
  2.300000000000000E-002  0.000000000000000E+000
  2.400000000000000E-002  0.000000000000000E+000
  2.500000000000000E-002  0.000000000000000E+000
4
   82.3933800000000     
 9
43
 9
42
32
43
  162.29553000
