 -2.500000000000000E-002  0.000000000000000E+000
 -2.400000000000000E-002  0.000000000000000E+000
 -2.300000000000000E-002  0.000000000000000E+000
 -2.200000000000000E-002  0.000000000000000E+000
 -2.100000000000000E-002  0.000000000000000E+000
 -2.000000000000000E-002  0.000000000000000E+000
 -1.900000000000000E-002  0.000000000000000E+000
 -1.800000000000000E-002  0.000000000000000E+000
 -1.700000000000000E-002  0.000000000000000E+000
 -1.600000000000000E-002  4.560448273328292E-002
 -1.500000000000000E-002  0.152874921802120     
 -1.400000000000000E-002  0.350942195889656     
 -1.300000000000000E-002  0.159708022970948     
 -1.200000000000000E-002  0.183903979248008     
 -1.100000000000000E-002  0.563313391119120     
 -1.000000000000000E-002  0.967239726211709     
 -9.000000000000001E-003  0.734735441507231     
 -8.000000000000000E-003  0.631548621942115     
 -6.999999999999999E-003   1.77809685648483     
 -6.000000000000002E-003   1.62817080764826     
 -5.000000000000001E-003   5.74243166323093     
 -4.000000000000000E-003   11.4381427801946     
 -3.000000000000003E-003   13.3370519951054     
 -2.000000000000002E-003   12.1443002158069     
 -1.000000000000001E-003   8.89555782467387     
  0.000000000000000E+000   8.53428807836312     
  1.000000000000001E-003   14.7258504582571     
  1.999999999999998E-003   9.96063533716210     
  2.999999999999999E-003   2.71940909013245     
  4.000000000000000E-003   2.06624932581899     
  4.999999999999998E-003  0.782839299091575     
  5.999999999999998E-003   2.15125363225682     
  6.999999999999999E-003  0.890217850178175     
  8.000000000000000E-003  0.416443630727502     
  9.000000000000001E-003   1.16306568526112     
  1.000000000000000E-002   1.53226799356752     
  1.100000000000000E-002  0.589750755795920     
  1.200000000000000E-002  0.619568178965950     
  1.300000000000000E-002  0.674152517669137     
  1.400000000000000E-002  0.432065608293992     
  1.500000000000000E-002  0.146011723340269     
  1.600000000000000E-002  2.355808312481677E-002
  1.700000000000000E-002  0.000000000000000E+000
  1.800000000000000E-002  0.000000000000000E+000
  1.900000000000000E-002  0.000000000000000E+000
  2.000000000000000E-002  0.000000000000000E+000
  2.100000000000000E-002  0.000000000000000E+000
  2.200000000000000E-002  0.000000000000000E+000
  2.300000000000000E-002  0.000000000000000E+000
  2.400000000000000E-002  0.000000000000000E+000
  2.500000000000000E-002  0.000000000000000E+000
 -2.500000000000000E-002  0.000000000000000E+000
 -2.400000000000000E-002  0.000000000000000E+000
 -2.300000000000000E-002  0.000000000000000E+000
 -2.200000000000000E-002  0.000000000000000E+000
 -2.100000000000000E-002  0.000000000000000E+000
 -2.000000000000000E-002  0.000000000000000E+000
 -1.900000000000000E-002  0.000000000000000E+000
 -1.800000000000000E-002  0.000000000000000E+000
 -1.700000000000000E-002  0.000000000000000E+000
 -1.600000000000000E-002  0.575966996519175     
 -1.500000000000000E-002   1.36571644203513     
 -1.400000000000000E-002   2.24218937702092     
 -1.300000000000000E-002  0.736199402313210     
 -1.200000000000000E-002  0.615448120787109     
 -1.100000000000000E-002   1.37297844019795     
 -1.000000000000000E-002   1.71619947582743     
 -9.000000000000001E-003  0.944411386842825     
 -8.000000000000000E-003  0.391225517628074     
 -6.999999999999999E-003  0.101287524404996     
 -6.000000000000002E-003  7.293465159662937E-002
 -5.000000000000001E-003  0.236319757115096     
 -4.000000000000000E-003  4.502490888290578E-002
 -3.000000000000003E-003  3.087042095669261E-002
 -2.000000000000002E-003  3.061389740477097E-003
 -1.000000000000001E-003  1.263876453335654E-003
  0.000000000000000E+000  0.000000000000000E+000
  1.000000000000001E-003  3.990736947182855E-003
  1.999999999999998E-003  2.427753298201610E-002
  2.999999999999999E-003  6.623672261602745E-002
  4.000000000000000E-003  0.216669301697797     
  4.999999999999998E-003  0.109708724989547     
  5.999999999999998E-003  0.493368211290554     
  6.999999999999999E-003  0.556680406460816     
  8.000000000000000E-003  0.383716872474566     
  9.000000000000001E-003   1.49497685119624     
  1.000000000000000E-002   2.71874433620207     
  1.100000000000000E-002   1.43741491958784     
  1.200000000000000E-002   2.07343023790614     
  1.300000000000000E-002   3.10761270062335     
  1.400000000000000E-002   2.76049140980891     
  1.500000000000000E-002   1.30440368469201     
  1.600000000000000E-002  0.297529487627477     
  1.700000000000000E-002  0.000000000000000E+000
  1.800000000000000E-002  0.000000000000000E+000
  1.900000000000000E-002  0.000000000000000E+000
  2.000000000000000E-002  0.000000000000000E+000
  2.100000000000000E-002  0.000000000000000E+000
  2.200000000000000E-002  0.000000000000000E+000
  2.300000000000000E-002  0.000000000000000E+000
  2.400000000000000E-002  0.000000000000000E+000
  2.500000000000000E-002  0.000000000000000E+000
 -2.500000000000000E-002  0.000000000000000E+000
 -2.400000000000000E-002  0.000000000000000E+000
 -2.300000000000000E-002  0.000000000000000E+000
 -2.200000000000000E-002  0.000000000000000E+000
 -2.100000000000000E-002  0.000000000000000E+000
 -2.000000000000000E-002  0.000000000000000E+000
 -1.900000000000000E-002  0.000000000000000E+000
 -1.800000000000000E-002  0.000000000000000E+000
 -1.700000000000000E-002  0.000000000000000E+000
 -1.600000000000000E-002  0.000000000000000E+000
 -1.500000000000000E-002  0.000000000000000E+000
 -1.400000000000000E-002  0.000000000000000E+000
 -1.300000000000000E-002  0.000000000000000E+000
 -1.200000000000000E-002  0.000000000000000E+000
 -1.100000000000000E-002  0.000000000000000E+000
 -1.000000000000000E-002  0.000000000000000E+000
 -9.000000000000001E-003  0.000000000000000E+000
 -8.000000000000000E-003  0.000000000000000E+000
 -6.999999999999999E-003  0.000000000000000E+000
 -6.000000000000002E-003  0.000000000000000E+000
 -5.000000000000001E-003  0.000000000000000E+000
 -4.000000000000000E-003  0.000000000000000E+000
 -3.000000000000003E-003  0.000000000000000E+000
 -2.000000000000002E-003  0.000000000000000E+000
 -1.000000000000001E-003  0.000000000000000E+000
  0.000000000000000E+000  0.000000000000000E+000
  1.000000000000001E-003  0.000000000000000E+000
  1.999999999999998E-003  0.000000000000000E+000
  2.999999999999999E-003  0.000000000000000E+000
  4.000000000000000E-003  0.000000000000000E+000
  4.999999999999998E-003  0.000000000000000E+000
  5.999999999999998E-003  0.000000000000000E+000
  6.999999999999999E-003  0.000000000000000E+000
  8.000000000000000E-003  0.000000000000000E+000
  9.000000000000001E-003  0.000000000000000E+000
  1.000000000000000E-002  0.000000000000000E+000
  1.100000000000000E-002  0.000000000000000E+000
  1.200000000000000E-002  0.000000000000000E+000
  1.300000000000000E-002  0.000000000000000E+000
  1.400000000000000E-002  0.000000000000000E+000
  1.500000000000000E-002  0.000000000000000E+000
  1.600000000000000E-002  0.000000000000000E+000
  1.700000000000000E-002  0.000000000000000E+000
  1.800000000000000E-002  0.000000000000000E+000
  1.900000000000000E-002  0.000000000000000E+000
  2.000000000000000E-002  0.000000000000000E+000
  2.100000000000000E-002  0.000000000000000E+000
  2.200000000000000E-002  0.000000000000000E+000
  2.300000000000000E-002  0.000000000000000E+000
  2.400000000000000E-002  0.000000000000000E+000
  2.500000000000000E-002  0.000000000000000E+000
4
   86.5926750000000     
10
42
10
42
 0
 0
  125.02042000
