 -2.500000000000000E-002  0.000000000000000E+000
 -2.400000000000000E-002  0.000000000000000E+000
 -2.300000000000000E-002  0.000000000000000E+000
 -2.200000000000000E-002  0.000000000000000E+000
 -2.100000000000000E-002  0.000000000000000E+000
 -2.000000000000000E-002  0.000000000000000E+000
 -1.900000000000000E-002  0.000000000000000E+000
 -1.800000000000000E-002  0.000000000000000E+000
 -1.700000000000000E-002  0.000000000000000E+000
 -1.600000000000000E-002  0.000000000000000E+000
 -1.500000000000000E-002  0.000000000000000E+000
 -1.400000000000000E-002  0.000000000000000E+000
 -1.300000000000000E-002  0.000000000000000E+000
 -1.200000000000000E-002  0.000000000000000E+000
 -1.100000000000000E-002  9.304350492346392E-002
 -1.000000000000000E-002  0.714618035364423     
 -9.000000000000001E-003  0.323747622600920     
 -8.000000000000000E-003  0.513556736946141     
 -6.999999999999999E-003  0.740869688857794     
 -6.000000000000002E-003  0.453248790786534     
 -5.000000000000001E-003   2.59221020401899     
 -4.000000000000000E-003   7.77955598627848     
 -3.000000000000003E-003   9.86382881899744     
 -2.000000000000002E-003   13.0741092545383     
 -1.000000000000001E-003   12.5937210338968     
  0.000000000000000E+000   10.0415099659300     
  1.000000000000001E-003   13.3055442311537     
  1.999999999999998E-003   4.47057825217585     
  2.999999999999999E-003   1.06207220483409     
  4.000000000000000E-003   1.04570285241638     
  4.999999999999998E-003   1.45686828785740     
  5.999999999999998E-003  0.657690730921719     
  6.999999999999999E-003  0.576501027450900     
  8.000000000000000E-003  0.213066675156119     
  9.000000000000001E-003  0.701240324239884     
  1.000000000000000E-002  0.455877616490872     
  1.100000000000000E-002  0.355886089411758     
  1.200000000000000E-002  3.686735836586873E-002
  1.300000000000000E-002  0.233798764459788     
  1.400000000000000E-002  5.864513864067530E-002
  1.500000000000000E-002  3.439970502770604E-002
  1.600000000000000E-002  2.281964416405472E-002
  1.700000000000000E-002  4.261006465317322E-002
  1.800000000000000E-002  4.392109858805085E-002
  1.900000000000000E-002  4.820792048704919E-003
  2.000000000000000E-002  6.713209885718724E-003
  2.100000000000000E-002  3.744580338295832E-003
  2.200000000000000E-002  0.000000000000000E+000
  2.300000000000000E-002  0.000000000000000E+000
  2.400000000000000E-002  0.000000000000000E+000
  2.500000000000000E-002  0.000000000000000E+000
 -2.500000000000000E-002  0.000000000000000E+000
 -2.400000000000000E-002  0.000000000000000E+000
 -2.300000000000000E-002  0.000000000000000E+000
 -2.200000000000000E-002  0.000000000000000E+000
 -2.100000000000000E-002  0.000000000000000E+000
 -2.000000000000000E-002  0.000000000000000E+000
 -1.900000000000000E-002  0.000000000000000E+000
 -1.800000000000000E-002  0.000000000000000E+000
 -1.700000000000000E-002  0.000000000000000E+000
 -1.600000000000000E-002  0.000000000000000E+000
 -1.500000000000000E-002  0.000000000000000E+000
 -1.400000000000000E-002  0.000000000000000E+000
 -1.300000000000000E-002  0.000000000000000E+000
 -1.200000000000000E-002  0.000000000000000E+000
 -1.100000000000000E-002  0.000000000000000E+000
 -1.000000000000000E-002  0.000000000000000E+000
 -9.000000000000001E-003  0.000000000000000E+000
 -8.000000000000000E-003  0.000000000000000E+000
 -6.999999999999999E-003  0.000000000000000E+000
 -6.000000000000002E-003  0.000000000000000E+000
 -5.000000000000001E-003  0.000000000000000E+000
 -4.000000000000000E-003  0.000000000000000E+000
 -3.000000000000003E-003  0.000000000000000E+000
 -2.000000000000002E-003  0.000000000000000E+000
 -1.000000000000001E-003  0.000000000000000E+000
  0.000000000000000E+000  0.000000000000000E+000
  1.000000000000001E-003  0.000000000000000E+000
  1.999999999999998E-003  0.000000000000000E+000
  2.999999999999999E-003  0.000000000000000E+000
  4.000000000000000E-003  0.000000000000000E+000
  4.999999999999998E-003  0.000000000000000E+000
  5.999999999999998E-003  0.000000000000000E+000
  6.999999999999999E-003  0.000000000000000E+000
  8.000000000000000E-003  0.000000000000000E+000
  9.000000000000001E-003  0.000000000000000E+000
  1.000000000000000E-002  0.000000000000000E+000
  1.100000000000000E-002  0.000000000000000E+000
  1.200000000000000E-002  0.000000000000000E+000
  1.300000000000000E-002  0.000000000000000E+000
  1.400000000000000E-002  0.000000000000000E+000
  1.500000000000000E-002  0.000000000000000E+000
  1.600000000000000E-002  0.000000000000000E+000
  1.700000000000000E-002  0.000000000000000E+000
  1.800000000000000E-002  0.000000000000000E+000
  1.900000000000000E-002  0.000000000000000E+000
  2.000000000000000E-002  0.000000000000000E+000
  2.100000000000000E-002  0.000000000000000E+000
  2.200000000000000E-002  0.000000000000000E+000
  2.300000000000000E-002  0.000000000000000E+000
  2.400000000000000E-002  0.000000000000000E+000
  2.500000000000000E-002  0.000000000000000E+000
 -2.500000000000000E-002  0.000000000000000E+000
 -2.400000000000000E-002  0.000000000000000E+000
 -2.300000000000000E-002  0.000000000000000E+000
 -2.200000000000000E-002  0.000000000000000E+000
 -2.100000000000000E-002  0.000000000000000E+000
 -2.000000000000000E-002  0.000000000000000E+000
 -1.900000000000000E-002  0.000000000000000E+000
 -1.800000000000000E-002  0.000000000000000E+000
 -1.700000000000000E-002  0.000000000000000E+000
 -1.600000000000000E-002  0.000000000000000E+000
 -1.500000000000000E-002  0.000000000000000E+000
 -1.400000000000000E-002  0.000000000000000E+000
 -1.300000000000000E-002  0.000000000000000E+000
 -1.200000000000000E-002  0.000000000000000E+000
 -1.100000000000000E-002  0.226777364561806     
 -1.000000000000000E-002   1.26796601139686     
 -9.000000000000001E-003  0.416137461152531     
 -8.000000000000000E-003  0.473198220356891     
 -6.999999999999999E-003  0.480617925979036     
 -6.000000000000002E-003  0.201196583771008     
 -5.000000000000001E-003  0.263527682922129     
 -4.000000000000000E-003  1.175478502135146E-002
 -3.000000000000003E-003  2.666312433143629E-002
 -2.000000000000002E-003  6.655928952415534E-003
 -1.000000000000001E-003  1.547570676227569E-003
  0.000000000000000E+000  0.000000000000000E+000
  1.000000000000001E-003  1.653350036283751E-003
  1.999999999999998E-003  1.004700212629986E-002
  2.999999999999999E-003  2.999576663785209E-002
  4.000000000000000E-003  6.786845562030897E-002
  4.999999999999998E-003  0.108941459333801     
  5.999999999999998E-003  5.919716554724070E-002
  6.999999999999999E-003  3.631553918503253E-002
  8.000000000000000E-003  0.000000000000000E+000
  9.000000000000001E-003  0.113647335017298     
  1.000000000000000E-002  0.481874905277277     
  1.100000000000000E-002  0.343886974868944     
  1.200000000000000E-002  0.123379311950937     
  1.300000000000000E-002   1.07773239850432     
  1.400000000000000E-002  0.374687080704840     
  1.500000000000000E-002  0.307311638846216     
  1.600000000000000E-002  0.288203288866923     
  1.700000000000000E-002  0.770665562329865     
  1.800000000000000E-002   1.15420886819823     
  1.900000000000000E-002  0.187009619668700     
  2.000000000000000E-002  0.390991527098508     
  2.100000000000000E-002  0.333331799639434     
  2.200000000000000E-002  0.000000000000000E+000
  2.300000000000000E-002  0.000000000000000E+000
  2.400000000000000E-002  0.000000000000000E+000
  2.500000000000000E-002  0.000000000000000E+000
4
   97.0164000000000     
15
47
 0
 0
15
47
   75.65097000
