 -2.500000000000000E-002  0.000000000000000E+000
 -2.400000000000000E-002  0.000000000000000E+000
 -2.300000000000000E-002  0.000000000000000E+000
 -2.200000000000000E-002  0.000000000000000E+000
 -2.100000000000000E-002  0.000000000000000E+000
 -2.000000000000000E-002  0.000000000000000E+000
 -1.900000000000000E-002  0.000000000000000E+000
 -1.800000000000000E-002  0.000000000000000E+000
 -1.700000000000000E-002  0.000000000000000E+000
 -1.600000000000000E-002  0.000000000000000E+000
 -1.500000000000000E-002  0.000000000000000E+000
 -1.400000000000000E-002  0.000000000000000E+000
 -1.300000000000000E-002  0.000000000000000E+000
 -1.200000000000000E-002  0.000000000000000E+000
 -1.100000000000000E-002  0.000000000000000E+000
 -1.000000000000000E-002  0.169853286695862     
 -9.000000000000001E-003  0.537406474180409     
 -8.000000000000000E-003  0.468767056315056     
 -6.999999999999999E-003  0.777339356484988     
 -6.000000000000002E-003  0.604747503890533     
 -5.000000000000001E-003  0.819428131592423     
 -4.000000000000000E-003   4.29527506959629     
 -3.000000000000003E-003   28.9669336891962     
 -2.000000000000002E-003   63.0180210504796     
 -1.000000000000001E-003   80.4847585181122     
  0.000000000000000E+000   59.6421190543897     
  1.000000000000001E-003   51.2694270108071     
  1.999999999999998E-003   35.6241662621081     
  2.999999999999999E-003   29.6903606590604     
  4.000000000000000E-003   3.64965596733859     
  4.999999999999998E-003   1.61163215307649     
  5.999999999999998E-003  0.364618573852308     
  6.999999999999999E-003  0.303113741198797     
  8.000000000000000E-003  0.587228146541941     
  9.000000000000001E-003  0.242326828503782     
  1.000000000000000E-002  0.200322661167791     
  1.100000000000000E-002  0.103690911992675     
  1.200000000000000E-002  0.116245515993024     
  1.300000000000000E-002  6.937384475158953E-002
  1.400000000000000E-002  5.103760672554553E-002
  1.500000000000000E-002  0.161865968522276     
  1.600000000000000E-002  4.914104878803542E-002
  1.700000000000000E-002  2.362909777180939E-002
  1.800000000000000E-002  1.367661406599640E-002
  1.900000000000000E-002  8.170388232535493E-003
  2.000000000000000E-002  6.398774798608738E-003
  2.100000000000000E-002  3.411067468701486E-003
  2.200000000000000E-002  0.000000000000000E+000
  2.300000000000000E-002  0.000000000000000E+000
  2.400000000000000E-002  0.000000000000000E+000
  2.500000000000000E-002  0.000000000000000E+000
 -2.500000000000000E-002  0.000000000000000E+000
 -2.400000000000000E-002  0.000000000000000E+000
 -2.300000000000000E-002  0.000000000000000E+000
 -2.200000000000000E-002  0.000000000000000E+000
 -2.100000000000000E-002  0.000000000000000E+000
 -2.000000000000000E-002  0.000000000000000E+000
 -1.900000000000000E-002  0.000000000000000E+000
 -1.800000000000000E-002  0.000000000000000E+000
 -1.700000000000000E-002  0.000000000000000E+000
 -1.600000000000000E-002  0.000000000000000E+000
 -1.500000000000000E-002  0.000000000000000E+000
 -1.400000000000000E-002  0.000000000000000E+000
 -1.300000000000000E-002  0.000000000000000E+000
 -1.200000000000000E-002  0.000000000000000E+000
 -1.100000000000000E-002  0.000000000000000E+000
 -1.000000000000000E-002  0.000000000000000E+000
 -9.000000000000001E-003  0.000000000000000E+000
 -8.000000000000000E-003  0.000000000000000E+000
 -6.999999999999999E-003  0.000000000000000E+000
 -6.000000000000002E-003  0.000000000000000E+000
 -5.000000000000001E-003  0.000000000000000E+000
 -4.000000000000000E-003  0.000000000000000E+000
 -3.000000000000003E-003  0.000000000000000E+000
 -2.000000000000002E-003  0.000000000000000E+000
 -1.000000000000001E-003  0.000000000000000E+000
  0.000000000000000E+000  0.000000000000000E+000
  1.000000000000001E-003  0.000000000000000E+000
  1.999999999999998E-003  0.000000000000000E+000
  2.999999999999999E-003  0.000000000000000E+000
  4.000000000000000E-003  0.000000000000000E+000
  4.999999999999998E-003  0.000000000000000E+000
  5.999999999999998E-003  0.000000000000000E+000
  6.999999999999999E-003  0.000000000000000E+000
  8.000000000000000E-003  0.000000000000000E+000
  9.000000000000001E-003  0.000000000000000E+000
  1.000000000000000E-002  0.000000000000000E+000
  1.100000000000000E-002  0.000000000000000E+000
  1.200000000000000E-002  0.000000000000000E+000
  1.300000000000000E-002  0.000000000000000E+000
  1.400000000000000E-002  0.000000000000000E+000
  1.500000000000000E-002  0.000000000000000E+000
  1.600000000000000E-002  0.000000000000000E+000
  1.700000000000000E-002  0.000000000000000E+000
  1.800000000000000E-002  0.000000000000000E+000
  1.900000000000000E-002  0.000000000000000E+000
  2.000000000000000E-002  0.000000000000000E+000
  2.100000000000000E-002  0.000000000000000E+000
  2.200000000000000E-002  0.000000000000000E+000
  2.300000000000000E-002  0.000000000000000E+000
  2.400000000000000E-002  0.000000000000000E+000
  2.500000000000000E-002  0.000000000000000E+000
 -2.500000000000000E-002  0.000000000000000E+000
 -2.400000000000000E-002  0.000000000000000E+000
 -2.300000000000000E-002  0.000000000000000E+000
 -2.200000000000000E-002  0.000000000000000E+000
 -2.100000000000000E-002  0.000000000000000E+000
 -2.000000000000000E-002  0.000000000000000E+000
 -1.900000000000000E-002  0.000000000000000E+000
 -1.800000000000000E-002  0.000000000000000E+000
 -1.700000000000000E-002  0.000000000000000E+000
 -1.600000000000000E-002  0.000000000000000E+000
 -1.500000000000000E-002  0.000000000000000E+000
 -1.400000000000000E-002  0.000000000000000E+000
 -1.300000000000000E-002  0.000000000000000E+000
 -1.200000000000000E-002  0.000000000000000E+000
 -1.100000000000000E-002  0.000000000000000E+000
 -1.000000000000000E-002  0.301375257545203     
 -9.000000000000001E-003  0.690769445581506     
 -8.000000000000000E-003  0.431928394376192     
 -6.999999999999999E-003  0.504276575104161     
 -6.000000000000002E-003  0.268446677189534     
 -5.000000000000001E-003  0.216023449814982     
 -4.000000000000000E-003  4.327324059464335E-002
 -3.000000000000003E-003  2.345869396138670E-002
 -2.000000000000002E-003  1.196645576066737E-002
 -1.000000000000001E-003  1.836077485425556E-003
  0.000000000000000E+000  0.000000000000000E+000
  1.000000000000001E-003  0.000000000000000E+000
  1.999999999999998E-003  0.000000000000000E+000
  2.999999999999999E-003  8.218372288593544E-004
  4.000000000000000E-003  3.870481396771766E-002
  4.999999999999998E-003  3.918095113116881E-002
  5.999999999999998E-003  2.619801805993443E-002
  6.999999999999999E-003  5.175260095500490E-002
  8.000000000000000E-003  0.135046696455421     
  9.000000000000001E-003  0.166209052924849     
  1.000000000000000E-002  0.355437888639066     
  1.100000000000000E-002  0.252728567889311     
  1.200000000000000E-002  0.389024123677896     
  1.300000000000000E-002  0.319789714331259     
  1.400000000000000E-002  0.326082132524670     
  1.500000000000000E-002   1.44603844771188     
  1.600000000000000E-002  0.620632459352303     
  1.700000000000000E-002  0.427366916006374     
  1.800000000000000E-002  0.359409708531115     
  1.900000000000000E-002  0.316948165462263     
  2.000000000000000E-002  0.372678163301553     
  2.100000000000000E-002  0.303643440736340     
  2.200000000000000E-002  0.000000000000000E+000
  2.300000000000000E-002  0.000000000000000E+000
  2.400000000000000E-002  0.000000000000000E+000
  2.500000000000000E-002  0.000000000000000E+000
4
   111.549877777778     
16
47
 0
 0
16
47
  380.65240000
