 -2.500000000000000E-002  0.000000000000000E+000
 -2.400000000000000E-002  0.000000000000000E+000
 -2.300000000000000E-002  0.000000000000000E+000
 -2.200000000000000E-002  0.000000000000000E+000
 -2.100000000000000E-002  0.000000000000000E+000
 -2.000000000000000E-002  0.000000000000000E+000
 -1.900000000000000E-002  0.000000000000000E+000
 -1.800000000000000E-002  3.554439914255489E-002
 -1.700000000000000E-002  0.133770200525126     
 -1.600000000000000E-002  2.763712520436096E-002
 -1.500000000000000E-002  0.291775133428051     
 -1.400000000000000E-002  0.353700843655375     
 -1.300000000000000E-002  0.258132395615859     
 -1.200000000000000E-002  0.100996327544874     
 -1.100000000000000E-002  0.161282291909575     
 -1.000000000000000E-002  0.358549657485162     
 -9.000000000000001E-003  0.987903037871427     
 -8.000000000000000E-003  0.931491100888419     
 -6.999999999999999E-003   2.61722105215044     
 -6.000000000000002E-003   10.2743279660455     
 -5.000000000000001E-003   7.67762967060155     
 -4.000000000000000E-003   11.3423931702002     
 -3.000000000000003E-003   26.0233109360880     
 -2.000000000000002E-003   39.8540939078942     
 -1.000000000000001E-003   33.5256470430684     
  0.000000000000000E+000   22.7823593876521     
  1.000000000000001E-003   14.5193652920028     
  1.999999999999998E-003   10.0583239136910     
  2.999999999999999E-003   7.62145611309980     
  4.000000000000000E-003   4.40159683846435     
  4.999999999999998E-003   5.47064177315818     
  5.999999999999998E-003   3.83456289980159     
  6.999999999999999E-003   1.23192883276586     
  8.000000000000000E-003   5.40181765272517     
  9.000000000000001E-003   2.71538685236084     
  1.000000000000000E-002   3.21848001857985     
  1.100000000000000E-002   3.20000265562072     
  1.200000000000000E-002   1.09433552845142     
  1.300000000000000E-002  0.112060032812898     
  1.400000000000000E-002  0.000000000000000E+000
  1.500000000000000E-002  0.000000000000000E+000
  1.600000000000000E-002  0.000000000000000E+000
  1.700000000000000E-002  0.000000000000000E+000
  1.800000000000000E-002  0.000000000000000E+000
  1.900000000000000E-002  0.000000000000000E+000
  2.000000000000000E-002  0.000000000000000E+000
  2.100000000000000E-002  0.000000000000000E+000
  2.200000000000000E-002  0.000000000000000E+000
  2.300000000000000E-002  0.000000000000000E+000
  2.400000000000000E-002  0.000000000000000E+000
  2.500000000000000E-002  0.000000000000000E+000
 -2.500000000000000E-002  0.000000000000000E+000
 -2.400000000000000E-002  0.000000000000000E+000
 -2.300000000000000E-002  0.000000000000000E+000
 -2.200000000000000E-002  0.000000000000000E+000
 -2.100000000000000E-002  0.000000000000000E+000
 -2.000000000000000E-002  0.000000000000000E+000
 -1.900000000000000E-002  0.000000000000000E+000
 -1.800000000000000E-002  0.934076378414538     
 -1.700000000000000E-002   2.41943042447362     
 -1.600000000000000E-002  0.349046213054904     
 -1.500000000000000E-002   2.60658904941566     
 -1.400000000000000E-002   2.25981453235329     
 -1.300000000000000E-002   1.18990212160250     
 -1.200000000000000E-002  0.337991598920582     
 -1.100000000000000E-002  0.393097542271514     
 -1.000000000000000E-002  0.636184306287947     
 -9.000000000000001E-003   1.26982696812402     
 -8.000000000000000E-003  0.536764039262527     
 -6.999999999999999E-003  5.859104344280557E-002
 -6.000000000000002E-003  2.999583391514072E-002
 -5.000000000000001E-003  4.113341676096831E-002
 -4.000000000000000E-003  0.000000000000000E+000
 -3.000000000000003E-003  0.000000000000000E+000
 -2.000000000000002E-003  0.000000000000000E+000
 -1.000000000000001E-003  0.000000000000000E+000
  0.000000000000000E+000  0.000000000000000E+000
  1.000000000000001E-003  4.937835492701489E-003
  1.999999999999998E-003  1.569429759890457E-002
  2.999999999999999E-003  0.228335854590998     
  4.000000000000000E-003  0.418866747388697     
  4.999999999999998E-003   1.08204658907696     
  5.999999999999998E-003   1.00553414179390     
  6.999999999999999E-003  0.303148020212806     
  8.000000000000000E-003   2.48903544078765     
  9.000000000000001E-003   2.28369358408986     
  1.000000000000000E-002  0.508904129932124     
  1.100000000000000E-002  0.000000000000000E+000
  1.200000000000000E-002  0.000000000000000E+000
  1.300000000000000E-002  0.000000000000000E+000
  1.400000000000000E-002  0.000000000000000E+000
  1.500000000000000E-002  0.000000000000000E+000
  1.600000000000000E-002  0.000000000000000E+000
  1.700000000000000E-002  0.000000000000000E+000
  1.800000000000000E-002  0.000000000000000E+000
  1.900000000000000E-002  0.000000000000000E+000
  2.000000000000000E-002  0.000000000000000E+000
  2.100000000000000E-002  0.000000000000000E+000
  2.200000000000000E-002  0.000000000000000E+000
  2.300000000000000E-002  0.000000000000000E+000
  2.400000000000000E-002  0.000000000000000E+000
  2.500000000000000E-002  0.000000000000000E+000
 -2.500000000000000E-002  0.000000000000000E+000
 -2.400000000000000E-002  0.000000000000000E+000
 -2.300000000000000E-002  0.000000000000000E+000
 -2.200000000000000E-002  0.000000000000000E+000
 -2.100000000000000E-002  0.000000000000000E+000
 -2.000000000000000E-002  0.000000000000000E+000
 -1.900000000000000E-002  0.000000000000000E+000
 -1.800000000000000E-002  0.000000000000000E+000
 -1.700000000000000E-002  0.000000000000000E+000
 -1.600000000000000E-002  0.000000000000000E+000
 -1.500000000000000E-002  0.000000000000000E+000
 -1.400000000000000E-002  0.000000000000000E+000
 -1.300000000000000E-002  0.000000000000000E+000
 -1.200000000000000E-002  0.000000000000000E+000
 -1.100000000000000E-002  0.000000000000000E+000
 -1.000000000000000E-002  0.000000000000000E+000
 -9.000000000000001E-003  0.000000000000000E+000
 -8.000000000000000E-003  0.000000000000000E+000
 -6.999999999999999E-003  0.000000000000000E+000
 -6.000000000000002E-003  0.000000000000000E+000
 -5.000000000000001E-003  0.000000000000000E+000
 -4.000000000000000E-003  0.000000000000000E+000
 -3.000000000000003E-003  0.000000000000000E+000
 -2.000000000000002E-003  0.000000000000000E+000
 -1.000000000000001E-003  0.000000000000000E+000
  0.000000000000000E+000  0.000000000000000E+000
  1.000000000000001E-003  1.481986473085633E-003
  1.999999999999998E-003  4.429920194930647E-003
  2.999999999999999E-003  7.350437218882531E-002
  4.000000000000000E-003  0.244612349731255     
  4.999999999999998E-003  0.404584003506403     
  5.999999999999998E-003  0.393719760693855     
  6.999999999999999E-003  0.350786219301138     
  8.000000000000000E-003   2.48827342514602     
  9.000000000000001E-003   1.20659981701815     
  1.000000000000000E-002   5.20173158028766     
  1.100000000000000E-002   7.79945004682901     
  1.200000000000000E-002   3.66227390647005     
  1.300000000000000E-002  0.516558452389464     
  1.400000000000000E-002  0.000000000000000E+000
  1.500000000000000E-002  0.000000000000000E+000
  1.600000000000000E-002  0.000000000000000E+000
  1.700000000000000E-002  0.000000000000000E+000
  1.800000000000000E-002  0.000000000000000E+000
  1.900000000000000E-002  0.000000000000000E+000
  2.000000000000000E-002  0.000000000000000E+000
  2.100000000000000E-002  0.000000000000000E+000
  2.200000000000000E-002  0.000000000000000E+000
  2.300000000000000E-002  0.000000000000000E+000
  2.400000000000000E-002  0.000000000000000E+000
  2.500000000000000E-002  0.000000000000000E+000
1
   85.5231750000000     
 8
39
 8
36
27
39
  266.17139000
