 -2.500000000000000E-002  0.000000000000000E+000
 -2.400000000000000E-002  0.000000000000000E+000
 -2.300000000000000E-002  0.000000000000000E+000
 -2.200000000000000E-002  0.000000000000000E+000
 -2.100000000000000E-002  0.000000000000000E+000
 -2.000000000000000E-002  0.000000000000000E+000
 -1.900000000000000E-002  0.000000000000000E+000
 -1.800000000000000E-002  0.000000000000000E+000
 -1.700000000000000E-002  1.002700726538774E-002
 -1.600000000000000E-002  4.516072015074037E-002
 -1.500000000000000E-002  0.154040013398611     
 -1.400000000000000E-002  5.139665758837429E-002
 -1.300000000000000E-002  0.150923570413191     
 -1.200000000000000E-002  0.218373385247083     
 -1.100000000000000E-002  0.445889280716357     
 -1.000000000000000E-002  0.140468704649457     
 -9.000000000000001E-003  0.387422580316058     
 -8.000000000000000E-003  0.491310670224822     
 -6.999999999999999E-003   1.39339812088853     
 -6.000000000000002E-003   2.26434314923307     
 -5.000000000000001E-003   11.3978043400174     
 -4.000000000000000E-003   27.9395728400108     
 -3.000000000000003E-003   27.1970112850565     
 -2.000000000000002E-003   18.8090071350815     
 -1.000000000000001E-003   18.3208650311995     
  0.000000000000000E+000   14.9983812650401     
  1.000000000000001E-003   12.4679648246094     
  1.999999999999998E-003   6.87386333056788     
  2.999999999999999E-003   4.23753399252242     
  4.000000000000000E-003   3.21346927550231     
  4.999999999999998E-003   2.28438847720211     
  5.999999999999998E-003   1.50322430956170     
  6.999999999999999E-003   1.16286576455779     
  8.000000000000000E-003   1.56715957530075     
  9.000000000000001E-003   2.23396432681103     
  1.000000000000000E-002   2.51890035717621     
  1.100000000000000E-002   1.00163188633914     
  1.200000000000000E-002  0.953760320762190     
  1.300000000000000E-002  0.862698752374019     
  1.400000000000000E-002  0.335838419144018     
  1.500000000000000E-002  9.151421575776932E-002
  1.600000000000000E-002  0.000000000000000E+000
  1.700000000000000E-002  0.000000000000000E+000
  1.800000000000000E-002  0.000000000000000E+000
  1.900000000000000E-002  0.000000000000000E+000
  2.000000000000000E-002  0.000000000000000E+000
  2.100000000000000E-002  0.000000000000000E+000
  2.200000000000000E-002  0.000000000000000E+000
  2.300000000000000E-002  0.000000000000000E+000
  2.400000000000000E-002  0.000000000000000E+000
  2.500000000000000E-002  0.000000000000000E+000
 -2.500000000000000E-002  0.000000000000000E+000
 -2.400000000000000E-002  0.000000000000000E+000
 -2.300000000000000E-002  0.000000000000000E+000
 -2.200000000000000E-002  0.000000000000000E+000
 -2.100000000000000E-002  0.000000000000000E+000
 -2.000000000000000E-002  0.000000000000000E+000
 -1.900000000000000E-002  0.000000000000000E+000
 -1.800000000000000E-002  0.000000000000000E+000
 -1.700000000000000E-002  0.181353144041527     
 -1.600000000000000E-002  0.570362446560141     
 -1.500000000000000E-002   1.37612485128269     
 -1.400000000000000E-002  0.328376128629653     
 -1.300000000000000E-002  0.695706078293754     
 -1.200000000000000E-002  0.730802509710741     
 -1.100000000000000E-002   1.08677758915458     
 -1.000000000000000E-002  0.249237402845042     
 -9.000000000000001E-003  0.293287778750424     
 -8.000000000000000E-003  7.061280682586345E-002
 -6.999999999999999E-003  0.204405357073366     
 -6.000000000000002E-003  8.404705054076503E-002
 -5.000000000000001E-003  4.842211906500818E-002
 -4.000000000000000E-003  3.203499369667830E-002
 -3.000000000000003E-003  3.741509020240518E-003
 -2.000000000000002E-003  1.297413066847348E-003
 -1.000000000000001E-003  0.000000000000000E+000
  0.000000000000000E+000  0.000000000000000E+000
  1.000000000000001E-003  1.808683917034454E-003
  1.999999999999998E-003  1.209265112003144E-002
  2.999999999999999E-003  5.757875624545594E-002
  4.000000000000000E-003  7.550324286613083E-002
  4.999999999999998E-003  0.194724662662142     
  5.999999999999998E-003  0.195825094776347     
  6.999999999999999E-003  0.128680828822213     
  8.000000000000000E-003  0.506456687704657     
  9.000000000000001E-003  0.457563358904306     
  1.000000000000000E-002   1.36277557528607     
  1.100000000000000E-002  0.838863882473042     
  1.200000000000000E-002   1.04797420861920     
  1.300000000000000E-002   2.00043857351144     
  1.400000000000000E-002   1.98171802864708     
  1.500000000000000E-002  0.817547231861298     
  1.600000000000000E-002  0.000000000000000E+000
  1.700000000000000E-002  0.000000000000000E+000
  1.800000000000000E-002  0.000000000000000E+000
  1.900000000000000E-002  0.000000000000000E+000
  2.000000000000000E-002  0.000000000000000E+000
  2.100000000000000E-002  0.000000000000000E+000
  2.200000000000000E-002  0.000000000000000E+000
  2.300000000000000E-002  0.000000000000000E+000
  2.400000000000000E-002  0.000000000000000E+000
  2.500000000000000E-002  0.000000000000000E+000
 -2.500000000000000E-002  0.000000000000000E+000
 -2.400000000000000E-002  0.000000000000000E+000
 -2.300000000000000E-002  0.000000000000000E+000
 -2.200000000000000E-002  0.000000000000000E+000
 -2.100000000000000E-002  0.000000000000000E+000
 -2.000000000000000E-002  0.000000000000000E+000
 -1.900000000000000E-002  0.000000000000000E+000
 -1.800000000000000E-002  0.000000000000000E+000
 -1.700000000000000E-002  0.000000000000000E+000
 -1.600000000000000E-002  0.000000000000000E+000
 -1.500000000000000E-002  0.000000000000000E+000
 -1.400000000000000E-002  0.000000000000000E+000
 -1.300000000000000E-002  0.000000000000000E+000
 -1.200000000000000E-002  0.000000000000000E+000
 -1.100000000000000E-002  0.000000000000000E+000
 -1.000000000000000E-002  0.000000000000000E+000
 -9.000000000000001E-003  0.000000000000000E+000
 -8.000000000000000E-003  0.000000000000000E+000
 -6.999999999999999E-003  0.000000000000000E+000
 -6.000000000000002E-003  0.000000000000000E+000
 -5.000000000000001E-003  0.000000000000000E+000
 -4.000000000000000E-003  0.000000000000000E+000
 -3.000000000000003E-003  0.000000000000000E+000
 -2.000000000000002E-003  0.000000000000000E+000
 -1.000000000000001E-003  0.000000000000000E+000
  0.000000000000000E+000  0.000000000000000E+000
  1.000000000000001E-003  0.000000000000000E+000
  1.999999999999998E-003  0.000000000000000E+000
  2.999999999999999E-003  0.000000000000000E+000
  4.000000000000000E-003  0.000000000000000E+000
  4.999999999999998E-003  1.081195423581192E-002
  5.999999999999998E-003  0.133595580244359     
  6.999999999999999E-003  0.328996978384557     
  8.000000000000000E-003  0.791778658811495     
  9.000000000000001E-003   2.41392102697616     
  1.000000000000000E-002   3.10657711515661     
  1.100000000000000E-002   1.60243967366351     
  1.200000000000000E-002   2.14385448097538     
  1.300000000000000E-002   1.97630782945190     
  1.400000000000000E-002  0.163972471440232     
  1.500000000000000E-002  0.000000000000000E+000
  1.600000000000000E-002  0.000000000000000E+000
  1.700000000000000E-002  0.000000000000000E+000
  1.800000000000000E-002  0.000000000000000E+000
  1.900000000000000E-002  0.000000000000000E+000
  2.000000000000000E-002  0.000000000000000E+000
  2.100000000000000E-002  0.000000000000000E+000
  2.200000000000000E-002  0.000000000000000E+000
  2.300000000000000E-002  0.000000000000000E+000
  2.400000000000000E-002  0.000000000000000E+000
  2.500000000000000E-002  0.000000000000000E+000
4
   100.041670000000     
 9
41
 9
41
31
40
  179.82857000
