 -2.500000000000000E-002  0.000000000000000E+000
 -2.400000000000000E-002  0.000000000000000E+000
 -2.300000000000000E-002  0.000000000000000E+000
 -2.200000000000000E-002  0.000000000000000E+000
 -2.100000000000000E-002  0.000000000000000E+000
 -2.000000000000000E-002  0.000000000000000E+000
 -1.900000000000000E-002  0.000000000000000E+000
 -1.800000000000000E-002  4.761498340558436E-004
 -1.700000000000000E-002  2.763232397030034E-002
 -1.600000000000000E-002  8.642614598889554E-002
 -1.500000000000000E-002  0.127593768134260     
 -1.400000000000000E-002  0.163751870750459     
 -1.300000000000000E-002  7.508910551477702E-002
 -1.200000000000000E-002  0.119361441792666     
 -1.100000000000000E-002  0.364839816272638     
 -1.000000000000000E-002  0.185229604812515     
 -9.000000000000001E-003  0.485694064294795     
 -8.000000000000000E-003  0.339066181144444     
 -6.999999999999999E-003  0.147412537193340     
 -6.000000000000002E-003  0.536952218205185     
 -5.000000000000001E-003   1.72026591876063     
 -4.000000000000000E-003   9.72758029712028     
 -3.000000000000003E-003   20.9179505503167     
 -2.000000000000002E-003   20.4345979052721     
 -1.000000000000001E-003   15.4132068965410     
  0.000000000000000E+000   13.1936559595253     
  1.000000000000001E-003   10.7279571607607     
  1.999999999999998E-003   10.3328518216623     
  2.999999999999999E-003   2.02274949349159     
  4.000000000000000E-003   1.12317759790464     
  4.999999999999998E-003   1.67566609034235     
  5.999999999999998E-003   1.24234193294616     
  6.999999999999999E-003   2.14417625401854     
  8.000000000000000E-003   1.61023221885965     
  9.000000000000001E-003   1.58306531622881     
  1.000000000000000E-002   1.86062119100771     
  1.100000000000000E-002   1.01296038734074     
  1.200000000000000E-002  0.610622580750674     
  1.300000000000000E-002  0.137109967744825     
  1.400000000000000E-002  4.761835178674904E-003
  1.500000000000000E-002  0.000000000000000E+000
  1.600000000000000E-002  0.000000000000000E+000
  1.700000000000000E-002  0.000000000000000E+000
  1.800000000000000E-002  0.000000000000000E+000
  1.900000000000000E-002  0.000000000000000E+000
  2.000000000000000E-002  0.000000000000000E+000
  2.100000000000000E-002  0.000000000000000E+000
  2.200000000000000E-002  0.000000000000000E+000
  2.300000000000000E-002  0.000000000000000E+000
  2.400000000000000E-002  0.000000000000000E+000
  2.500000000000000E-002  0.000000000000000E+000
 -2.500000000000000E-002  0.000000000000000E+000
 -2.400000000000000E-002  0.000000000000000E+000
 -2.300000000000000E-002  0.000000000000000E+000
 -2.200000000000000E-002  0.000000000000000E+000
 -2.100000000000000E-002  0.000000000000000E+000
 -2.000000000000000E-002  0.000000000000000E+000
 -1.900000000000000E-002  0.000000000000000E+000
 -1.800000000000000E-002  1.251280998713197E-002
 -1.700000000000000E-002  0.499771137743783     
 -1.600000000000000E-002   1.09152883099412     
 -1.500000000000000E-002   1.13986587851036     
 -1.400000000000000E-002   1.04621988852952     
 -1.300000000000000E-002  0.346135113138733     
 -1.200000000000000E-002  0.399451797324455     
 -1.100000000000000E-002  0.889233612701721     
 -1.000000000000000E-002  0.328657872575201     
 -9.000000000000001E-003  0.624299549101663     
 -8.000000000000000E-003  5.134023504892059E-002
 -6.999999999999999E-003  3.644498930952899E-002
 -6.000000000000002E-003  0.238352432807764     
 -5.000000000000001E-003  3.171428871501263E-002
 -4.000000000000000E-003  3.938977855148550E-003
 -3.000000000000003E-003  9.092400694793404E-003
 -2.000000000000002E-003  1.079368271848277E-004
 -1.000000000000001E-003  0.000000000000000E+000
  0.000000000000000E+000  0.000000000000000E+000
  1.000000000000001E-003  4.354511043060335E-003
  1.999999999999998E-003  2.890382618481686E-002
  2.999999999999999E-003  2.761436497089664E-002
  4.000000000000000E-003  9.745911854813410E-002
  4.999999999999998E-003  0.218379332674030     
  5.999999999999998E-003  0.381520804338824     
  6.999999999999999E-003  0.393454081243383     
  8.000000000000000E-003   1.00399211398223     
  9.000000000000001E-003   1.03316775621206     
  1.000000000000000E-002   1.50586410588822     
  1.100000000000000E-002   1.50888537231491     
  1.200000000000000E-002   1.12837443346751     
  1.300000000000000E-002  0.600261303868650     
  1.400000000000000E-002  3.042363209041539E-002
  1.500000000000000E-002  0.000000000000000E+000
  1.600000000000000E-002  0.000000000000000E+000
  1.700000000000000E-002  0.000000000000000E+000
  1.800000000000000E-002  0.000000000000000E+000
  1.900000000000000E-002  0.000000000000000E+000
  2.000000000000000E-002  0.000000000000000E+000
  2.100000000000000E-002  0.000000000000000E+000
  2.200000000000000E-002  0.000000000000000E+000
  2.300000000000000E-002  0.000000000000000E+000
  2.400000000000000E-002  0.000000000000000E+000
  2.500000000000000E-002  0.000000000000000E+000
 -2.500000000000000E-002  0.000000000000000E+000
 -2.400000000000000E-002  0.000000000000000E+000
 -2.300000000000000E-002  0.000000000000000E+000
 -2.200000000000000E-002  0.000000000000000E+000
 -2.100000000000000E-002  0.000000000000000E+000
 -2.000000000000000E-002  0.000000000000000E+000
 -1.900000000000000E-002  0.000000000000000E+000
 -1.800000000000000E-002  0.000000000000000E+000
 -1.700000000000000E-002  0.000000000000000E+000
 -1.600000000000000E-002  0.000000000000000E+000
 -1.500000000000000E-002  0.000000000000000E+000
 -1.400000000000000E-002  0.000000000000000E+000
 -1.300000000000000E-002  0.000000000000000E+000
 -1.200000000000000E-002  0.000000000000000E+000
 -1.100000000000000E-002  0.000000000000000E+000
 -1.000000000000000E-002  0.000000000000000E+000
 -9.000000000000001E-003  0.000000000000000E+000
 -8.000000000000000E-003  0.000000000000000E+000
 -6.999999999999999E-003  0.000000000000000E+000
 -6.000000000000002E-003  0.000000000000000E+000
 -5.000000000000001E-003  0.000000000000000E+000
 -4.000000000000000E-003  0.000000000000000E+000
 -3.000000000000003E-003  0.000000000000000E+000
 -2.000000000000002E-003  0.000000000000000E+000
 -1.000000000000001E-003  0.000000000000000E+000
  0.000000000000000E+000  0.000000000000000E+000
  1.000000000000001E-003  5.362015703052925E-003
  1.999999999999998E-003  1.256078587039969E-002
  2.999999999999999E-003  3.247840211373196E-004
  4.000000000000000E-003  2.114913553113401E-002
  4.999999999999998E-003  0.108614646919985     
  5.999999999999998E-003  0.169953259939394     
  6.999999999999999E-003  0.997518662868565     
  8.000000000000000E-003  0.479697935254972     
  9.000000000000001E-003   1.00166658864473     
  1.000000000000000E-002   1.79548614492014     
  1.100000000000000E-002  0.960029435178648     
  1.200000000000000E-002  0.915118705560071     
  1.300000000000000E-002  3.176878721378339E-002
  1.400000000000000E-002  0.000000000000000E+000
  1.500000000000000E-002  0.000000000000000E+000
  1.600000000000000E-002  0.000000000000000E+000
  1.700000000000000E-002  0.000000000000000E+000
  1.800000000000000E-002  0.000000000000000E+000
  1.900000000000000E-002  0.000000000000000E+000
  2.000000000000000E-002  0.000000000000000E+000
  2.100000000000000E-002  0.000000000000000E+000
  2.200000000000000E-002  0.000000000000000E+000
  2.300000000000000E-002  0.000000000000000E+000
  2.400000000000000E-002  0.000000000000000E+000
  2.500000000000000E-002  0.000000000000000E+000
4
   96.1991000000000     
 8
40
 8
40
27
39
  126.75770000
