 -2.500000000000000E-002  0.000000000000000E+000
 -2.400000000000000E-002  0.000000000000000E+000
 -2.300000000000000E-002  0.000000000000000E+000
 -2.200000000000000E-002  0.000000000000000E+000
 -2.100000000000000E-002  0.000000000000000E+000
 -2.000000000000000E-002  0.000000000000000E+000
 -1.900000000000000E-002  0.000000000000000E+000
 -1.800000000000000E-002  0.000000000000000E+000
 -1.700000000000000E-002  0.000000000000000E+000
 -1.600000000000000E-002  1.027945156520487E-002
 -1.500000000000000E-002  4.531205582840791E-002
 -1.400000000000000E-002  0.167113034730960     
 -1.300000000000000E-002  8.201972231417939E-002
 -1.200000000000000E-002  0.174170558152971     
 -1.100000000000000E-002  0.191994357384130     
 -1.000000000000000E-002  0.424762128867165     
 -9.000000000000001E-003  0.388957726364271     
 -8.000000000000000E-003  0.184401909593033     
 -6.999999999999999E-003   1.07641860918760     
 -6.000000000000002E-003  0.906305291395838     
 -5.000000000000001E-003   4.03834241445018     
 -4.000000000000000E-003   13.1604748300408     
 -3.000000000000003E-003   12.9469639518877     
 -2.000000000000002E-003   17.3509161036934     
 -1.000000000000001E-003   8.75079738115801     
  0.000000000000000E+000   8.69148191198862     
  1.000000000000001E-003   11.4834991000876     
  1.999999999999998E-003   17.1621170208830     
  2.999999999999999E-003   5.10168264311442     
  4.000000000000000E-003   1.04653638399664     
  4.999999999999998E-003   1.06853051011020     
  5.999999999999998E-003  0.467492685634154     
  6.999999999999999E-003  0.755617217175535     
  8.000000000000000E-003  0.381096247837981     
  9.000000000000001E-003  0.488695840531100     
  1.000000000000000E-002  0.154949629472248     
  1.100000000000000E-002  0.154969470435903     
  1.200000000000000E-002  0.619658131163424     
  1.300000000000000E-002  0.325668231861672     
  1.400000000000000E-002  0.144969993429386     
  1.500000000000000E-002  0.226216167318265     
  1.600000000000000E-002  0.111013091875355     
  1.700000000000000E-002  1.991721547328545E-003
  1.800000000000000E-002  0.000000000000000E+000
  1.900000000000000E-002  0.000000000000000E+000
  2.000000000000000E-002  0.000000000000000E+000
  2.100000000000000E-002  0.000000000000000E+000
  2.200000000000000E-002  0.000000000000000E+000
  2.300000000000000E-002  0.000000000000000E+000
  2.400000000000000E-002  0.000000000000000E+000
  2.500000000000000E-002  0.000000000000000E+000
 -2.500000000000000E-002  0.000000000000000E+000
 -2.400000000000000E-002  0.000000000000000E+000
 -2.300000000000000E-002  0.000000000000000E+000
 -2.200000000000000E-002  0.000000000000000E+000
 -2.100000000000000E-002  0.000000000000000E+000
 -2.000000000000000E-002  0.000000000000000E+000
 -1.900000000000000E-002  0.000000000000000E+000
 -1.800000000000000E-002  0.000000000000000E+000
 -1.700000000000000E-002  0.000000000000000E+000
 -1.600000000000000E-002  0.129825501552162     
 -1.500000000000000E-002  0.404797719192764     
 -1.400000000000000E-002   1.06769455375865     
 -1.300000000000000E-002  0.378082887899617     
 -1.200000000000000E-002  0.582874515005083     
 -1.100000000000000E-002  0.467952861557889     
 -1.000000000000000E-002  0.753666876120031     
 -9.000000000000001E-003  0.499956970940945     
 -8.000000000000000E-003  0.169910448393138     
 -6.999999999999999E-003  6.502071311656026E-002
 -6.000000000000002E-003  0.118872490818638     
 -5.000000000000001E-003  9.315543267331565E-002
 -4.000000000000000E-003  5.802539807600446E-002
 -3.000000000000003E-003  4.893768772365024E-003
 -2.000000000000002E-003  4.685281130686632E-003
 -1.000000000000001E-003  4.233407050100359E-004
  0.000000000000000E+000  0.000000000000000E+000
  1.000000000000001E-003  2.908532481318227E-003
  1.999999999999998E-003  9.806399237424306E-003
  2.999999999999999E-003  2.003447754512559E-002
  4.000000000000000E-003  6.211597292799232E-002
  4.999999999999998E-003  8.024374909242063E-002
  5.999999999999998E-003  5.776863051308034E-002
  6.999999999999999E-003  0.290498193885547     
  8.000000000000000E-003  0.351147309124939     
  9.000000000000001E-003  0.628157960576282     
  1.000000000000000E-002  0.274931297457608     
  1.100000000000000E-002  0.377711137622140     
  1.200000000000000E-002   2.07373126951580     
  1.300000000000000E-002   1.50121924490028     
  1.400000000000000E-002  0.926221420681952     
  1.500000000000000E-002   2.02091445424006     
  1.600000000000000E-002   1.40205245777497     
  1.700000000000000E-002  3.602320763346115E-002
  1.800000000000000E-002  0.000000000000000E+000
  1.900000000000000E-002  0.000000000000000E+000
  2.000000000000000E-002  0.000000000000000E+000
  2.100000000000000E-002  0.000000000000000E+000
  2.200000000000000E-002  0.000000000000000E+000
  2.300000000000000E-002  0.000000000000000E+000
  2.400000000000000E-002  0.000000000000000E+000
  2.500000000000000E-002  0.000000000000000E+000
 -2.500000000000000E-002  0.000000000000000E+000
 -2.400000000000000E-002  0.000000000000000E+000
 -2.300000000000000E-002  0.000000000000000E+000
 -2.200000000000000E-002  0.000000000000000E+000
 -2.100000000000000E-002  0.000000000000000E+000
 -2.000000000000000E-002  0.000000000000000E+000
 -1.900000000000000E-002  0.000000000000000E+000
 -1.800000000000000E-002  0.000000000000000E+000
 -1.700000000000000E-002  0.000000000000000E+000
 -1.600000000000000E-002  0.000000000000000E+000
 -1.500000000000000E-002  0.000000000000000E+000
 -1.400000000000000E-002  0.000000000000000E+000
 -1.300000000000000E-002  0.000000000000000E+000
 -1.200000000000000E-002  0.000000000000000E+000
 -1.100000000000000E-002  0.000000000000000E+000
 -1.000000000000000E-002  0.000000000000000E+000
 -9.000000000000001E-003  0.000000000000000E+000
 -8.000000000000000E-003  0.000000000000000E+000
 -6.999999999999999E-003  0.000000000000000E+000
 -6.000000000000002E-003  0.000000000000000E+000
 -5.000000000000001E-003  0.000000000000000E+000
 -4.000000000000000E-003  0.000000000000000E+000
 -3.000000000000003E-003  0.000000000000000E+000
 -2.000000000000002E-003  0.000000000000000E+000
 -1.000000000000001E-003  0.000000000000000E+000
  0.000000000000000E+000  0.000000000000000E+000
  1.000000000000001E-003  0.000000000000000E+000
  1.999999999999998E-003  0.000000000000000E+000
  2.999999999999999E-003  0.000000000000000E+000
  4.000000000000000E-003  0.000000000000000E+000
  4.999999999999998E-003  0.000000000000000E+000
  5.999999999999998E-003  0.000000000000000E+000
  6.999999999999999E-003  0.000000000000000E+000
  8.000000000000000E-003  0.000000000000000E+000
  9.000000000000001E-003  0.000000000000000E+000
  1.000000000000000E-002  0.000000000000000E+000
  1.100000000000000E-002  0.000000000000000E+000
  1.200000000000000E-002  0.000000000000000E+000
  1.300000000000000E-002  0.000000000000000E+000
  1.400000000000000E-002  0.000000000000000E+000
  1.500000000000000E-002  0.000000000000000E+000
  1.600000000000000E-002  0.000000000000000E+000
  1.700000000000000E-002  0.000000000000000E+000
  1.800000000000000E-002  0.000000000000000E+000
  1.900000000000000E-002  0.000000000000000E+000
  2.000000000000000E-002  0.000000000000000E+000
  2.100000000000000E-002  0.000000000000000E+000
  2.200000000000000E-002  0.000000000000000E+000
  2.300000000000000E-002  0.000000000000000E+000
  2.400000000000000E-002  0.000000000000000E+000
  2.500000000000000E-002  0.000000000000000E+000
4
   96.2958833333333     
10
43
10
43
 0
 0
  114.85208000
