 -2.500000000000000E-002  0.000000000000000E+000
 -2.400000000000000E-002  0.000000000000000E+000
 -2.300000000000000E-002  0.000000000000000E+000
 -2.200000000000000E-002  0.000000000000000E+000
 -2.100000000000000E-002  0.000000000000000E+000
 -2.000000000000000E-002  0.000000000000000E+000
 -1.900000000000000E-002  0.000000000000000E+000
 -1.800000000000000E-002  0.000000000000000E+000
 -1.700000000000000E-002  0.000000000000000E+000
 -1.600000000000000E-002  3.504086319774739E-002
 -1.500000000000000E-002  0.254008455701246     
 -1.400000000000000E-002  0.365992356972152     
 -1.300000000000000E-002  0.414043495914083     
 -1.200000000000000E-002  0.549921563202011     
 -1.100000000000000E-002   1.33280465141263     
 -1.000000000000000E-002   1.58490302759833     
 -9.000000000000001E-003   1.30114800797277     
 -8.000000000000000E-003   2.88789213548328     
 -6.999999999999999E-003   4.03096498660357     
 -6.000000000000002E-003   5.81274041697871     
 -5.000000000000001E-003   4.54537070424888     
 -4.000000000000000E-003   4.96568392498170     
 -3.000000000000003E-003   2.81129253886284     
 -2.000000000000002E-003   4.67829657785542     
 -1.000000000000001E-003   5.41342422547836     
  0.000000000000000E+000   5.35236656179213     
  1.000000000000001E-003   6.26946060258753     
  1.999999999999998E-003   5.18068551907703     
  2.999999999999999E-003   6.80281558070725     
  4.000000000000000E-003   4.15157892781495     
  4.999999999999998E-003   6.74535212081343     
  5.999999999999998E-003   2.36478756139475     
  6.999999999999999E-003   1.10098092520234     
  8.000000000000000E-003  0.717600625621464     
  9.000000000000001E-003  0.652748653873678     
  1.000000000000000E-002  0.333733197898735     
  1.100000000000000E-002  0.655906052237123     
  1.200000000000000E-002  0.478625524282267     
  1.300000000000000E-002  0.773123082014173     
  1.400000000000000E-002  0.737450739726283     
  1.500000000000000E-002  0.201171657580610     
  1.600000000000000E-002  1.035121604159742E-002
  1.700000000000000E-002  0.000000000000000E+000
  1.800000000000000E-002  0.000000000000000E+000
  1.900000000000000E-002  0.000000000000000E+000
  2.000000000000000E-002  0.000000000000000E+000
  2.100000000000000E-002  0.000000000000000E+000
  2.200000000000000E-002  0.000000000000000E+000
  2.300000000000000E-002  0.000000000000000E+000
  2.400000000000000E-002  0.000000000000000E+000
  2.500000000000000E-002  0.000000000000000E+000
 -2.500000000000000E-002  0.000000000000000E+000
 -2.400000000000000E-002  0.000000000000000E+000
 -2.300000000000000E-002  0.000000000000000E+000
 -2.200000000000000E-002  0.000000000000000E+000
 -2.100000000000000E-002  0.000000000000000E+000
 -2.000000000000000E-002  0.000000000000000E+000
 -1.900000000000000E-002  0.000000000000000E+000
 -1.800000000000000E-002  0.000000000000000E+000
 -1.700000000000000E-002  0.000000000000000E+000
 -1.600000000000000E-002  0.000000000000000E+000
 -1.500000000000000E-002  0.000000000000000E+000
 -1.400000000000000E-002  0.000000000000000E+000
 -1.300000000000000E-002  0.000000000000000E+000
 -1.200000000000000E-002  0.000000000000000E+000
 -1.100000000000000E-002  0.000000000000000E+000
 -1.000000000000000E-002  0.000000000000000E+000
 -9.000000000000001E-003  0.000000000000000E+000
 -8.000000000000000E-003  0.000000000000000E+000
 -6.999999999999999E-003  0.000000000000000E+000
 -6.000000000000002E-003  0.000000000000000E+000
 -5.000000000000001E-003  0.000000000000000E+000
 -4.000000000000000E-003  0.000000000000000E+000
 -3.000000000000003E-003  0.000000000000000E+000
 -2.000000000000002E-003  0.000000000000000E+000
 -1.000000000000001E-003  0.000000000000000E+000
  0.000000000000000E+000  0.000000000000000E+000
  1.000000000000001E-003  0.000000000000000E+000
  1.999999999999998E-003  0.000000000000000E+000
  2.999999999999999E-003  0.000000000000000E+000
  4.000000000000000E-003  0.000000000000000E+000
  4.999999999999998E-003  0.000000000000000E+000
  5.999999999999998E-003  0.000000000000000E+000
  6.999999999999999E-003  0.000000000000000E+000
  8.000000000000000E-003  0.000000000000000E+000
  9.000000000000001E-003  0.000000000000000E+000
  1.000000000000000E-002  0.000000000000000E+000
  1.100000000000000E-002  0.000000000000000E+000
  1.200000000000000E-002  0.000000000000000E+000
  1.300000000000000E-002  0.000000000000000E+000
  1.400000000000000E-002  0.000000000000000E+000
  1.500000000000000E-002  0.000000000000000E+000
  1.600000000000000E-002  0.000000000000000E+000
  1.700000000000000E-002  0.000000000000000E+000
  1.800000000000000E-002  0.000000000000000E+000
  1.900000000000000E-002  0.000000000000000E+000
  2.000000000000000E-002  0.000000000000000E+000
  2.100000000000000E-002  0.000000000000000E+000
  2.200000000000000E-002  0.000000000000000E+000
  2.300000000000000E-002  0.000000000000000E+000
  2.400000000000000E-002  0.000000000000000E+000
  2.500000000000000E-002  0.000000000000000E+000
 -2.500000000000000E-002  0.000000000000000E+000
 -2.400000000000000E-002  0.000000000000000E+000
 -2.300000000000000E-002  0.000000000000000E+000
 -2.200000000000000E-002  0.000000000000000E+000
 -2.100000000000000E-002  0.000000000000000E+000
 -2.000000000000000E-002  0.000000000000000E+000
 -1.900000000000000E-002  0.000000000000000E+000
 -1.800000000000000E-002  0.000000000000000E+000
 -1.700000000000000E-002  0.000000000000000E+000
 -1.600000000000000E-002  0.442552563296950     
 -1.500000000000000E-002   2.26919837654061     
 -1.400000000000000E-002   2.33834570047494     
 -1.300000000000000E-002   1.90859900807281     
 -1.200000000000000E-002   1.61735129256645     
 -1.100000000000000E-002   1.20009988918954     
 -1.000000000000000E-002  0.812660831446064     
 -9.000000000000001E-003  0.223989518819280     
 -8.000000000000000E-003  0.322339956571396     
 -6.999999999999999E-003  0.171497235815897     
 -6.000000000000002E-003  0.251848486478715     
 -5.000000000000001E-003  6.011012080045492E-002
 -4.000000000000000E-003  3.272209864541771E-002
 -3.000000000000003E-003  8.473282059562012E-003
 -2.000000000000002E-003  1.354771469127931E-003
 -1.000000000000001E-003  0.000000000000000E+000
  0.000000000000000E+000  0.000000000000000E+000
  1.000000000000001E-003  1.044759241422756E-002
  1.999999999999998E-003  4.105383740771151E-002
  2.999999999999999E-003  7.537206960687157E-002
  4.000000000000000E-003  0.159835203808758     
  4.999999999999998E-003  0.295241339073121     
  5.999999999999998E-003  0.345133282328124     
  6.999999999999999E-003  2.276756571460123E-002
  8.000000000000000E-003  0.450070744972534     
  9.000000000000001E-003  0.839027528330495     
  1.000000000000000E-002  0.592151794202316     
  1.100000000000000E-002   1.59865695137805     
  1.200000000000000E-002   1.60175533278166     
  1.300000000000000E-002   3.56383317697770     
  1.400000000000000E-002   4.71161414630912     
  1.500000000000000E-002   1.79717796215736     
  1.600000000000000E-002  0.130731859161048     
  1.700000000000000E-002  0.000000000000000E+000
  1.800000000000000E-002  0.000000000000000E+000
  1.900000000000000E-002  0.000000000000000E+000
  2.000000000000000E-002  0.000000000000000E+000
  2.100000000000000E-002  0.000000000000000E+000
  2.200000000000000E-002  0.000000000000000E+000
  2.300000000000000E-002  0.000000000000000E+000
  2.400000000000000E-002  0.000000000000000E+000
  2.500000000000000E-002  0.000000000000000E+000
4
   91.3102857142857     
10
42
 0
 0
10
42
   95.23940000
