 -2.500000000000000E-002  0.000000000000000E+000
 -2.400000000000000E-002  0.000000000000000E+000
 -2.300000000000000E-002  0.000000000000000E+000
 -2.200000000000000E-002  0.000000000000000E+000
 -2.100000000000000E-002  0.000000000000000E+000
 -2.000000000000000E-002  0.000000000000000E+000
 -1.900000000000000E-002  0.000000000000000E+000
 -1.800000000000000E-002  0.000000000000000E+000
 -1.700000000000000E-002  0.000000000000000E+000
 -1.600000000000000E-002  0.000000000000000E+000
 -1.500000000000000E-002  1.721646770522851E-002
 -1.400000000000000E-002  0.172241136960981     
 -1.300000000000000E-002  0.546757925201394     
 -1.200000000000000E-002  0.385492800801307     
 -1.100000000000000E-002  0.622456237578388     
 -1.000000000000000E-002  0.765456559129970     
 -9.000000000000001E-003   1.45226809911744     
 -8.000000000000000E-003   1.81451536362116     
 -6.999999999999999E-003   2.17736744854950     
 -6.000000000000002E-003   4.66007578780175     
 -5.000000000000001E-003   9.42880044023171     
 -4.000000000000000E-003   11.7663845954551     
 -3.000000000000003E-003   12.0756077885666     
 -2.000000000000002E-003   9.56141468646261     
 -1.000000000000001E-003   7.71569788102749     
  0.000000000000000E+000   7.07887236947478     
  1.000000000000001E-003   11.3466074360516     
  1.999999999999998E-003   8.66231380566411     
  2.999999999999999E-003   5.45139967708769     
  4.000000000000000E-003   6.41121469660090     
  4.999999999999998E-003   6.05029992957985     
  5.999999999999998E-003   9.15819290026358     
  6.999999999999999E-003   10.7356308162943     
  8.000000000000000E-003   7.59480208075368     
  9.000000000000001E-003   4.63097535121288     
  1.000000000000000E-002  0.816215778015960     
  1.100000000000000E-002  0.116577473121226     
  1.200000000000000E-002  0.000000000000000E+000
  1.300000000000000E-002  0.000000000000000E+000
  1.400000000000000E-002  0.000000000000000E+000
  1.500000000000000E-002  0.000000000000000E+000
  1.600000000000000E-002  0.000000000000000E+000
  1.700000000000000E-002  0.000000000000000E+000
  1.800000000000000E-002  0.000000000000000E+000
  1.900000000000000E-002  0.000000000000000E+000
  2.000000000000000E-002  0.000000000000000E+000
  2.100000000000000E-002  0.000000000000000E+000
  2.200000000000000E-002  0.000000000000000E+000
  2.300000000000000E-002  0.000000000000000E+000
  2.400000000000000E-002  0.000000000000000E+000
  2.500000000000000E-002  0.000000000000000E+000
 -2.500000000000000E-002  0.000000000000000E+000
 -2.400000000000000E-002  0.000000000000000E+000
 -2.300000000000000E-002  0.000000000000000E+000
 -2.200000000000000E-002  0.000000000000000E+000
 -2.100000000000000E-002  0.000000000000000E+000
 -2.000000000000000E-002  0.000000000000000E+000
 -1.900000000000000E-002  0.000000000000000E+000
 -1.800000000000000E-002  0.000000000000000E+000
 -1.700000000000000E-002  0.000000000000000E+000
 -1.600000000000000E-002  0.000000000000000E+000
 -1.500000000000000E-002  0.000000000000000E+000
 -1.400000000000000E-002  0.000000000000000E+000
 -1.300000000000000E-002  0.000000000000000E+000
 -1.200000000000000E-002  0.000000000000000E+000
 -1.100000000000000E-002  0.000000000000000E+000
 -1.000000000000000E-002  0.000000000000000E+000
 -9.000000000000001E-003  0.000000000000000E+000
 -8.000000000000000E-003  0.000000000000000E+000
 -6.999999999999999E-003  0.000000000000000E+000
 -6.000000000000002E-003  0.000000000000000E+000
 -5.000000000000001E-003  0.000000000000000E+000
 -4.000000000000000E-003  0.000000000000000E+000
 -3.000000000000003E-003  0.000000000000000E+000
 -2.000000000000002E-003  0.000000000000000E+000
 -1.000000000000001E-003  0.000000000000000E+000
  0.000000000000000E+000  0.000000000000000E+000
  1.000000000000001E-003  0.000000000000000E+000
  1.999999999999998E-003  0.000000000000000E+000
  2.999999999999999E-003  0.000000000000000E+000
  4.000000000000000E-003  0.000000000000000E+000
  4.999999999999998E-003  0.000000000000000E+000
  5.999999999999998E-003  0.000000000000000E+000
  6.999999999999999E-003  0.000000000000000E+000
  8.000000000000000E-003  0.000000000000000E+000
  9.000000000000001E-003  0.000000000000000E+000
  1.000000000000000E-002  0.000000000000000E+000
  1.100000000000000E-002  0.000000000000000E+000
  1.200000000000000E-002  0.000000000000000E+000
  1.300000000000000E-002  0.000000000000000E+000
  1.400000000000000E-002  0.000000000000000E+000
  1.500000000000000E-002  0.000000000000000E+000
  1.600000000000000E-002  0.000000000000000E+000
  1.700000000000000E-002  0.000000000000000E+000
  1.800000000000000E-002  0.000000000000000E+000
  1.900000000000000E-002  0.000000000000000E+000
  2.000000000000000E-002  0.000000000000000E+000
  2.100000000000000E-002  0.000000000000000E+000
  2.200000000000000E-002  0.000000000000000E+000
  2.300000000000000E-002  0.000000000000000E+000
  2.400000000000000E-002  0.000000000000000E+000
  2.500000000000000E-002  0.000000000000000E+000
 -2.500000000000000E-002  0.000000000000000E+000
 -2.400000000000000E-002  0.000000000000000E+000
 -2.300000000000000E-002  0.000000000000000E+000
 -2.200000000000000E-002  0.000000000000000E+000
 -2.100000000000000E-002  0.000000000000000E+000
 -2.000000000000000E-002  0.000000000000000E+000
 -1.900000000000000E-002  0.000000000000000E+000
 -1.800000000000000E-002  0.000000000000000E+000
 -1.700000000000000E-002  0.000000000000000E+000
 -1.600000000000000E-002  0.000000000000000E+000
 -1.500000000000000E-002  0.153804252140401     
 -1.400000000000000E-002   1.10045828658731     
 -1.300000000000000E-002   2.52036716913401     
 -1.200000000000000E-002   1.29007986015448     
 -1.100000000000000E-002   1.51712884450343     
 -1.000000000000000E-002   1.35817017224124     
 -9.000000000000001E-003   1.21902692737922     
 -8.000000000000000E-003  0.567093479404044     
 -6.999999999999999E-003  0.173381681254965     
 -6.000000000000002E-003  0.137836985446889     
 -5.000000000000001E-003  0.201164816353265     
 -4.000000000000000E-003  5.875999073624241E-002
 -3.000000000000003E-003  3.811556152204105E-004
 -2.000000000000002E-003  0.000000000000000E+000
 -1.000000000000001E-003  0.000000000000000E+000
  0.000000000000000E+000  0.000000000000000E+000
  1.000000000000001E-003  2.295494601371085E-003
  1.999999999999998E-003  4.516740796371765E-002
  2.999999999999999E-003  9.220196308873034E-002
  4.000000000000000E-003  0.178696974679948     
  4.999999999999998E-003  8.743359956726170E-002
  5.999999999999998E-003  0.224360203805165     
  6.999999999999999E-003  0.338838094922394     
  8.000000000000000E-003  0.325137228046225     
  9.000000000000001E-003  0.649846269753038     
  1.000000000000000E-002  0.734236290404747     
  1.100000000000000E-002  0.284137319885501     
  1.200000000000000E-002  0.000000000000000E+000
  1.300000000000000E-002  0.000000000000000E+000
  1.400000000000000E-002  0.000000000000000E+000
  1.500000000000000E-002  0.000000000000000E+000
  1.600000000000000E-002  0.000000000000000E+000
  1.700000000000000E-002  0.000000000000000E+000
  1.800000000000000E-002  0.000000000000000E+000
  1.900000000000000E-002  0.000000000000000E+000
  2.000000000000000E-002  0.000000000000000E+000
  2.100000000000000E-002  0.000000000000000E+000
  2.200000000000000E-002  0.000000000000000E+000
  2.300000000000000E-002  0.000000000000000E+000
  2.400000000000000E-002  0.000000000000000E+000
  2.500000000000000E-002  0.000000000000000E+000
4
   111.832420000000     
11
37
 0
 0
11
37
  147.33953000
