 -2.500000000000000E-002  0.000000000000000E+000
 -2.400000000000000E-002  0.000000000000000E+000
 -2.300000000000000E-002  0.000000000000000E+000
 -2.200000000000000E-002  0.000000000000000E+000
 -2.100000000000000E-002  0.000000000000000E+000
 -2.000000000000000E-002  0.000000000000000E+000
 -1.900000000000000E-002  0.000000000000000E+000
 -1.800000000000000E-002  0.000000000000000E+000
 -1.700000000000000E-002  0.000000000000000E+000
 -1.600000000000000E-002  0.000000000000000E+000
 -1.500000000000000E-002  6.037542164433613E-003
 -1.400000000000000E-002  8.955032452877874E-002
 -1.300000000000000E-002  9.528269861930098E-002
 -1.200000000000000E-002  0.112110066060215     
 -1.100000000000000E-002  0.324796780192438     
 -1.000000000000000E-002   1.07722918528124     
 -9.000000000000001E-003   6.63815934865765     
 -8.000000000000000E-003   10.0491677980149     
 -6.999999999999999E-003   6.34753295949581     
 -6.000000000000002E-003   9.87315320873367     
 -5.000000000000001E-003   5.68422872032978     
 -4.000000000000000E-003   5.12517019581095     
 -3.000000000000003E-003   4.13297972013986     
 -2.000000000000002E-003   6.45299450544836     
 -1.000000000000001E-003   5.23660690729148     
  0.000000000000000E+000   3.30342007274277     
  1.000000000000001E-003   9.67276535313316     
  1.999999999999998E-003   10.1850459331018     
  2.999999999999999E-003   3.67232870268314     
  4.000000000000000E-003   6.79923441530036     
  4.999999999999998E-003   15.9491786722407     
  5.999999999999998E-003   11.2631289826096     
  6.999999999999999E-003   4.96293720177228     
  8.000000000000000E-003   1.04621580157668     
  9.000000000000001E-003  0.506108967851023     
  1.000000000000000E-002  0.399558989625188     
  1.100000000000000E-002  0.379565708477522     
  1.200000000000000E-002  0.613083037919339     
  1.300000000000000E-002  0.347210532385978     
  1.400000000000000E-002  0.166854431789819     
  1.500000000000000E-002  2.008477712364728E-003
  1.600000000000000E-002  0.000000000000000E+000
  1.700000000000000E-002  0.000000000000000E+000
  1.800000000000000E-002  0.000000000000000E+000
  1.900000000000000E-002  0.000000000000000E+000
  2.000000000000000E-002  0.000000000000000E+000
  2.100000000000000E-002  0.000000000000000E+000
  2.200000000000000E-002  0.000000000000000E+000
  2.300000000000000E-002  0.000000000000000E+000
  2.400000000000000E-002  0.000000000000000E+000
  2.500000000000000E-002  0.000000000000000E+000
 -2.500000000000000E-002  0.000000000000000E+000
 -2.400000000000000E-002  0.000000000000000E+000
 -2.300000000000000E-002  0.000000000000000E+000
 -2.200000000000000E-002  0.000000000000000E+000
 -2.100000000000000E-002  0.000000000000000E+000
 -2.000000000000000E-002  0.000000000000000E+000
 -1.900000000000000E-002  0.000000000000000E+000
 -1.800000000000000E-002  0.000000000000000E+000
 -1.700000000000000E-002  0.000000000000000E+000
 -1.600000000000000E-002  0.000000000000000E+000
 -1.500000000000000E-002  5.393671183112909E-002
 -1.400000000000000E-002  0.572142047091813     
 -1.300000000000000E-002  0.439220675764544     
 -1.200000000000000E-002  0.375184537932315     
 -1.100000000000000E-002  0.791635675061788     
 -1.000000000000000E-002  0.372094316325075     
 -9.000000000000001E-003  0.299890525229737     
 -8.000000000000000E-003  0.388185950072454     
 -6.999999999999999E-003  0.122189154814199     
 -6.000000000000002E-003  0.115750258343091     
 -5.000000000000001E-003  4.931051255181613E-002
 -4.000000000000000E-003  1.530706983874628E-002
 -3.000000000000003E-003  6.752033870714345E-003
 -2.000000000000002E-003  8.039586232918354E-005
 -1.000000000000001E-003  0.000000000000000E+000
  0.000000000000000E+000  0.000000000000000E+000
  1.000000000000001E-003  3.808813198677467E-003
  1.999999999999998E-003  3.861941091135165E-002
  2.999999999999999E-003  4.698830785166921E-002
  4.000000000000000E-003  8.210918478365713E-002
  4.999999999999998E-003  0.210551086212547     
  5.999999999999998E-003  9.234821206515162E-002
  6.999999999999999E-003  0.419155182919741     
  8.000000000000000E-003  0.778776338136515     
  9.000000000000001E-003  0.650540378508570     
  1.000000000000000E-002  0.708948267915533     
  1.100000000000000E-002  0.925125414367964     
  1.200000000000000E-002   2.05172723894714     
  1.300000000000000E-002   1.60052188778210     
  1.400000000000000E-002   1.06604232506035     
  1.500000000000000E-002  1.794284505857760E-002
  1.600000000000000E-002  0.000000000000000E+000
  1.700000000000000E-002  0.000000000000000E+000
  1.800000000000000E-002  0.000000000000000E+000
  1.900000000000000E-002  0.000000000000000E+000
  2.000000000000000E-002  0.000000000000000E+000
  2.100000000000000E-002  0.000000000000000E+000
  2.200000000000000E-002  0.000000000000000E+000
  2.300000000000000E-002  0.000000000000000E+000
  2.400000000000000E-002  0.000000000000000E+000
  2.500000000000000E-002  0.000000000000000E+000
 -2.500000000000000E-002  0.000000000000000E+000
 -2.400000000000000E-002  0.000000000000000E+000
 -2.300000000000000E-002  0.000000000000000E+000
 -2.200000000000000E-002  0.000000000000000E+000
 -2.100000000000000E-002  0.000000000000000E+000
 -2.000000000000000E-002  0.000000000000000E+000
 -1.900000000000000E-002  0.000000000000000E+000
 -1.800000000000000E-002  0.000000000000000E+000
 -1.700000000000000E-002  0.000000000000000E+000
 -1.600000000000000E-002  0.000000000000000E+000
 -1.500000000000000E-002  0.000000000000000E+000
 -1.400000000000000E-002  0.000000000000000E+000
 -1.300000000000000E-002  0.000000000000000E+000
 -1.200000000000000E-002  0.000000000000000E+000
 -1.100000000000000E-002  0.000000000000000E+000
 -1.000000000000000E-002  0.000000000000000E+000
 -9.000000000000001E-003  0.000000000000000E+000
 -8.000000000000000E-003  0.000000000000000E+000
 -6.999999999999999E-003  0.000000000000000E+000
 -6.000000000000002E-003  0.000000000000000E+000
 -5.000000000000001E-003  0.000000000000000E+000
 -4.000000000000000E-003  0.000000000000000E+000
 -3.000000000000003E-003  0.000000000000000E+000
 -2.000000000000002E-003  0.000000000000000E+000
 -1.000000000000001E-003  0.000000000000000E+000
  0.000000000000000E+000  0.000000000000000E+000
  1.000000000000001E-003  0.000000000000000E+000
  1.999999999999998E-003  0.000000000000000E+000
  2.999999999999999E-003  0.000000000000000E+000
  4.000000000000000E-003  0.000000000000000E+000
  4.999999999999998E-003  0.000000000000000E+000
  5.999999999999998E-003  0.000000000000000E+000
  6.999999999999999E-003  0.000000000000000E+000
  8.000000000000000E-003  0.000000000000000E+000
  9.000000000000001E-003  0.000000000000000E+000
  1.000000000000000E-002  0.000000000000000E+000
  1.100000000000000E-002  0.000000000000000E+000
  1.200000000000000E-002  0.000000000000000E+000
  1.300000000000000E-002  0.000000000000000E+000
  1.400000000000000E-002  0.000000000000000E+000
  1.500000000000000E-002  0.000000000000000E+000
  1.600000000000000E-002  0.000000000000000E+000
  1.700000000000000E-002  0.000000000000000E+000
  1.800000000000000E-002  0.000000000000000E+000
  1.900000000000000E-002  0.000000000000000E+000
  2.000000000000000E-002  0.000000000000000E+000
  2.100000000000000E-002  0.000000000000000E+000
  2.200000000000000E-002  0.000000000000000E+000
  2.300000000000000E-002  0.000000000000000E+000
  2.400000000000000E-002  0.000000000000000E+000
  2.500000000000000E-002  0.000000000000000E+000
4
   95.7971142857143     
11
41
11
41
 0
 0
  137.12911000
