 -2.500000000000000E-002  0.000000000000000E+000
 -2.400000000000000E-002  0.000000000000000E+000
 -2.300000000000000E-002  0.000000000000000E+000
 -2.200000000000000E-002  0.000000000000000E+000
 -2.100000000000000E-002  0.000000000000000E+000
 -2.000000000000000E-002  0.000000000000000E+000
 -1.900000000000000E-002  0.000000000000000E+000
 -1.800000000000000E-002  0.000000000000000E+000
 -1.700000000000000E-002  3.408252088493387E-003
 -1.600000000000000E-002  3.084282549660389E-002
 -1.500000000000000E-002  0.107391157785696     
 -1.400000000000000E-002  8.095040652744386E-002
 -1.300000000000000E-002  0.125760824647162     
 -1.200000000000000E-002  0.228421229964023     
 -1.100000000000000E-002  0.212687122447992     
 -1.000000000000000E-002  0.314095423651471     
 -9.000000000000001E-003  0.256599348369162     
 -8.000000000000000E-003   1.28122001349505     
 -6.999999999999999E-003   2.89915554149865     
 -6.000000000000002E-003   10.6345176524730     
 -5.000000000000001E-003   14.3925863232464     
 -4.000000000000000E-003   14.7979204226961     
 -3.000000000000003E-003   15.3471846350253     
 -2.000000000000002E-003   11.2048271864114     
 -1.000000000000001E-003   11.1223917080606     
  0.000000000000000E+000   10.6955230067423     
  1.000000000000001E-003   17.1253762617530     
  1.999999999999998E-003   8.62824850317345     
  2.999999999999999E-003   8.56155181953445     
  4.000000000000000E-003   7.44711194814240     
  4.999999999999998E-003   11.4295067810402     
  5.999999999999998E-003   8.27126515391289     
  6.999999999999999E-003   8.85533687563620     
  8.000000000000000E-003   2.02065217578585     
  9.000000000000001E-003  0.386663296898092     
  1.000000000000000E-002  0.449077832598835     
  1.100000000000000E-002  0.611155595925899     
  1.200000000000000E-002  0.505582465550949     
  1.300000000000000E-002  0.147410375519759     
  1.400000000000000E-002  0.107292950010274     
  1.500000000000000E-002  4.244522174014755E-002
  1.600000000000000E-002  0.000000000000000E+000
  1.700000000000000E-002  0.000000000000000E+000
  1.800000000000000E-002  0.000000000000000E+000
  1.900000000000000E-002  0.000000000000000E+000
  2.000000000000000E-002  0.000000000000000E+000
  2.100000000000000E-002  0.000000000000000E+000
  2.200000000000000E-002  0.000000000000000E+000
  2.300000000000000E-002  0.000000000000000E+000
  2.400000000000000E-002  0.000000000000000E+000
  2.500000000000000E-002  0.000000000000000E+000
 -2.500000000000000E-002  0.000000000000000E+000
 -2.400000000000000E-002  0.000000000000000E+000
 -2.300000000000000E-002  0.000000000000000E+000
 -2.200000000000000E-002  0.000000000000000E+000
 -2.100000000000000E-002  0.000000000000000E+000
 -2.000000000000000E-002  0.000000000000000E+000
 -1.900000000000000E-002  0.000000000000000E+000
 -1.800000000000000E-002  0.000000000000000E+000
 -1.700000000000000E-002  6.164324165476446E-002
 -1.600000000000000E-002  0.389532969145579     
 -1.500000000000000E-002  0.959384758390632     
 -1.400000000000000E-002  0.517196688535081     
 -1.300000000000000E-002  0.579714420211057     
 -1.200000000000000E-002  0.764428357146385     
 -1.100000000000000E-002  0.518387878279790     
 -1.000000000000000E-002  0.557307962878752     
 -9.000000000000001E-003  0.193744583998131     
 -8.000000000000000E-003  0.127738973754373     
 -6.999999999999999E-003  0.181624233541457     
 -6.000000000000002E-003  7.379661371237879E-002
 -5.000000000000001E-003  0.107782924237695     
 -4.000000000000000E-003  6.472840814755138E-003
 -3.000000000000003E-003  1.115684173290282E-002
 -2.000000000000002E-003  1.436698149757913E-003
 -1.000000000000001E-003  1.153570342516482E-003
  0.000000000000000E+000  0.000000000000000E+000
  1.000000000000001E-003  2.083322890778859E-003
  1.999999999999998E-003  1.143216580716223E-002
  2.999999999999999E-003  2.587944620645563E-002
  4.000000000000000E-003  7.495598672318256E-002
  4.999999999999998E-003  6.593628381435966E-002
  5.999999999999998E-003  0.181698882515236     
  6.999999999999999E-003  0.108407370965163     
  8.000000000000000E-003  0.473690964762017     
  9.000000000000001E-003  0.497007766109173     
  1.000000000000000E-002  0.796810883616609     
  1.100000000000000E-002   1.48958549546562     
  1.200000000000000E-002   1.69196870888053     
  1.300000000000000E-002  0.679511450543429     
  1.400000000000000E-002  0.685500676635401     
  1.500000000000000E-002  0.379186700689730     
  1.600000000000000E-002  0.000000000000000E+000
  1.700000000000000E-002  0.000000000000000E+000
  1.800000000000000E-002  0.000000000000000E+000
  1.900000000000000E-002  0.000000000000000E+000
  2.000000000000000E-002  0.000000000000000E+000
  2.100000000000000E-002  0.000000000000000E+000
  2.200000000000000E-002  0.000000000000000E+000
  2.300000000000000E-002  0.000000000000000E+000
  2.400000000000000E-002  0.000000000000000E+000
  2.500000000000000E-002  0.000000000000000E+000
 -2.500000000000000E-002  0.000000000000000E+000
 -2.400000000000000E-002  0.000000000000000E+000
 -2.300000000000000E-002  0.000000000000000E+000
 -2.200000000000000E-002  0.000000000000000E+000
 -2.100000000000000E-002  0.000000000000000E+000
 -2.000000000000000E-002  0.000000000000000E+000
 -1.900000000000000E-002  0.000000000000000E+000
 -1.800000000000000E-002  0.000000000000000E+000
 -1.700000000000000E-002  0.000000000000000E+000
 -1.600000000000000E-002  0.000000000000000E+000
 -1.500000000000000E-002  0.000000000000000E+000
 -1.400000000000000E-002  0.000000000000000E+000
 -1.300000000000000E-002  0.000000000000000E+000
 -1.200000000000000E-002  0.000000000000000E+000
 -1.100000000000000E-002  0.000000000000000E+000
 -1.000000000000000E-002  0.000000000000000E+000
 -9.000000000000001E-003  0.000000000000000E+000
 -8.000000000000000E-003  0.000000000000000E+000
 -6.999999999999999E-003  0.000000000000000E+000
 -6.000000000000002E-003  0.000000000000000E+000
 -5.000000000000001E-003  0.000000000000000E+000
 -4.000000000000000E-003  0.000000000000000E+000
 -3.000000000000003E-003  0.000000000000000E+000
 -2.000000000000002E-003  0.000000000000000E+000
 -1.000000000000001E-003  0.000000000000000E+000
  0.000000000000000E+000  0.000000000000000E+000
  1.000000000000001E-003  0.000000000000000E+000
  1.999999999999998E-003  0.000000000000000E+000
  2.999999999999999E-003  0.000000000000000E+000
  4.000000000000000E-003  0.000000000000000E+000
  4.999999999999998E-003  0.000000000000000E+000
  5.999999999999998E-003  0.000000000000000E+000
  6.999999999999999E-003  0.000000000000000E+000
  8.000000000000000E-003  0.000000000000000E+000
  9.000000000000001E-003  0.000000000000000E+000
  1.000000000000000E-002  0.000000000000000E+000
  1.100000000000000E-002  0.000000000000000E+000
  1.200000000000000E-002  0.000000000000000E+000
  1.300000000000000E-002  0.000000000000000E+000
  1.400000000000000E-002  0.000000000000000E+000
  1.500000000000000E-002  0.000000000000000E+000
  1.600000000000000E-002  0.000000000000000E+000
  1.700000000000000E-002  0.000000000000000E+000
  1.800000000000000E-002  0.000000000000000E+000
  1.900000000000000E-002  0.000000000000000E+000
  2.000000000000000E-002  0.000000000000000E+000
  2.100000000000000E-002  0.000000000000000E+000
  2.200000000000000E-002  0.000000000000000E+000
  2.300000000000000E-002  0.000000000000000E+000
  2.400000000000000E-002  0.000000000000000E+000
  2.500000000000000E-002  0.000000000000000E+000
4
   106.078454545455     
 9
41
 9
41
 0
 0
  185.92014000
