 -2.500000000000000E-002  0.000000000000000E+000
 -2.400000000000000E-002  0.000000000000000E+000
 -2.300000000000000E-002  0.000000000000000E+000
 -2.200000000000000E-002  0.000000000000000E+000
 -2.100000000000000E-002  0.000000000000000E+000
 -2.000000000000000E-002  0.000000000000000E+000
 -1.900000000000000E-002  0.000000000000000E+000
 -1.800000000000000E-002  0.000000000000000E+000
 -1.700000000000000E-002  0.000000000000000E+000
 -1.600000000000000E-002  3.227841451587114E-002
 -1.500000000000000E-002  0.172711596150397     
 -1.400000000000000E-002  0.348059862959626     
 -1.300000000000000E-002  0.121705937740324     
 -1.200000000000000E-002  0.329052165035842     
 -1.100000000000000E-002  0.558077448273000     
 -1.000000000000000E-002  0.454351727356551     
 -9.000000000000001E-003   1.10192505942318     
 -8.000000000000000E-003  0.966702609964349     
 -6.999999999999999E-003   1.31922742166476     
 -6.000000000000002E-003   1.41614831956574     
 -5.000000000000001E-003   2.73104485168681     
 -4.000000000000000E-003   9.41704945596251     
 -3.000000000000003E-003   25.3134470584686     
 -2.000000000000002E-003   30.7237957344872     
 -1.000000000000001E-003   30.2990921301753     
  0.000000000000000E+000   13.8450245620082     
  1.000000000000001E-003   11.7681044804145     
  1.999999999999998E-003   9.59144266063698     
  2.999999999999999E-003   4.87270839960801     
  4.000000000000000E-003   2.92951737053757     
  4.999999999999998E-003   2.49590003881464     
  5.999999999999998E-003   1.58927935722800     
  6.999999999999999E-003  0.781314842725022     
  8.000000000000000E-003  0.992512860210507     
  9.000000000000001E-003  0.875722073623915     
  1.000000000000000E-002  0.647966763556570     
  1.100000000000000E-002   1.06302618530039     
  1.200000000000000E-002  0.722604044901925     
  1.300000000000000E-002  0.796206640128679     
  1.400000000000000E-002  0.528620434933890     
  1.500000000000000E-002  0.283952790305560     
  1.600000000000000E-002  9.968997250713969E-002
  1.700000000000000E-002  0.000000000000000E+000
  1.800000000000000E-002  0.000000000000000E+000
  1.900000000000000E-002  0.000000000000000E+000
  2.000000000000000E-002  0.000000000000000E+000
  2.100000000000000E-002  0.000000000000000E+000
  2.200000000000000E-002  0.000000000000000E+000
  2.300000000000000E-002  0.000000000000000E+000
  2.400000000000000E-002  0.000000000000000E+000
  2.500000000000000E-002  0.000000000000000E+000
 -2.500000000000000E-002  0.000000000000000E+000
 -2.400000000000000E-002  0.000000000000000E+000
 -2.300000000000000E-002  0.000000000000000E+000
 -2.200000000000000E-002  0.000000000000000E+000
 -2.100000000000000E-002  0.000000000000000E+000
 -2.000000000000000E-002  0.000000000000000E+000
 -1.900000000000000E-002  0.000000000000000E+000
 -1.800000000000000E-002  0.000000000000000E+000
 -1.700000000000000E-002  0.000000000000000E+000
 -1.600000000000000E-002  0.407663903784156     
 -1.500000000000000E-002   1.54292845296133     
 -1.400000000000000E-002   2.22377399023516     
 -1.300000000000000E-002  0.561022777413595     
 -1.200000000000000E-002   1.10119714342413     
 -1.100000000000000E-002   1.36021673995229     
 -1.000000000000000E-002  0.806168497012215     
 -9.000000000000001E-003   1.05016205870079     
 -8.000000000000000E-003  0.449368412486157     
 -6.999999999999999E-003  0.209127110945688     
 -6.000000000000002E-003  0.173786725480999     
 -5.000000000000001E-003  9.861143956911586E-002
 -4.000000000000000E-003  0.116370639996704     
 -3.000000000000003E-003  2.888255611959411E-002
 -2.000000000000002E-003  0.000000000000000E+000
 -1.000000000000001E-003  0.000000000000000E+000
  0.000000000000000E+000  0.000000000000000E+000
  1.000000000000001E-003  5.014506261917815E-003
  1.999999999999998E-003  2.402363613690594E-002
  2.999999999999999E-003  5.935468106581344E-002
  4.000000000000000E-003  0.159352226313292     
  4.999999999999998E-003  0.219590851936544     
  5.999999999999998E-003  0.532671263528107     
  6.999999999999999E-003  0.397934220651179     
  8.000000000000000E-003  0.458287256701767     
  9.000000000000001E-003   1.07580432606132     
  1.000000000000000E-002   1.14970486616053     
  1.100000000000000E-002   2.59094148442616     
  1.200000000000000E-002   2.41824730126316     
  1.300000000000000E-002   3.67024049059307     
  1.400000000000000E-002   3.37738561383374     
  1.500000000000000E-002   2.53670772099573     
  1.600000000000000E-002   1.25904583511725     
  1.700000000000000E-002  0.000000000000000E+000
  1.800000000000000E-002  0.000000000000000E+000
  1.900000000000000E-002  0.000000000000000E+000
  2.000000000000000E-002  0.000000000000000E+000
  2.100000000000000E-002  0.000000000000000E+000
  2.200000000000000E-002  0.000000000000000E+000
  2.300000000000000E-002  0.000000000000000E+000
  2.400000000000000E-002  0.000000000000000E+000
  2.500000000000000E-002  0.000000000000000E+000
 -2.500000000000000E-002  0.000000000000000E+000
 -2.400000000000000E-002  0.000000000000000E+000
 -2.300000000000000E-002  0.000000000000000E+000
 -2.200000000000000E-002  0.000000000000000E+000
 -2.100000000000000E-002  0.000000000000000E+000
 -2.000000000000000E-002  0.000000000000000E+000
 -1.900000000000000E-002  0.000000000000000E+000
 -1.800000000000000E-002  0.000000000000000E+000
 -1.700000000000000E-002  0.000000000000000E+000
 -1.600000000000000E-002  0.000000000000000E+000
 -1.500000000000000E-002  0.000000000000000E+000
 -1.400000000000000E-002  0.000000000000000E+000
 -1.300000000000000E-002  0.000000000000000E+000
 -1.200000000000000E-002  0.000000000000000E+000
 -1.100000000000000E-002  0.000000000000000E+000
 -1.000000000000000E-002  0.000000000000000E+000
 -9.000000000000001E-003  0.000000000000000E+000
 -8.000000000000000E-003  0.000000000000000E+000
 -6.999999999999999E-003  0.000000000000000E+000
 -6.000000000000002E-003  0.000000000000000E+000
 -5.000000000000001E-003  0.000000000000000E+000
 -4.000000000000000E-003  0.000000000000000E+000
 -3.000000000000003E-003  0.000000000000000E+000
 -2.000000000000002E-003  0.000000000000000E+000
 -1.000000000000001E-003  0.000000000000000E+000
  0.000000000000000E+000  0.000000000000000E+000
  1.000000000000001E-003  0.000000000000000E+000
  1.999999999999998E-003  0.000000000000000E+000
  2.999999999999999E-003  0.000000000000000E+000
  4.000000000000000E-003  0.000000000000000E+000
  4.999999999999998E-003  0.000000000000000E+000
  5.999999999999998E-003  0.000000000000000E+000
  6.999999999999999E-003  0.000000000000000E+000
  8.000000000000000E-003  0.000000000000000E+000
  9.000000000000001E-003  0.000000000000000E+000
  1.000000000000000E-002  0.000000000000000E+000
  1.100000000000000E-002  0.000000000000000E+000
  1.200000000000000E-002  0.000000000000000E+000
  1.300000000000000E-002  0.000000000000000E+000
  1.400000000000000E-002  0.000000000000000E+000
  1.500000000000000E-002  0.000000000000000E+000
  1.600000000000000E-002  0.000000000000000E+000
  1.700000000000000E-002  0.000000000000000E+000
  1.800000000000000E-002  0.000000000000000E+000
  1.900000000000000E-002  0.000000000000000E+000
  2.000000000000000E-002  0.000000000000000E+000
  2.100000000000000E-002  0.000000000000000E+000
  2.200000000000000E-002  0.000000000000000E+000
  2.300000000000000E-002  0.000000000000000E+000
  2.400000000000000E-002  0.000000000000000E+000
  2.500000000000000E-002  0.000000000000000E+000
4
   96.2958833333333     
10
42
10
42
 0
 0
  196.46873000
