 -2.500000000000000E-002  0.000000000000000E+000
 -2.400000000000000E-002  0.000000000000000E+000
 -2.300000000000000E-002  0.000000000000000E+000
 -2.200000000000000E-002  0.000000000000000E+000
 -2.100000000000000E-002  0.000000000000000E+000
 -2.000000000000000E-002  0.000000000000000E+000
 -1.900000000000000E-002  8.103060544762484E-003
 -1.800000000000000E-002  5.318641248657961E-002
 -1.700000000000000E-002  0.143512656798568     
 -1.600000000000000E-002  8.675263607763757E-002
 -1.500000000000000E-002  0.141309597581583     
 -1.400000000000000E-002  0.326164043204703     
 -1.300000000000000E-002  0.322817444380195     
 -1.200000000000000E-002  0.348167807823726     
 -1.100000000000000E-002   1.31045901851673     
 -1.000000000000000E-002   1.13608450628534     
 -9.000000000000001E-003   1.46916655881671     
 -8.000000000000000E-003   3.39256807631856     
 -6.999999999999999E-003   5.14865886918207     
 -6.000000000000002E-003   8.18530286931814     
 -5.000000000000001E-003   6.36312602938769     
 -4.000000000000000E-003   5.12403552741874     
 -3.000000000000003E-003   4.40974135225606     
 -2.000000000000002E-003   4.80340428415508     
 -1.000000000000001E-003   2.82227751684587     
  0.000000000000000E+000   6.15263550078386     
  1.000000000000001E-003   4.15841335855271     
  1.999999999999998E-003   5.89071429020351     
  2.999999999999999E-003   8.86642236475381     
  4.000000000000000E-003   8.33585019680635     
  4.999999999999998E-003   13.2213918070755     
  5.999999999999998E-003   11.0308721682839     
  6.999999999999999E-003   5.05809778554247     
  8.000000000000000E-003   2.00052753198729     
  9.000000000000001E-003  0.878701279837061     
  1.000000000000000E-002   1.69662218893237     
  1.100000000000000E-002   1.41678015139159     
  1.200000000000000E-002  0.567797993830047     
  1.300000000000000E-002  0.000000000000000E+000
  1.400000000000000E-002  0.000000000000000E+000
  1.500000000000000E-002  0.000000000000000E+000
  1.600000000000000E-002  0.000000000000000E+000
  1.700000000000000E-002  0.000000000000000E+000
  1.800000000000000E-002  0.000000000000000E+000
  1.900000000000000E-002  0.000000000000000E+000
  2.000000000000000E-002  0.000000000000000E+000
  2.100000000000000E-002  0.000000000000000E+000
  2.200000000000000E-002  0.000000000000000E+000
  2.300000000000000E-002  0.000000000000000E+000
  2.400000000000000E-002  0.000000000000000E+000
  2.500000000000000E-002  0.000000000000000E+000
 -2.500000000000000E-002  0.000000000000000E+000
 -2.400000000000000E-002  0.000000000000000E+000
 -2.300000000000000E-002  0.000000000000000E+000
 -2.200000000000000E-002  0.000000000000000E+000
 -2.100000000000000E-002  0.000000000000000E+000
 -2.000000000000000E-002  0.000000000000000E+000
 -1.900000000000000E-002  0.314336369484260     
 -1.800000000000000E-002   1.39769338502750     
 -1.700000000000000E-002   2.59563704616170     
 -1.600000000000000E-002   1.09565227466754     
 -1.500000000000000E-002   1.26239698807067     
 -1.400000000000000E-002   2.08388036948889     
 -1.300000000000000E-002   1.48807808892737     
 -1.200000000000000E-002   1.16516904049535     
 -1.100000000000000E-002  0.506668453970441     
 -1.000000000000000E-002  0.359275147032645     
 -9.000000000000001E-003  0.221959533684551     
 -8.000000000000000E-003  0.529542464553776     
 -6.999999999999999E-003  0.101202645736366     
 -6.000000000000002E-003  0.000000000000000E+000
 -5.000000000000001E-003  0.000000000000000E+000
 -4.000000000000000E-003  0.000000000000000E+000
 -3.000000000000003E-003  0.000000000000000E+000
 -2.000000000000002E-003  0.000000000000000E+000
 -1.000000000000001E-003  0.000000000000000E+000
  0.000000000000000E+000  0.000000000000000E+000
  1.000000000000001E-003  1.414343622901950E-002
  1.999999999999998E-003  6.151320594501087E-002
  2.999999999999999E-003  1.583706445612314E-002
  4.000000000000000E-003  1.648638081003159E-002
  4.999999999999998E-003  0.380314124140013     
  5.999999999999998E-003   1.03302543718414     
  6.999999999999999E-003  0.823763319715276     
  8.000000000000000E-003   1.84331350327632     
  9.000000000000001E-003   1.12946163670712     
  1.000000000000000E-002   3.01036240801135     
  1.100000000000000E-002   3.45315526495216     
  1.200000000000000E-002   1.90017752589318     
  1.300000000000000E-002  0.000000000000000E+000
  1.400000000000000E-002  0.000000000000000E+000
  1.500000000000000E-002  0.000000000000000E+000
  1.600000000000000E-002  0.000000000000000E+000
  1.700000000000000E-002  0.000000000000000E+000
  1.800000000000000E-002  0.000000000000000E+000
  1.900000000000000E-002  0.000000000000000E+000
  2.000000000000000E-002  0.000000000000000E+000
  2.100000000000000E-002  0.000000000000000E+000
  2.200000000000000E-002  0.000000000000000E+000
  2.300000000000000E-002  0.000000000000000E+000
  2.400000000000000E-002  0.000000000000000E+000
  2.500000000000000E-002  0.000000000000000E+000
 -2.500000000000000E-002  0.000000000000000E+000
 -2.400000000000000E-002  0.000000000000000E+000
 -2.300000000000000E-002  0.000000000000000E+000
 -2.200000000000000E-002  0.000000000000000E+000
 -2.100000000000000E-002  0.000000000000000E+000
 -2.000000000000000E-002  0.000000000000000E+000
 -1.900000000000000E-002  0.000000000000000E+000
 -1.800000000000000E-002  0.000000000000000E+000
 -1.700000000000000E-002  0.000000000000000E+000
 -1.600000000000000E-002  0.000000000000000E+000
 -1.500000000000000E-002  0.000000000000000E+000
 -1.400000000000000E-002  0.000000000000000E+000
 -1.300000000000000E-002  0.000000000000000E+000
 -1.200000000000000E-002  0.000000000000000E+000
 -1.100000000000000E-002  0.000000000000000E+000
 -1.000000000000000E-002  0.000000000000000E+000
 -9.000000000000001E-003  0.000000000000000E+000
 -8.000000000000000E-003  0.000000000000000E+000
 -6.999999999999999E-003  0.000000000000000E+000
 -6.000000000000002E-003  0.000000000000000E+000
 -5.000000000000001E-003  0.000000000000000E+000
 -4.000000000000000E-003  0.000000000000000E+000
 -3.000000000000003E-003  0.000000000000000E+000
 -2.000000000000002E-003  0.000000000000000E+000
 -1.000000000000001E-003  0.000000000000000E+000
  0.000000000000000E+000  0.000000000000000E+000
  1.000000000000001E-003  0.000000000000000E+000
  1.999999999999998E-003  0.000000000000000E+000
  2.999999999999999E-003  0.000000000000000E+000
  4.000000000000000E-003  0.000000000000000E+000
  4.999999999999998E-003  0.000000000000000E+000
  5.999999999999998E-003  0.000000000000000E+000
  6.999999999999999E-003  0.000000000000000E+000
  8.000000000000000E-003  0.000000000000000E+000
  9.000000000000001E-003  0.000000000000000E+000
  1.000000000000000E-002  0.000000000000000E+000
  1.100000000000000E-002  0.000000000000000E+000
  1.200000000000000E-002  0.000000000000000E+000
  1.300000000000000E-002  0.000000000000000E+000
  1.400000000000000E-002  0.000000000000000E+000
  1.500000000000000E-002  0.000000000000000E+000
  1.600000000000000E-002  0.000000000000000E+000
  1.700000000000000E-002  0.000000000000000E+000
  1.800000000000000E-002  0.000000000000000E+000
  1.900000000000000E-002  0.000000000000000E+000
  2.000000000000000E-002  0.000000000000000E+000
  2.100000000000000E-002  0.000000000000000E+000
  2.200000000000000E-002  0.000000000000000E+000
  2.300000000000000E-002  0.000000000000000E+000
  2.400000000000000E-002  0.000000000000000E+000
  2.500000000000000E-002  0.000000000000000E+000
4
   93.4722200000000     
 7
38
 7
38
 0
 0
  132.61854000
