 -2.500000000000000E-002  0.000000000000000E+000
 -2.400000000000000E-002  0.000000000000000E+000
 -2.300000000000000E-002  0.000000000000000E+000
 -2.200000000000000E-002  0.000000000000000E+000
 -2.100000000000000E-002  0.000000000000000E+000
 -2.000000000000000E-002  0.000000000000000E+000
 -1.900000000000000E-002  0.000000000000000E+000
 -1.800000000000000E-002  0.000000000000000E+000
 -1.700000000000000E-002  0.000000000000000E+000
 -1.600000000000000E-002  0.000000000000000E+000
 -1.500000000000000E-002  0.000000000000000E+000
 -1.400000000000000E-002  0.000000000000000E+000
 -1.300000000000000E-002  0.000000000000000E+000
 -1.200000000000000E-002  0.000000000000000E+000
 -1.100000000000000E-002  6.383949628994222E-002
 -1.000000000000000E-002  0.417375799402413     
 -9.000000000000001E-003  0.607640061710418     
 -8.000000000000000E-003  0.905212269917787     
 -6.999999999999999E-003   1.29095309736198     
 -6.000000000000002E-003   3.19082835145195     
 -5.000000000000001E-003   5.14487049561644     
 -4.000000000000000E-003   16.4386837734322     
 -3.000000000000003E-003   19.0360173984875     
 -2.000000000000002E-003   19.2730728890691     
 -1.000000000000001E-003   15.9950398477375     
  0.000000000000000E+000   12.1562606344753     
  1.000000000000001E-003   8.23593578853909     
  1.999999999999998E-003   7.17936429029136     
  2.999999999999999E-003   2.89543529579018     
  4.000000000000000E-003   2.50840935527376     
  4.999999999999998E-003   1.79735090235240     
  5.999999999999998E-003   1.73041335541147     
  6.999999999999999E-003   1.94403322042889     
  8.000000000000000E-003   1.25160942872368     
  9.000000000000001E-003  0.538440651934300     
  1.000000000000000E-002  0.954437869532455     
  1.100000000000000E-002  0.345734484354404     
  1.200000000000000E-002  0.210577662590312     
  1.300000000000000E-002  0.218591379299352     
  1.400000000000000E-002  0.270660785694579     
  1.500000000000000E-002  0.107573974839123     
  1.600000000000000E-002  2.132706393512767E-002
  1.700000000000000E-002  8.994710645816119E-003
  1.800000000000000E-002  1.515512939737654E-002
  1.900000000000000E-002  1.785735336942839E-002
  2.000000000000000E-002  1.072400233968570E-002
  2.100000000000000E-002  6.891420473557822E-003
  2.200000000000000E-002  1.783965285936151E-003
  2.300000000000000E-002  0.000000000000000E+000
  2.400000000000000E-002  0.000000000000000E+000
  2.500000000000000E-002  0.000000000000000E+000
 -2.500000000000000E-002  0.000000000000000E+000
 -2.400000000000000E-002  0.000000000000000E+000
 -2.300000000000000E-002  0.000000000000000E+000
 -2.200000000000000E-002  0.000000000000000E+000
 -2.100000000000000E-002  0.000000000000000E+000
 -2.000000000000000E-002  0.000000000000000E+000
 -1.900000000000000E-002  0.000000000000000E+000
 -1.800000000000000E-002  0.000000000000000E+000
 -1.700000000000000E-002  0.000000000000000E+000
 -1.600000000000000E-002  0.000000000000000E+000
 -1.500000000000000E-002  0.000000000000000E+000
 -1.400000000000000E-002  0.000000000000000E+000
 -1.300000000000000E-002  0.000000000000000E+000
 -1.200000000000000E-002  0.000000000000000E+000
 -1.100000000000000E-002  0.000000000000000E+000
 -1.000000000000000E-002  0.000000000000000E+000
 -9.000000000000001E-003  0.000000000000000E+000
 -8.000000000000000E-003  0.000000000000000E+000
 -6.999999999999999E-003  0.000000000000000E+000
 -6.000000000000002E-003  0.000000000000000E+000
 -5.000000000000001E-003  0.000000000000000E+000
 -4.000000000000000E-003  0.000000000000000E+000
 -3.000000000000003E-003  0.000000000000000E+000
 -2.000000000000002E-003  0.000000000000000E+000
 -1.000000000000001E-003  0.000000000000000E+000
  0.000000000000000E+000  0.000000000000000E+000
  1.000000000000001E-003  0.000000000000000E+000
  1.999999999999998E-003  0.000000000000000E+000
  2.999999999999999E-003  0.000000000000000E+000
  4.000000000000000E-003  0.000000000000000E+000
  4.999999999999998E-003  0.000000000000000E+000
  5.999999999999998E-003  0.000000000000000E+000
  6.999999999999999E-003  0.000000000000000E+000
  8.000000000000000E-003  0.000000000000000E+000
  9.000000000000001E-003  0.000000000000000E+000
  1.000000000000000E-002  0.000000000000000E+000
  1.100000000000000E-002  0.000000000000000E+000
  1.200000000000000E-002  0.000000000000000E+000
  1.300000000000000E-002  0.000000000000000E+000
  1.400000000000000E-002  0.000000000000000E+000
  1.500000000000000E-002  0.000000000000000E+000
  1.600000000000000E-002  0.000000000000000E+000
  1.700000000000000E-002  0.000000000000000E+000
  1.800000000000000E-002  0.000000000000000E+000
  1.900000000000000E-002  0.000000000000000E+000
  2.000000000000000E-002  0.000000000000000E+000
  2.100000000000000E-002  0.000000000000000E+000
  2.200000000000000E-002  0.000000000000000E+000
  2.300000000000000E-002  0.000000000000000E+000
  2.400000000000000E-002  0.000000000000000E+000
  2.500000000000000E-002  0.000000000000000E+000
 -2.500000000000000E-002  0.000000000000000E+000
 -2.400000000000000E-002  0.000000000000000E+000
 -2.300000000000000E-002  0.000000000000000E+000
 -2.200000000000000E-002  0.000000000000000E+000
 -2.100000000000000E-002  0.000000000000000E+000
 -2.000000000000000E-002  0.000000000000000E+000
 -1.900000000000000E-002  0.000000000000000E+000
 -1.800000000000000E-002  0.000000000000000E+000
 -1.700000000000000E-002  0.000000000000000E+000
 -1.600000000000000E-002  0.000000000000000E+000
 -1.500000000000000E-002  0.000000000000000E+000
 -1.400000000000000E-002  0.000000000000000E+000
 -1.300000000000000E-002  0.000000000000000E+000
 -1.200000000000000E-002  0.000000000000000E+000
 -1.100000000000000E-002  0.155597671599916     
 -1.000000000000000E-002  0.740561112975515     
 -9.000000000000001E-003  0.781046021414156     
 -8.000000000000000E-003  0.834074999614388     
 -6.999999999999999E-003  0.837468733734928     
 -6.000000000000002E-003  0.818711790235263     
 -5.000000000000001E-003  0.301589076566839     
 -4.000000000000000E-003  8.090602920009742E-002
 -3.000000000000003E-003  7.866266464189942E-002
 -2.000000000000002E-003  4.725833522731762E-002
 -1.000000000000001E-003  5.315038874963188E-003
  0.000000000000000E+000  0.000000000000000E+000
  1.000000000000001E-003  6.155334667367950E-003
  1.999999999999998E-003  9.641212251950739E-003
  2.999999999999999E-003  1.733463609702393E-002
  4.000000000000000E-003  2.179714924304367E-002
  4.999999999999998E-003  4.993824453808816E-002
  5.999999999999998E-003  0.310024225403111     
  6.999999999999999E-003  0.628222976827881     
  8.000000000000000E-003   1.08274129550497     
  9.000000000000001E-003  0.692098752964298     
  1.000000000000000E-002   1.69348479700773     
  1.100000000000000E-002  0.842667688244560     
  1.200000000000000E-002  0.704713553512478     
  1.300000000000000E-002   1.00763155035910     
  1.400000000000000E-002   1.72926694358331     
  1.500000000000000E-002  0.961017964496688     
  1.600000000000000E-002  0.269352577270284     
  1.700000000000000E-002  0.162682544471006     
  1.800000000000000E-002  0.398263825620760     
  1.900000000000000E-002  0.692727839775525     
  2.000000000000000E-002  0.624588553431289     
  2.100000000000000E-002  0.613454481141803     
  2.200000000000000E-002  0.247256174047812     
  2.300000000000000E-002  0.000000000000000E+000
  2.400000000000000E-002  0.000000000000000E+000
  2.500000000000000E-002  0.000000000000000E+000
4
   107.032437500000     
15
48
 0
 0
15
48
  130.86421000
