 -2.500000000000000E-002  0.000000000000000E+000
 -2.400000000000000E-002  0.000000000000000E+000
 -2.300000000000000E-002  0.000000000000000E+000
 -2.200000000000000E-002  0.000000000000000E+000
 -2.100000000000000E-002  0.000000000000000E+000
 -2.000000000000000E-002  0.000000000000000E+000
 -1.900000000000000E-002  0.000000000000000E+000
 -1.800000000000000E-002  0.000000000000000E+000
 -1.700000000000000E-002  2.203939430437319E-003
 -1.600000000000000E-002  3.773813727390411E-002
 -1.500000000000000E-002  0.116108250703226     
 -1.400000000000000E-002  0.148458842752504     
 -1.300000000000000E-002  7.163701695521053E-002
 -1.200000000000000E-002  0.173185777806049     
 -1.100000000000000E-002  0.302500844736393     
 -1.000000000000000E-002  0.401901693656862     
 -9.000000000000001E-003  0.311338565197523     
 -8.000000000000000E-003  0.370361723767288     
 -6.999999999999999E-003   1.34020762573756     
 -6.000000000000002E-003   1.45270752669717     
 -5.000000000000001E-003   5.70771159860560     
 -4.000000000000000E-003   13.6816937903711     
 -3.000000000000003E-003   17.8083658064808     
 -2.000000000000002E-003   23.9160937837799     
 -1.000000000000001E-003   20.2340962940047     
  0.000000000000000E+000   20.1534308925187     
  1.000000000000001E-003   17.4066417264757     
  1.999999999999998E-003   14.0448254000243     
  2.999999999999999E-003   5.88563271104524     
  4.000000000000000E-003   2.76971703715151     
  4.999999999999998E-003   1.97249896636143     
  5.999999999999998E-003   1.56522042586389     
  6.999999999999999E-003  0.777055568427404     
  8.000000000000000E-003   1.21163066970898     
  9.000000000000001E-003  0.510634402228694     
  1.000000000000000E-002  0.897741177250425     
  1.100000000000000E-002  0.829951982784521     
  1.200000000000000E-002  0.325253352077263     
  1.300000000000000E-002  0.583391908706940     
  1.400000000000000E-002  0.404548594249487     
  1.500000000000000E-002  0.196554272145129     
  1.600000000000000E-002  4.589917321355592E-002
  1.700000000000000E-002  2.314160910094458E-003
  1.800000000000000E-002  0.000000000000000E+000
  1.900000000000000E-002  0.000000000000000E+000
  2.000000000000000E-002  0.000000000000000E+000
  2.100000000000000E-002  0.000000000000000E+000
  2.200000000000000E-002  0.000000000000000E+000
  2.300000000000000E-002  0.000000000000000E+000
  2.400000000000000E-002  0.000000000000000E+000
  2.500000000000000E-002  0.000000000000000E+000
 -2.500000000000000E-002  0.000000000000000E+000
 -2.400000000000000E-002  0.000000000000000E+000
 -2.300000000000000E-002  0.000000000000000E+000
 -2.200000000000000E-002  0.000000000000000E+000
 -2.100000000000000E-002  0.000000000000000E+000
 -2.000000000000000E-002  0.000000000000000E+000
 -1.900000000000000E-002  0.000000000000000E+000
 -1.800000000000000E-002  0.000000000000000E+000
 -1.700000000000000E-002  3.986147954301332E-002
 -1.600000000000000E-002  0.476618092721303     
 -1.500000000000000E-002   1.03725938284754     
 -1.400000000000000E-002  0.948511874728072     
 -1.300000000000000E-002  0.330222164703153     
 -1.200000000000000E-002  0.579578875528550     
 -1.100000000000000E-002  0.737293209273110     
 -1.000000000000000E-002  0.713104990723977     
 -9.000000000000001E-003  0.400187155165230     
 -8.000000000000000E-003  0.111802756149841     
 -6.999999999999999E-003  9.542098953736190E-002
 -6.000000000000002E-003  0.106095485004100     
 -5.000000000000001E-003  9.124596202971690E-002
 -4.000000000000000E-003  3.635304215544462E-002
 -3.000000000000003E-003  7.679955919370964E-003
 -2.000000000000002E-003  1.612118993084136E-003
 -1.000000000000001E-003  3.596064582734459E-004
  0.000000000000000E+000  0.000000000000000E+000
  1.000000000000001E-003  1.944097381247097E-003
  1.999999999999998E-003  8.697459456439188E-003
  2.999999999999999E-003  4.131114196594127E-002
  4.000000000000000E-003  6.734495476862036E-002
  4.999999999999998E-003  0.119692151458680     
  5.999999999999998E-003  0.340574732513048     
  6.999999999999999E-003  0.203664765680510     
  8.000000000000000E-003  0.291618193479396     
  9.000000000000001E-003  0.458481686114924     
  1.000000000000000E-002  0.747139761354398     
  1.100000000000000E-002   1.34328848092667     
  1.200000000000000E-002   1.08469071086994     
  1.300000000000000E-002   1.92064574826783     
  1.400000000000000E-002   1.81053776262666     
  1.500000000000000E-002   1.44672363473659     
  1.600000000000000E-002  0.399334520513377     
  1.700000000000000E-002  0.000000000000000E+000
  1.800000000000000E-002  0.000000000000000E+000
  1.900000000000000E-002  0.000000000000000E+000
  2.000000000000000E-002  0.000000000000000E+000
  2.100000000000000E-002  0.000000000000000E+000
  2.200000000000000E-002  0.000000000000000E+000
  2.300000000000000E-002  0.000000000000000E+000
  2.400000000000000E-002  0.000000000000000E+000
  2.500000000000000E-002  0.000000000000000E+000
 -2.500000000000000E-002  0.000000000000000E+000
 -2.400000000000000E-002  0.000000000000000E+000
 -2.300000000000000E-002  0.000000000000000E+000
 -2.200000000000000E-002  0.000000000000000E+000
 -2.100000000000000E-002  0.000000000000000E+000
 -2.000000000000000E-002  0.000000000000000E+000
 -1.900000000000000E-002  0.000000000000000E+000
 -1.800000000000000E-002  0.000000000000000E+000
 -1.700000000000000E-002  0.000000000000000E+000
 -1.600000000000000E-002  0.000000000000000E+000
 -1.500000000000000E-002  0.000000000000000E+000
 -1.400000000000000E-002  0.000000000000000E+000
 -1.300000000000000E-002  0.000000000000000E+000
 -1.200000000000000E-002  0.000000000000000E+000
 -1.100000000000000E-002  0.000000000000000E+000
 -1.000000000000000E-002  0.000000000000000E+000
 -9.000000000000001E-003  0.000000000000000E+000
 -8.000000000000000E-003  0.000000000000000E+000
 -6.999999999999999E-003  0.000000000000000E+000
 -6.000000000000002E-003  0.000000000000000E+000
 -5.000000000000001E-003  0.000000000000000E+000
 -4.000000000000000E-003  0.000000000000000E+000
 -3.000000000000003E-003  0.000000000000000E+000
 -2.000000000000002E-003  0.000000000000000E+000
 -1.000000000000001E-003  0.000000000000000E+000
  0.000000000000000E+000  0.000000000000000E+000
  1.000000000000001E-003  0.000000000000000E+000
  1.999999999999998E-003  0.000000000000000E+000
  2.999999999999999E-003  0.000000000000000E+000
  4.000000000000000E-003  0.000000000000000E+000
  4.999999999999998E-003  0.000000000000000E+000
  5.999999999999998E-003  0.000000000000000E+000
  6.999999999999999E-003  6.488610988953237E-003
  8.000000000000000E-003  5.711886158700084E-002
  9.000000000000001E-003  3.403290723768490E-002
  1.000000000000000E-002  9.738725820824860E-002
  1.100000000000000E-002  0.137396924255020     
  1.200000000000000E-002  3.793427070905826E-003
  1.300000000000000E-002  0.768591564390782     
  1.400000000000000E-002  0.774145900776843     
  1.500000000000000E-002  0.309204663093140     
  1.600000000000000E-002  0.180354302910805     
  1.700000000000000E-002  4.185499678576345E-002
  1.800000000000000E-002  0.000000000000000E+000
  1.900000000000000E-002  0.000000000000000E+000
  2.000000000000000E-002  0.000000000000000E+000
  2.100000000000000E-002  0.000000000000000E+000
  2.200000000000000E-002  0.000000000000000E+000
  2.300000000000000E-002  0.000000000000000E+000
  2.400000000000000E-002  0.000000000000000E+000
  2.500000000000000E-002  0.000000000000000E+000
4
   91.6300000000000     
 9
43
 9
42
33
43
  174.40372000
