 -2.500000000000000E-002  0.000000000000000E+000
 -2.400000000000000E-002  0.000000000000000E+000
 -2.300000000000000E-002  0.000000000000000E+000
 -2.200000000000000E-002  0.000000000000000E+000
 -2.100000000000000E-002  0.000000000000000E+000
 -2.000000000000000E-002  0.000000000000000E+000
 -1.900000000000000E-002  4.330397313080545E-004
 -1.800000000000000E-002  3.303806480037344E-002
 -1.700000000000000E-002  4.442981481626151E-002
 -1.600000000000000E-002  3.736905965774488E-002
 -1.500000000000000E-002  0.145695859328696     
 -1.400000000000000E-002  0.183888185040130     
 -1.300000000000000E-002  7.524889956102521E-002
 -1.200000000000000E-002  3.935004577707287E-002
 -1.100000000000000E-002  9.018405156835797E-002
 -1.000000000000000E-002  0.290748365362356     
 -9.000000000000001E-003  0.413320012673522     
 -8.000000000000000E-003  0.411782771303210     
 -6.999999999999999E-003  0.383400086659463     
 -6.000000000000002E-003   2.27391289917211     
 -5.000000000000001E-003   6.08307330200588     
 -4.000000000000000E-003   12.1565626690109     
 -3.000000000000003E-003   14.4287523762528     
 -2.000000000000002E-003   12.7515476174350     
 -1.000000000000001E-003   12.2544602929826     
  0.000000000000000E+000   9.50920409225881     
  1.000000000000001E-003   12.4433391953235     
  1.999999999999998E-003   5.15323320423000     
  2.999999999999999E-003   2.45870529047344     
  4.000000000000000E-003   2.19640777357004     
  4.999999999999998E-003   2.74505515752420     
  5.999999999999998E-003   2.62493271612156     
  6.999999999999999E-003  0.594127562213086     
  8.000000000000000E-003   2.07473905316599     
  9.000000000000001E-003   1.47410409185343     
  1.000000000000000E-002  0.818663349215756     
  1.100000000000000E-002   1.93098884104483     
  1.200000000000000E-002  0.633090251495190     
  1.300000000000000E-002  0.128252578880778     
  1.400000000000000E-002  0.000000000000000E+000
  1.500000000000000E-002  0.000000000000000E+000
  1.600000000000000E-002  0.000000000000000E+000
  1.700000000000000E-002  0.000000000000000E+000
  1.800000000000000E-002  0.000000000000000E+000
  1.900000000000000E-002  0.000000000000000E+000
  2.000000000000000E-002  0.000000000000000E+000
  2.100000000000000E-002  0.000000000000000E+000
  2.200000000000000E-002  0.000000000000000E+000
  2.300000000000000E-002  0.000000000000000E+000
  2.400000000000000E-002  0.000000000000000E+000
  2.500000000000000E-002  0.000000000000000E+000
 -2.500000000000000E-002  0.000000000000000E+000
 -2.400000000000000E-002  0.000000000000000E+000
 -2.300000000000000E-002  0.000000000000000E+000
 -2.200000000000000E-002  0.000000000000000E+000
 -2.100000000000000E-002  0.000000000000000E+000
 -2.000000000000000E-002  0.000000000000000E+000
 -1.900000000000000E-002  1.679860791238887E-002
 -1.800000000000000E-002  0.868212057680024     
 -1.700000000000000E-002  0.803578415059646     
 -1.600000000000000E-002  0.471956785031334     
 -1.500000000000000E-002   1.30158189633741     
 -1.400000000000000E-002   1.17487193015193     
 -1.300000000000000E-002  0.346871709078954     
 -1.200000000000000E-002  0.131687807003493     
 -1.100000000000000E-002  0.219807944219228     
 -1.000000000000000E-002  0.515882649058337     
 -9.000000000000001E-003  0.531271671852586     
 -8.000000000000000E-003  0.188628531041436     
 -6.999999999999999E-003  2.254543133778734E-002
 -6.000000000000002E-003  2.214922585880079E-002
 -5.000000000000001E-003  1.483885207014041E-002
 -4.000000000000000E-003  0.000000000000000E+000
 -3.000000000000003E-003  0.000000000000000E+000
 -2.000000000000002E-003  0.000000000000000E+000
 -1.000000000000001E-003  0.000000000000000E+000
  0.000000000000000E+000  0.000000000000000E+000
  1.000000000000001E-003  3.360750859172095E-003
  1.999999999999998E-003  1.927973695826663E-002
  2.999999999999999E-003  8.418153948664581E-002
  4.000000000000000E-003  0.157601754438745     
  4.999999999999998E-003  0.536363104136631     
  5.999999999999998E-003  0.572523566180613     
  6.999999999999999E-003  0.360742773789806     
  8.000000000000000E-003  0.883393149089316     
  9.000000000000001E-003   1.00931399073124     
  1.000000000000000E-002  0.189168653551016     
  1.100000000000000E-002  0.000000000000000E+000
  1.200000000000000E-002  0.000000000000000E+000
  1.300000000000000E-002  0.000000000000000E+000
  1.400000000000000E-002  0.000000000000000E+000
  1.500000000000000E-002  0.000000000000000E+000
  1.600000000000000E-002  0.000000000000000E+000
  1.700000000000000E-002  0.000000000000000E+000
  1.800000000000000E-002  0.000000000000000E+000
  1.900000000000000E-002  0.000000000000000E+000
  2.000000000000000E-002  0.000000000000000E+000
  2.100000000000000E-002  0.000000000000000E+000
  2.200000000000000E-002  0.000000000000000E+000
  2.300000000000000E-002  0.000000000000000E+000
  2.400000000000000E-002  0.000000000000000E+000
  2.500000000000000E-002  0.000000000000000E+000
 -2.500000000000000E-002  0.000000000000000E+000
 -2.400000000000000E-002  0.000000000000000E+000
 -2.300000000000000E-002  0.000000000000000E+000
 -2.200000000000000E-002  0.000000000000000E+000
 -2.100000000000000E-002  0.000000000000000E+000
 -2.000000000000000E-002  0.000000000000000E+000
 -1.900000000000000E-002  0.000000000000000E+000
 -1.800000000000000E-002  0.000000000000000E+000
 -1.700000000000000E-002  0.000000000000000E+000
 -1.600000000000000E-002  0.000000000000000E+000
 -1.500000000000000E-002  0.000000000000000E+000
 -1.400000000000000E-002  0.000000000000000E+000
 -1.300000000000000E-002  0.000000000000000E+000
 -1.200000000000000E-002  0.000000000000000E+000
 -1.100000000000000E-002  0.000000000000000E+000
 -1.000000000000000E-002  0.000000000000000E+000
 -9.000000000000001E-003  0.000000000000000E+000
 -8.000000000000000E-003  0.000000000000000E+000
 -6.999999999999999E-003  0.000000000000000E+000
 -6.000000000000002E-003  0.000000000000000E+000
 -5.000000000000001E-003  0.000000000000000E+000
 -4.000000000000000E-003  0.000000000000000E+000
 -3.000000000000003E-003  0.000000000000000E+000
 -2.000000000000002E-003  0.000000000000000E+000
 -1.000000000000001E-003  0.000000000000000E+000
  0.000000000000000E+000  0.000000000000000E+000
  1.000000000000001E-003  7.408448767666673E-004
  1.999999999999998E-003  2.223143526668778E-003
  2.999999999999999E-003  4.226293036098262E-002
  4.000000000000000E-003  0.141806431126501     
  4.999999999999998E-003  0.225868618097437     
  5.999999999999998E-003  0.380269758283758     
  6.999999999999999E-003  2.468041332703645E-002
  8.000000000000000E-003   1.02829986754042     
  9.000000000000001E-003  0.885464198928587     
  1.000000000000000E-002   1.26340775819955     
  1.100000000000000E-002   4.70644953380266     
  1.200000000000000E-002   2.11868284288673     
  1.300000000000000E-002  0.591200555618501     
  1.400000000000000E-002  0.000000000000000E+000
  1.500000000000000E-002  0.000000000000000E+000
  1.600000000000000E-002  0.000000000000000E+000
  1.700000000000000E-002  0.000000000000000E+000
  1.800000000000000E-002  0.000000000000000E+000
  1.900000000000000E-002  0.000000000000000E+000
  2.000000000000000E-002  0.000000000000000E+000
  2.100000000000000E-002  0.000000000000000E+000
  2.200000000000000E-002  0.000000000000000E+000
  2.300000000000000E-002  0.000000000000000E+000
  2.400000000000000E-002  0.000000000000000E+000
  2.500000000000000E-002  0.000000000000000E+000
1
   81.2118714285714     
 7
39
 7
36
27
39
  118.63110000
