 -2.500000000000000E-002  0.000000000000000E+000
 -2.400000000000000E-002  0.000000000000000E+000
 -2.300000000000000E-002  0.000000000000000E+000
 -2.200000000000000E-002  0.000000000000000E+000
 -2.100000000000000E-002  0.000000000000000E+000
 -2.000000000000000E-002  0.000000000000000E+000
 -1.900000000000000E-002  0.000000000000000E+000
 -1.800000000000000E-002  1.738550496239515E-002
 -1.700000000000000E-002  6.729907013842207E-002
 -1.600000000000000E-002  1.348373974805142E-002
 -1.500000000000000E-002  0.146217870866750     
 -1.400000000000000E-002  0.176461560114070     
 -1.300000000000000E-002  0.130135910097560     
 -1.200000000000000E-002  5.060390720203376E-002
 -1.100000000000000E-002  8.063336102721520E-002
 -1.000000000000000E-002  0.179428541847700     
 -9.000000000000001E-003  0.493933731356950     
 -8.000000000000000E-003  0.464881337092602     
 -6.999999999999999E-003   1.29724409166879     
 -6.000000000000002E-003   5.13408130550587     
 -5.000000000000001E-003   3.96340674270506     
 -4.000000000000000E-003   6.24168516350039     
 -3.000000000000003E-003   17.3555677085278     
 -2.000000000000002E-003   20.8142616192440     
 -1.000000000000001E-003   18.2668975999864     
  0.000000000000000E+000   12.1057300816499     
  1.000000000000001E-003   11.6795320366021     
  1.999999999999998E-003   10.1257507389845     
  2.999999999999999E-003   5.27299454061911     
  4.000000000000000E-003   2.18826235353648     
  4.999999999999998E-003   2.75995260729145     
  5.999999999999998E-003   1.93748446235399     
  6.999999999999999E-003  0.559866065966641     
  8.000000000000000E-003   2.69817662022271     
  9.000000000000001E-003   1.36566517018882     
  1.000000000000000E-002   1.61313406986872     
  1.100000000000000E-002   1.59767249383106     
  1.200000000000000E-002  0.541072303686466     
  1.300000000000000E-002  5.692595029259007E-002
  1.400000000000000E-002  0.000000000000000E+000
  1.500000000000000E-002  0.000000000000000E+000
  1.600000000000000E-002  0.000000000000000E+000
  1.700000000000000E-002  0.000000000000000E+000
  1.800000000000000E-002  0.000000000000000E+000
  1.900000000000000E-002  0.000000000000000E+000
  2.000000000000000E-002  0.000000000000000E+000
  2.100000000000000E-002  0.000000000000000E+000
  2.200000000000000E-002  0.000000000000000E+000
  2.300000000000000E-002  0.000000000000000E+000
  2.400000000000000E-002  0.000000000000000E+000
  2.500000000000000E-002  0.000000000000000E+000
 -2.500000000000000E-002  0.000000000000000E+000
 -2.400000000000000E-002  0.000000000000000E+000
 -2.300000000000000E-002  0.000000000000000E+000
 -2.200000000000000E-002  0.000000000000000E+000
 -2.100000000000000E-002  0.000000000000000E+000
 -2.000000000000000E-002  0.000000000000000E+000
 -1.900000000000000E-002  0.000000000000000E+000
 -1.800000000000000E-002  0.456876185951326     
 -1.700000000000000E-002   1.21720246506694     
 -1.600000000000000E-002  0.170294423246764     
 -1.500000000000000E-002   1.30624531485007     
 -1.400000000000000E-002   1.12742280687362     
 -1.300000000000000E-002  0.599882068859730     
 -1.200000000000000E-002  0.169349677583522     
 -1.100000000000000E-002  0.196529796728467     
 -1.000000000000000E-002  0.318364890442994     
 -9.000000000000001E-003  0.634890620333139     
 -8.000000000000000E-003  0.268307969420769     
 -6.999999999999999E-003  2.922975757962776E-002
 -6.000000000000002E-003  1.508629635834121E-002
 -5.000000000000001E-003  2.055047508455139E-002
 -4.000000000000000E-003  0.000000000000000E+000
 -3.000000000000003E-003  0.000000000000000E+000
 -2.000000000000002E-003  0.000000000000000E+000
 -1.000000000000001E-003  0.000000000000000E+000
  0.000000000000000E+000  0.000000000000000E+000
  1.000000000000001E-003  2.506801663808966E-003
  1.999999999999998E-003  7.632987476303812E-003
  2.999999999999999E-003  0.114766281602560     
  4.000000000000000E-003  0.209062262583325     
  4.999999999999998E-003  0.548898736260748     
  5.999999999999998E-003  0.490892403265019     
  6.999999999999999E-003  0.152540640642539     
  8.000000000000000E-003   1.24626361802885     
  9.000000000000001E-003   1.14119889508085     
  1.000000000000000E-002  0.253644241154302     
  1.100000000000000E-002  0.000000000000000E+000
  1.200000000000000E-002  0.000000000000000E+000
  1.300000000000000E-002  0.000000000000000E+000
  1.400000000000000E-002  0.000000000000000E+000
  1.500000000000000E-002  0.000000000000000E+000
  1.600000000000000E-002  0.000000000000000E+000
  1.700000000000000E-002  0.000000000000000E+000
  1.800000000000000E-002  0.000000000000000E+000
  1.900000000000000E-002  0.000000000000000E+000
  2.000000000000000E-002  0.000000000000000E+000
  2.100000000000000E-002  0.000000000000000E+000
  2.200000000000000E-002  0.000000000000000E+000
  2.300000000000000E-002  0.000000000000000E+000
  2.400000000000000E-002  0.000000000000000E+000
  2.500000000000000E-002  0.000000000000000E+000
 -2.500000000000000E-002  0.000000000000000E+000
 -2.400000000000000E-002  0.000000000000000E+000
 -2.300000000000000E-002  0.000000000000000E+000
 -2.200000000000000E-002  0.000000000000000E+000
 -2.100000000000000E-002  0.000000000000000E+000
 -2.000000000000000E-002  0.000000000000000E+000
 -1.900000000000000E-002  0.000000000000000E+000
 -1.800000000000000E-002  0.000000000000000E+000
 -1.700000000000000E-002  0.000000000000000E+000
 -1.600000000000000E-002  0.000000000000000E+000
 -1.500000000000000E-002  0.000000000000000E+000
 -1.400000000000000E-002  0.000000000000000E+000
 -1.300000000000000E-002  0.000000000000000E+000
 -1.200000000000000E-002  0.000000000000000E+000
 -1.100000000000000E-002  0.000000000000000E+000
 -1.000000000000000E-002  0.000000000000000E+000
 -9.000000000000001E-003  0.000000000000000E+000
 -8.000000000000000E-003  0.000000000000000E+000
 -6.999999999999999E-003  0.000000000000000E+000
 -6.000000000000002E-003  0.000000000000000E+000
 -5.000000000000001E-003  0.000000000000000E+000
 -4.000000000000000E-003  0.000000000000000E+000
 -3.000000000000003E-003  0.000000000000000E+000
 -2.000000000000002E-003  0.000000000000000E+000
 -1.000000000000001E-003  0.000000000000000E+000
  0.000000000000000E+000  0.000000000000000E+000
  1.000000000000001E-003  7.448082806860987E-004
  1.999999999999998E-003  2.200330684118719E-003
  2.999999999999999E-003  3.738456397818787E-002
  4.000000000000000E-003  0.122276992864164     
  4.999999999999998E-003  0.201193752039880     
  5.999999999999998E-003  0.196782836009588     
  6.999999999999999E-003  0.178401951999335     
  8.000000000000000E-003   1.23987332273113     
  9.000000000000001E-003  0.614194494810864     
  1.000000000000000E-002   2.60858295043450     
  1.100000000000000E-002   3.89404889553475     
  1.200000000000000E-002   1.81073804860257     
  1.300000000000000E-002  0.262409175205555     
  1.400000000000000E-002  0.000000000000000E+000
  1.500000000000000E-002  0.000000000000000E+000
  1.600000000000000E-002  0.000000000000000E+000
  1.700000000000000E-002  0.000000000000000E+000
  1.800000000000000E-002  0.000000000000000E+000
  1.900000000000000E-002  0.000000000000000E+000
  2.000000000000000E-002  0.000000000000000E+000
  2.100000000000000E-002  0.000000000000000E+000
  2.200000000000000E-002  0.000000000000000E+000
  2.300000000000000E-002  0.000000000000000E+000
  2.400000000000000E-002  0.000000000000000E+000
  2.500000000000000E-002  0.000000000000000E+000
1
   85.5231750000000     
 8
39
 8
36
27
39
  140.14604000
