 -2.500000000000000E-002  0.000000000000000E+000
 -2.400000000000000E-002  0.000000000000000E+000
 -2.300000000000000E-002  0.000000000000000E+000
 -2.200000000000000E-002  0.000000000000000E+000
 -2.100000000000000E-002  0.000000000000000E+000
 -2.000000000000000E-002  0.000000000000000E+000
 -1.900000000000000E-002  0.000000000000000E+000
 -1.800000000000000E-002  0.000000000000000E+000
 -1.700000000000000E-002  0.000000000000000E+000
 -1.600000000000000E-002  0.000000000000000E+000
 -1.500000000000000E-002  4.667086267937381E-002
 -1.400000000000000E-002  9.849688319606129E-002
 -1.300000000000000E-002  0.187356926764483     
 -1.200000000000000E-002  0.126878375718699     
 -1.100000000000000E-002  0.106308792288707     
 -1.000000000000000E-002  0.465164487679905     
 -9.000000000000001E-003  0.405231929844706     
 -8.000000000000000E-003  0.238422431710795     
 -6.999999999999999E-003  0.564998328298015     
 -6.000000000000002E-003   1.08824558205173     
 -5.000000000000001E-003   1.88811231536632     
 -4.000000000000000E-003   6.35323636698875     
 -3.000000000000003E-003   17.6351276691278     
 -2.000000000000002E-003   23.4026770915446     
 -1.000000000000001E-003   24.3994231829867     
  0.000000000000000E+000   18.4117786405862     
  1.000000000000001E-003   19.7594666091656     
  1.999999999999998E-003   15.0823593232622     
  2.999999999999999E-003   4.70054674170928     
  4.000000000000000E-003   2.19801779998800     
  4.999999999999998E-003  0.583160533090828     
  5.999999999999998E-003  0.371056518116832     
  6.999999999999999E-003  0.759047063406513     
  8.000000000000000E-003  0.265279347113526     
  9.000000000000001E-003  0.618785305383465     
  1.000000000000000E-002  0.146320145085224     
  1.100000000000000E-002  0.228464084900986     
  1.200000000000000E-002  0.716644387611377     
  1.300000000000000E-002  0.251775518015953     
  1.400000000000000E-002  0.177605050283320     
  1.500000000000000E-002  0.250823761071694     
  1.600000000000000E-002  3.474251509964357E-002
  1.700000000000000E-002  0.000000000000000E+000
  1.800000000000000E-002  0.000000000000000E+000
  1.900000000000000E-002  0.000000000000000E+000
  2.000000000000000E-002  0.000000000000000E+000
  2.100000000000000E-002  0.000000000000000E+000
  2.200000000000000E-002  0.000000000000000E+000
  2.300000000000000E-002  0.000000000000000E+000
  2.400000000000000E-002  0.000000000000000E+000
  2.500000000000000E-002  0.000000000000000E+000
 -2.500000000000000E-002  0.000000000000000E+000
 -2.400000000000000E-002  0.000000000000000E+000
 -2.300000000000000E-002  0.000000000000000E+000
 -2.200000000000000E-002  0.000000000000000E+000
 -2.100000000000000E-002  0.000000000000000E+000
 -2.000000000000000E-002  0.000000000000000E+000
 -1.900000000000000E-002  0.000000000000000E+000
 -1.800000000000000E-002  0.000000000000000E+000
 -1.700000000000000E-002  0.000000000000000E+000
 -1.600000000000000E-002  0.000000000000000E+000
 -1.500000000000000E-002  0.416936694219133     
 -1.400000000000000E-002  0.629302112309456     
 -1.300000000000000E-002  0.863651399205805     
 -1.200000000000000E-002  0.424607766639393     
 -1.100000000000000E-002  0.259109195905857     
 -1.000000000000000E-002  0.825353868638614     
 -9.000000000000001E-003  0.520875443373948     
 -8.000000000000000E-003  0.219685698311738     
 -6.999999999999999E-003  0.120215558876440     
 -6.000000000000002E-003  0.139154118824377     
 -5.000000000000001E-003  8.357521860851294E-002
 -4.000000000000000E-003  6.944190811968380E-002
 -3.000000000000003E-003  7.368643742439076E-004
 -2.000000000000002E-003  6.547201050676055E-003
 -1.000000000000001E-003  8.857020410793281E-005
  0.000000000000000E+000  0.000000000000000E+000
  1.000000000000001E-003  2.459485136522570E-003
  1.999999999999998E-003  1.174550172324616E-002
  2.999999999999999E-003  1.953146419155531E-002
  4.000000000000000E-003  7.413213013362463E-002
  4.999999999999998E-003  9.398703920294614E-002
  5.999999999999998E-003  0.110629877978738     
  6.999999999999999E-003  0.197520314958963     
  8.000000000000000E-003  0.244432028480474     
  9.000000000000001E-003  0.795371851419539     
  1.000000000000000E-002  0.259619771079678     
  1.100000000000000E-002  0.556841480912492     
  1.200000000000000E-002   2.39830287213770     
  1.300000000000000E-002   1.16059908846383     
  1.400000000000000E-002   1.13472862971353     
  1.500000000000000E-002   2.24074773357596     
  1.600000000000000E-002  0.438784542091950     
  1.700000000000000E-002  0.000000000000000E+000
  1.800000000000000E-002  0.000000000000000E+000
  1.900000000000000E-002  0.000000000000000E+000
  2.000000000000000E-002  0.000000000000000E+000
  2.100000000000000E-002  0.000000000000000E+000
  2.200000000000000E-002  0.000000000000000E+000
  2.300000000000000E-002  0.000000000000000E+000
  2.400000000000000E-002  0.000000000000000E+000
  2.500000000000000E-002  0.000000000000000E+000
 -2.500000000000000E-002  0.000000000000000E+000
 -2.400000000000000E-002  0.000000000000000E+000
 -2.300000000000000E-002  0.000000000000000E+000
 -2.200000000000000E-002  0.000000000000000E+000
 -2.100000000000000E-002  0.000000000000000E+000
 -2.000000000000000E-002  0.000000000000000E+000
 -1.900000000000000E-002  0.000000000000000E+000
 -1.800000000000000E-002  0.000000000000000E+000
 -1.700000000000000E-002  0.000000000000000E+000
 -1.600000000000000E-002  0.000000000000000E+000
 -1.500000000000000E-002  0.000000000000000E+000
 -1.400000000000000E-002  0.000000000000000E+000
 -1.300000000000000E-002  0.000000000000000E+000
 -1.200000000000000E-002  0.000000000000000E+000
 -1.100000000000000E-002  0.000000000000000E+000
 -1.000000000000000E-002  0.000000000000000E+000
 -9.000000000000001E-003  0.000000000000000E+000
 -8.000000000000000E-003  0.000000000000000E+000
 -6.999999999999999E-003  0.000000000000000E+000
 -6.000000000000002E-003  0.000000000000000E+000
 -5.000000000000001E-003  0.000000000000000E+000
 -4.000000000000000E-003  0.000000000000000E+000
 -3.000000000000003E-003  0.000000000000000E+000
 -2.000000000000002E-003  0.000000000000000E+000
 -1.000000000000001E-003  0.000000000000000E+000
  0.000000000000000E+000  0.000000000000000E+000
  1.000000000000001E-003  0.000000000000000E+000
  1.999999999999998E-003  0.000000000000000E+000
  2.999999999999999E-003  0.000000000000000E+000
  4.000000000000000E-003  0.000000000000000E+000
  4.999999999999998E-003  0.000000000000000E+000
  5.999999999999998E-003  0.000000000000000E+000
  6.999999999999999E-003  0.000000000000000E+000
  8.000000000000000E-003  0.000000000000000E+000
  9.000000000000001E-003  0.000000000000000E+000
  1.000000000000000E-002  0.000000000000000E+000
  1.100000000000000E-002  0.000000000000000E+000
  1.200000000000000E-002  0.000000000000000E+000
  1.300000000000000E-002  0.000000000000000E+000
  1.400000000000000E-002  0.000000000000000E+000
  1.500000000000000E-002  0.000000000000000E+000
  1.600000000000000E-002  0.000000000000000E+000
  1.700000000000000E-002  0.000000000000000E+000
  1.800000000000000E-002  0.000000000000000E+000
  1.900000000000000E-002  0.000000000000000E+000
  2.000000000000000E-002  0.000000000000000E+000
  2.100000000000000E-002  0.000000000000000E+000
  2.200000000000000E-002  0.000000000000000E+000
  2.300000000000000E-002  0.000000000000000E+000
  2.400000000000000E-002  0.000000000000000E+000
  2.500000000000000E-002  0.000000000000000E+000
4
   102.764688888889     
11
42
11
42
 0
 0
  161.00891000
