 -2.500000000000000E-002  0.000000000000000E+000
 -2.400000000000000E-002  0.000000000000000E+000
 -2.300000000000000E-002  0.000000000000000E+000
 -2.200000000000000E-002  0.000000000000000E+000
 -2.100000000000000E-002  0.000000000000000E+000
 -2.000000000000000E-002  0.000000000000000E+000
 -1.900000000000000E-002  0.000000000000000E+000
 -1.800000000000000E-002  0.000000000000000E+000
 -1.700000000000000E-002  0.000000000000000E+000
 -1.600000000000000E-002  0.000000000000000E+000
 -1.500000000000000E-002  0.000000000000000E+000
 -1.400000000000000E-002  4.216796202696297E-003
 -1.300000000000000E-002  0.202894515266336     
 -1.200000000000000E-002  0.744881113673591     
 -1.100000000000000E-002  0.607827510807373     
 -1.000000000000000E-002  0.967957272306465     
 -9.000000000000001E-003   1.58915383505642     
 -8.000000000000000E-003   2.14449961433087     
 -6.999999999999999E-003   9.18410408128918     
 -6.000000000000002E-003   18.0747604804609     
 -5.000000000000001E-003   17.8402079567456     
 -4.000000000000000E-003   16.4322998871006     
 -3.000000000000003E-003   12.3943462909073     
 -2.000000000000002E-003   11.6380911521686     
 -1.000000000000001E-003   11.8005333998467     
  0.000000000000000E+000   11.0123169465980     
  1.000000000000001E-003   9.86814245302938     
  1.999999999999998E-003   18.0284418489639     
  2.999999999999999E-003   17.3291231848566     
  4.000000000000000E-003   22.9059873433266     
  4.999999999999998E-003   23.2092131169899     
  5.999999999999998E-003   9.79017667281368     
  6.999999999999999E-003   1.81997817383143     
  8.000000000000000E-003   2.71697073272626     
  9.000000000000001E-003  0.839252488813367     
  1.000000000000000E-002   1.05645632550468     
  1.100000000000000E-002  0.889483127384128     
  1.200000000000000E-002  0.284722151105954     
  1.300000000000000E-002  0.167049435103533     
  1.400000000000000E-002  0.129517594846453     
  1.500000000000000E-002  3.795700610508710E-002
  1.600000000000000E-002  0.000000000000000E+000
  1.700000000000000E-002  0.000000000000000E+000
  1.800000000000000E-002  0.000000000000000E+000
  1.900000000000000E-002  0.000000000000000E+000
  2.000000000000000E-002  0.000000000000000E+000
  2.100000000000000E-002  0.000000000000000E+000
  2.200000000000000E-002  0.000000000000000E+000
  2.300000000000000E-002  0.000000000000000E+000
  2.400000000000000E-002  0.000000000000000E+000
  2.500000000000000E-002  0.000000000000000E+000
 -2.500000000000000E-002  0.000000000000000E+000
 -2.400000000000000E-002  0.000000000000000E+000
 -2.300000000000000E-002  0.000000000000000E+000
 -2.200000000000000E-002  0.000000000000000E+000
 -2.100000000000000E-002  0.000000000000000E+000
 -2.000000000000000E-002  0.000000000000000E+000
 -1.900000000000000E-002  0.000000000000000E+000
 -1.800000000000000E-002  0.000000000000000E+000
 -1.700000000000000E-002  0.000000000000000E+000
 -1.600000000000000E-002  0.000000000000000E+000
 -1.500000000000000E-002  0.000000000000000E+000
 -1.400000000000000E-002  0.000000000000000E+000
 -1.300000000000000E-002  0.000000000000000E+000
 -1.200000000000000E-002  0.000000000000000E+000
 -1.100000000000000E-002  0.000000000000000E+000
 -1.000000000000000E-002  0.000000000000000E+000
 -9.000000000000001E-003  0.000000000000000E+000
 -8.000000000000000E-003  0.000000000000000E+000
 -6.999999999999999E-003  0.000000000000000E+000
 -6.000000000000002E-003  0.000000000000000E+000
 -5.000000000000001E-003  0.000000000000000E+000
 -4.000000000000000E-003  0.000000000000000E+000
 -3.000000000000003E-003  0.000000000000000E+000
 -2.000000000000002E-003  0.000000000000000E+000
 -1.000000000000001E-003  0.000000000000000E+000
  0.000000000000000E+000  0.000000000000000E+000
  1.000000000000001E-003  0.000000000000000E+000
  1.999999999999998E-003  0.000000000000000E+000
  2.999999999999999E-003  0.000000000000000E+000
  4.000000000000000E-003  0.000000000000000E+000
  4.999999999999998E-003  0.000000000000000E+000
  5.999999999999998E-003  0.000000000000000E+000
  6.999999999999999E-003  0.000000000000000E+000
  8.000000000000000E-003  0.000000000000000E+000
  9.000000000000001E-003  0.000000000000000E+000
  1.000000000000000E-002  0.000000000000000E+000
  1.100000000000000E-002  0.000000000000000E+000
  1.200000000000000E-002  0.000000000000000E+000
  1.300000000000000E-002  0.000000000000000E+000
  1.400000000000000E-002  0.000000000000000E+000
  1.500000000000000E-002  0.000000000000000E+000
  1.600000000000000E-002  0.000000000000000E+000
  1.700000000000000E-002  0.000000000000000E+000
  1.800000000000000E-002  0.000000000000000E+000
  1.900000000000000E-002  0.000000000000000E+000
  2.000000000000000E-002  0.000000000000000E+000
  2.100000000000000E-002  0.000000000000000E+000
  2.200000000000000E-002  0.000000000000000E+000
  2.300000000000000E-002  0.000000000000000E+000
  2.400000000000000E-002  0.000000000000000E+000
  2.500000000000000E-002  0.000000000000000E+000
 -2.500000000000000E-002  0.000000000000000E+000
 -2.400000000000000E-002  0.000000000000000E+000
 -2.300000000000000E-002  0.000000000000000E+000
 -2.200000000000000E-002  0.000000000000000E+000
 -2.100000000000000E-002  0.000000000000000E+000
 -2.000000000000000E-002  0.000000000000000E+000
 -1.900000000000000E-002  0.000000000000000E+000
 -1.800000000000000E-002  0.000000000000000E+000
 -1.700000000000000E-002  0.000000000000000E+000
 -1.600000000000000E-002  0.000000000000000E+000
 -1.500000000000000E-002  0.000000000000000E+000
 -1.400000000000000E-002  2.694134749678441E-002
 -1.300000000000000E-002  0.935274371901007     
 -1.200000000000000E-002   2.49279914167591     
 -1.100000000000000E-002   1.48147386668682     
 -1.000000000000000E-002   1.63658229421580     
 -9.000000000000001E-003   1.52633418200311     
 -8.000000000000000E-003  0.697577741782406     
 -6.999999999999999E-003  0.314552293867735     
 -6.000000000000002E-003  0.131498281686104     
 -5.000000000000001E-003  0.161170788567919     
 -4.000000000000000E-003  5.276401854400720E-002
 -3.000000000000003E-003  1.072412975114731E-004
 -2.000000000000002E-003  0.000000000000000E+000
 -1.000000000000001E-003  0.000000000000000E+000
  0.000000000000000E+000  0.000000000000000E+000
  1.000000000000001E-003  1.932611755854876E-002
  1.999999999999998E-003  3.800664473002099E-002
  2.999999999999999E-003  0.174677490712390     
  4.000000000000000E-003  0.372058195600965     
  4.999999999999998E-003  0.816094263966470     
  5.999999999999998E-003  0.673948827163468     
  6.999999999999999E-003  0.542180126795009     
  8.000000000000000E-003   1.86737449202763     
  9.000000000000001E-003   1.07404594481132     
  1.000000000000000E-002   1.87449888888130     
  1.100000000000000E-002   2.16796045695283     
  1.200000000000000E-002  0.952843508667690     
  1.300000000000000E-002  0.770040803162102     
  1.400000000000000E-002  0.827495179272557     
  1.500000000000000E-002  0.339090981810898     
  1.600000000000000E-002  0.000000000000000E+000
  1.700000000000000E-002  0.000000000000000E+000
  1.800000000000000E-002  0.000000000000000E+000
  1.900000000000000E-002  0.000000000000000E+000
  2.000000000000000E-002  0.000000000000000E+000
  2.100000000000000E-002  0.000000000000000E+000
  2.200000000000000E-002  0.000000000000000E+000
  2.300000000000000E-002  0.000000000000000E+000
  2.400000000000000E-002  0.000000000000000E+000
  2.500000000000000E-002  0.000000000000000E+000
4
   110.392088235294     
12
41
 0
 0
12
41
  250.28909000
