 -2.500000000000000E-002  0.000000000000000E+000
 -2.400000000000000E-002  0.000000000000000E+000
 -2.300000000000000E-002  0.000000000000000E+000
 -2.200000000000000E-002  0.000000000000000E+000
 -2.100000000000000E-002  0.000000000000000E+000
 -2.000000000000000E-002  0.000000000000000E+000
 -1.900000000000000E-002  0.000000000000000E+000
 -1.800000000000000E-002  0.000000000000000E+000
 -1.700000000000000E-002  0.000000000000000E+000
 -1.600000000000000E-002  0.000000000000000E+000
 -1.500000000000000E-002  0.000000000000000E+000
 -1.400000000000000E-002  0.000000000000000E+000
 -1.300000000000000E-002  0.000000000000000E+000
 -1.200000000000000E-002  0.000000000000000E+000
 -1.100000000000000E-002  4.206493607999306E-002
 -1.000000000000000E-002  0.571925583213764     
 -9.000000000000001E-003   1.27315937947122     
 -8.000000000000000E-003  0.680997468510344     
 -6.999999999999999E-003   1.87935406559642     
 -6.000000000000002E-003   1.79259780349074     
 -5.000000000000001E-003   2.05599107967864     
 -4.000000000000000E-003   3.52348229732955     
 -3.000000000000003E-003   19.4919909920456     
 -2.000000000000002E-003   34.6908523755788     
 -1.000000000000001E-003   38.7912182459388     
  0.000000000000000E+000   28.6449072546558     
  1.000000000000001E-003   24.8612840869527     
  1.999999999999998E-003   17.1030020202371     
  2.999999999999999E-003   16.1680770354088     
  4.000000000000000E-003   1.86724607654233     
  4.999999999999998E-003   1.55211191346239     
  5.999999999999998E-003  0.380944541657752     
  6.999999999999999E-003  0.299154482384212     
  8.000000000000000E-003  0.311079723287859     
  9.000000000000001E-003  0.302603562457656     
  1.000000000000000E-002  0.800839451780122     
  1.100000000000000E-002  9.730845835191770E-002
  1.200000000000000E-002  4.484998613526394E-002
  1.300000000000000E-002  0.188549728719308     
  1.400000000000000E-002  0.130426085579852     
  1.500000000000000E-002  2.918894954096034E-002
  1.600000000000000E-002  3.629059149285164E-002
  1.700000000000000E-002  2.795072487821412E-002
  1.800000000000000E-002  4.243919030910149E-002
  1.900000000000000E-002  1.378866453499390E-002
  2.000000000000000E-002  8.085616636639132E-003
  2.100000000000000E-002  8.338182364256395E-003
  2.200000000000000E-002  4.480089222795961E-003
  2.300000000000000E-002  0.000000000000000E+000
  2.400000000000000E-002  0.000000000000000E+000
  2.500000000000000E-002  0.000000000000000E+000
 -2.500000000000000E-002  0.000000000000000E+000
 -2.400000000000000E-002  0.000000000000000E+000
 -2.300000000000000E-002  0.000000000000000E+000
 -2.200000000000000E-002  0.000000000000000E+000
 -2.100000000000000E-002  0.000000000000000E+000
 -2.000000000000000E-002  0.000000000000000E+000
 -1.900000000000000E-002  0.000000000000000E+000
 -1.800000000000000E-002  0.000000000000000E+000
 -1.700000000000000E-002  0.000000000000000E+000
 -1.600000000000000E-002  0.000000000000000E+000
 -1.500000000000000E-002  0.000000000000000E+000
 -1.400000000000000E-002  0.000000000000000E+000
 -1.300000000000000E-002  0.000000000000000E+000
 -1.200000000000000E-002  0.000000000000000E+000
 -1.100000000000000E-002  0.000000000000000E+000
 -1.000000000000000E-002  0.000000000000000E+000
 -9.000000000000001E-003  0.000000000000000E+000
 -8.000000000000000E-003  0.000000000000000E+000
 -6.999999999999999E-003  0.000000000000000E+000
 -6.000000000000002E-003  0.000000000000000E+000
 -5.000000000000001E-003  0.000000000000000E+000
 -4.000000000000000E-003  0.000000000000000E+000
 -3.000000000000003E-003  0.000000000000000E+000
 -2.000000000000002E-003  0.000000000000000E+000
 -1.000000000000001E-003  0.000000000000000E+000
  0.000000000000000E+000  0.000000000000000E+000
  1.000000000000001E-003  0.000000000000000E+000
  1.999999999999998E-003  0.000000000000000E+000
  2.999999999999999E-003  0.000000000000000E+000
  4.000000000000000E-003  0.000000000000000E+000
  4.999999999999998E-003  0.000000000000000E+000
  5.999999999999998E-003  0.000000000000000E+000
  6.999999999999999E-003  0.000000000000000E+000
  8.000000000000000E-003  0.000000000000000E+000
  9.000000000000001E-003  0.000000000000000E+000
  1.000000000000000E-002  0.000000000000000E+000
  1.100000000000000E-002  0.000000000000000E+000
  1.200000000000000E-002  0.000000000000000E+000
  1.300000000000000E-002  0.000000000000000E+000
  1.400000000000000E-002  0.000000000000000E+000
  1.500000000000000E-002  0.000000000000000E+000
  1.600000000000000E-002  0.000000000000000E+000
  1.700000000000000E-002  0.000000000000000E+000
  1.800000000000000E-002  0.000000000000000E+000
  1.900000000000000E-002  0.000000000000000E+000
  2.000000000000000E-002  0.000000000000000E+000
  2.100000000000000E-002  0.000000000000000E+000
  2.200000000000000E-002  0.000000000000000E+000
  2.300000000000000E-002  0.000000000000000E+000
  2.400000000000000E-002  0.000000000000000E+000
  2.500000000000000E-002  0.000000000000000E+000
 -2.500000000000000E-002  0.000000000000000E+000
 -2.400000000000000E-002  0.000000000000000E+000
 -2.300000000000000E-002  0.000000000000000E+000
 -2.200000000000000E-002  0.000000000000000E+000
 -2.100000000000000E-002  0.000000000000000E+000
 -2.000000000000000E-002  0.000000000000000E+000
 -1.900000000000000E-002  0.000000000000000E+000
 -1.800000000000000E-002  0.000000000000000E+000
 -1.700000000000000E-002  0.000000000000000E+000
 -1.600000000000000E-002  0.000000000000000E+000
 -1.500000000000000E-002  0.000000000000000E+000
 -1.400000000000000E-002  0.000000000000000E+000
 -1.300000000000000E-002  0.000000000000000E+000
 -1.200000000000000E-002  0.000000000000000E+000
 -1.100000000000000E-002  0.102525967315274     
 -1.000000000000000E-002   1.01478295351666     
 -9.000000000000001E-003   1.63648865606891     
 -8.000000000000000E-003  0.627480406708088     
 -6.999999999999999E-003   1.21917695752916     
 -6.000000000000002E-003  0.739917041193275     
 -5.000000000000001E-003  0.465963393444250     
 -4.000000000000000E-003  0.112531811913166     
 -3.000000000000003E-003  5.773644400650619E-002
 -2.000000000000002E-003  1.764659945991478E-002
 -1.000000000000001E-003  3.810374451604126E-003
  0.000000000000000E+000  0.000000000000000E+000
  1.000000000000001E-003  4.520228103178523E-004
  1.999999999999998E-003  1.008587384389703E-002
  2.999999999999999E-003  3.077082545276923E-002
  4.000000000000000E-003  0.114278151163246     
  4.999999999999998E-003  0.410949347515858     
  5.999999999999998E-003  6.419828305121329E-002
  6.999999999999999E-003  4.829325232084328E-002
  8.000000000000000E-003  0.120868346091180     
  9.000000000000001E-003  0.277999774970586     
  1.000000000000000E-002  0.676669269435655     
  1.100000000000000E-002  0.237172446940519     
  1.200000000000000E-002  0.150093759782389     
  1.300000000000000E-002  0.869149808552339     
  1.400000000000000E-002  0.833299577533602     
  1.500000000000000E-002  0.260761070840792     
  1.600000000000000E-002  0.458336148801164     
  1.700000000000000E-002  0.505529885512438     
  1.800000000000000E-002   1.11526558735131     
  1.900000000000000E-002  0.534894034917195     
  2.000000000000000E-002  0.470923395828578     
  2.100000000000000E-002  0.742241074326710     
  2.200000000000000E-002  0.620936813823748     
  2.300000000000000E-002  0.000000000000000E+000
  2.400000000000000E-002  0.000000000000000E+000
  2.500000000000000E-002  0.000000000000000E+000
4
   111.222754545455     
15
48
 0
 0
15
48
  206.33495000
