 -2.500000000000000E-002  0.000000000000000E+000
 -2.400000000000000E-002  0.000000000000000E+000
 -2.300000000000000E-002  0.000000000000000E+000
 -2.200000000000000E-002  0.000000000000000E+000
 -2.100000000000000E-002  0.000000000000000E+000
 -2.000000000000000E-002  0.000000000000000E+000
 -1.900000000000000E-002  0.000000000000000E+000
 -1.800000000000000E-002  0.000000000000000E+000
 -1.700000000000000E-002  0.000000000000000E+000
 -1.600000000000000E-002  0.000000000000000E+000
 -1.500000000000000E-002  0.000000000000000E+000
 -1.400000000000000E-002  0.000000000000000E+000
 -1.300000000000000E-002  0.000000000000000E+000
 -1.200000000000000E-002  0.000000000000000E+000
 -1.100000000000000E-002  0.000000000000000E+000
 -1.000000000000000E-002  0.000000000000000E+000
 -9.000000000000001E-003  0.000000000000000E+000
 -8.000000000000000E-003  0.123973798514552     
 -6.999999999999999E-003   2.61970022816405     
 -6.000000000000002E-003   9.09415407268602     
 -5.000000000000001E-003   8.70181461048225     
 -4.000000000000000E-003   10.3817211849785     
 -3.000000000000003E-003   26.7157353974067     
 -2.000000000000002E-003   51.8878783846987     
 -1.000000000000001E-003   55.4147438762894     
  0.000000000000000E+000   40.2352212311032     
  1.000000000000001E-003   34.6190123655900     
  1.999999999999998E-003   21.8377089972367     
  2.999999999999999E-003   21.0881760961961     
  4.000000000000000E-003   3.28340753178200     
  4.999999999999998E-003   1.89056870731818     
  5.999999999999998E-003   1.50620864526037     
  6.999999999999999E-003   2.34549455457203     
  8.000000000000000E-003  0.882847631614627     
  9.000000000000001E-003   1.50031170164804     
  1.000000000000000E-002  0.949067622496475     
  1.100000000000000E-002   1.18559879321193     
  1.200000000000000E-002  0.988098859451329     
  1.300000000000000E-002  0.250661423375815     
  1.400000000000000E-002  1.061071013095691E-002
  1.500000000000000E-002  0.000000000000000E+000
  1.600000000000000E-002  0.000000000000000E+000
  1.700000000000000E-002  0.000000000000000E+000
  1.800000000000000E-002  0.000000000000000E+000
  1.900000000000000E-002  0.000000000000000E+000
  2.000000000000000E-002  0.000000000000000E+000
  2.100000000000000E-002  0.000000000000000E+000
  2.200000000000000E-002  0.000000000000000E+000
  2.300000000000000E-002  0.000000000000000E+000
  2.400000000000000E-002  0.000000000000000E+000
  2.500000000000000E-002  0.000000000000000E+000
 -2.500000000000000E-002  0.000000000000000E+000
 -2.400000000000000E-002  0.000000000000000E+000
 -2.300000000000000E-002  0.000000000000000E+000
 -2.200000000000000E-002  0.000000000000000E+000
 -2.100000000000000E-002  0.000000000000000E+000
 -2.000000000000000E-002  0.000000000000000E+000
 -1.900000000000000E-002  0.000000000000000E+000
 -1.800000000000000E-002  0.000000000000000E+000
 -1.700000000000000E-002  0.000000000000000E+000
 -1.600000000000000E-002  0.000000000000000E+000
 -1.500000000000000E-002  0.000000000000000E+000
 -1.400000000000000E-002  0.000000000000000E+000
 -1.300000000000000E-002  0.000000000000000E+000
 -1.200000000000000E-002  0.000000000000000E+000
 -1.100000000000000E-002  0.000000000000000E+000
 -1.000000000000000E-002  0.000000000000000E+000
 -9.000000000000001E-003  0.000000000000000E+000
 -8.000000000000000E-003  0.000000000000000E+000
 -6.999999999999999E-003  0.000000000000000E+000
 -6.000000000000002E-003  0.000000000000000E+000
 -5.000000000000001E-003  0.000000000000000E+000
 -4.000000000000000E-003  0.000000000000000E+000
 -3.000000000000003E-003  0.000000000000000E+000
 -2.000000000000002E-003  0.000000000000000E+000
 -1.000000000000001E-003  0.000000000000000E+000
  0.000000000000000E+000  0.000000000000000E+000
  1.000000000000001E-003  0.000000000000000E+000
  1.999999999999998E-003  0.000000000000000E+000
  2.999999999999999E-003  0.000000000000000E+000
  4.000000000000000E-003  0.000000000000000E+000
  4.999999999999998E-003  0.000000000000000E+000
  5.999999999999998E-003  0.000000000000000E+000
  6.999999999999999E-003  0.000000000000000E+000
  8.000000000000000E-003  0.000000000000000E+000
  9.000000000000001E-003  0.000000000000000E+000
  1.000000000000000E-002  0.000000000000000E+000
  1.100000000000000E-002  0.000000000000000E+000
  1.200000000000000E-002  0.000000000000000E+000
  1.300000000000000E-002  0.000000000000000E+000
  1.400000000000000E-002  0.000000000000000E+000
  1.500000000000000E-002  0.000000000000000E+000
  1.600000000000000E-002  0.000000000000000E+000
  1.700000000000000E-002  0.000000000000000E+000
  1.800000000000000E-002  0.000000000000000E+000
  1.900000000000000E-002  0.000000000000000E+000
  2.000000000000000E-002  0.000000000000000E+000
  2.100000000000000E-002  0.000000000000000E+000
  2.200000000000000E-002  0.000000000000000E+000
  2.300000000000000E-002  0.000000000000000E+000
  2.400000000000000E-002  0.000000000000000E+000
  2.500000000000000E-002  0.000000000000000E+000
 -2.500000000000000E-002  0.000000000000000E+000
 -2.400000000000000E-002  0.000000000000000E+000
 -2.300000000000000E-002  0.000000000000000E+000
 -2.200000000000000E-002  0.000000000000000E+000
 -2.100000000000000E-002  0.000000000000000E+000
 -2.000000000000000E-002  0.000000000000000E+000
 -1.900000000000000E-002  0.000000000000000E+000
 -1.800000000000000E-002  0.000000000000000E+000
 -1.700000000000000E-002  0.000000000000000E+000
 -1.600000000000000E-002  0.000000000000000E+000
 -1.500000000000000E-002  0.000000000000000E+000
 -1.400000000000000E-002  0.000000000000000E+000
 -1.300000000000000E-002  0.000000000000000E+000
 -1.200000000000000E-002  0.000000000000000E+000
 -1.100000000000000E-002  0.000000000000000E+000
 -1.000000000000000E-002  0.000000000000000E+000
 -9.000000000000001E-003  0.000000000000000E+000
 -8.000000000000000E-003  0.000000000000000E+000
 -6.999999999999999E-003  0.000000000000000E+000
 -6.000000000000002E-003  0.000000000000000E+000
 -5.000000000000001E-003  0.000000000000000E+000
 -4.000000000000000E-003  0.000000000000000E+000
 -3.000000000000003E-003  0.000000000000000E+000
 -2.000000000000002E-003  0.000000000000000E+000
 -1.000000000000001E-003  0.000000000000000E+000
  0.000000000000000E+000  0.000000000000000E+000
  1.000000000000001E-003  1.230671878307028E-003
  1.999999999999998E-003  1.432721055272773E-002
  2.999999999999999E-003  6.896256070590258E-002
  4.000000000000000E-003  0.214578300840422     
  4.999999999999998E-003  0.413408103642158     
  5.999999999999998E-003  0.559999434789890     
  6.999999999999999E-003   1.36251639011952     
  8.000000000000000E-003  0.813467915172440     
  9.000000000000001E-003   1.92846482530270     
  1.000000000000000E-002   1.68395622317184     
  1.100000000000000E-002   2.88969090291070     
  1.200000000000000E-002   3.30674512149138     
  1.300000000000000E-002   1.15546349293812     
  1.400000000000000E-002  6.779242227617542E-002
  1.500000000000000E-002  0.000000000000000E+000
  1.600000000000000E-002  0.000000000000000E+000
  1.700000000000000E-002  0.000000000000000E+000
  1.800000000000000E-002  0.000000000000000E+000
  1.900000000000000E-002  0.000000000000000E+000
  2.000000000000000E-002  0.000000000000000E+000
  2.100000000000000E-002  0.000000000000000E+000
  2.200000000000000E-002  0.000000000000000E+000
  2.300000000000000E-002  0.000000000000000E+000
  2.400000000000000E-002  0.000000000000000E+000
  2.500000000000000E-002  0.000000000000000E+000
3
   106.030406666667     
18
40
 0
 0
27
40
  315.72146000
