 -2.500000000000000E-002  0.000000000000000E+000
 -2.400000000000000E-002  0.000000000000000E+000
 -2.300000000000000E-002  0.000000000000000E+000
 -2.200000000000000E-002  0.000000000000000E+000
 -2.100000000000000E-002  0.000000000000000E+000
 -2.000000000000000E-002  0.000000000000000E+000
 -1.900000000000000E-002  0.000000000000000E+000
 -1.800000000000000E-002  0.000000000000000E+000
 -1.700000000000000E-002  1.942884127704771E-002
 -1.600000000000000E-002  6.539399616667232E-002
 -1.500000000000000E-002  0.131785369320639     
 -1.400000000000000E-002  0.107737934924556     
 -1.300000000000000E-002  9.942900463688126E-002
 -1.200000000000000E-002  0.358309127426896     
 -1.100000000000000E-002  0.178398463441529     
 -1.000000000000000E-002  0.384077617376230     
 -9.000000000000001E-003   1.19598336171507     
 -8.000000000000000E-003   3.98504058339347     
 -6.999999999999999E-003   8.88588376804236     
 -6.000000000000002E-003   11.3058153234932     
 -5.000000000000001E-003   12.4237052863700     
 -4.000000000000000E-003   8.32284470375472     
 -3.000000000000003E-003   9.69286986697288     
 -2.000000000000002E-003   10.9278477149311     
 -1.000000000000001E-003   11.7608882965151     
  0.000000000000000E+000   8.72884818344675     
  1.000000000000001E-003   5.38858516586521     
  1.999999999999998E-003   6.93068426184795     
  2.999999999999999E-003   6.81723275396871     
  4.000000000000000E-003   7.02263435717488     
  4.999999999999998E-003   3.59777308445683     
  5.999999999999998E-003   1.88074314161477     
  6.999999999999999E-003   2.08805019533325     
  8.000000000000000E-003   1.48508546366958     
  9.000000000000001E-003   2.43180084592909     
  1.000000000000000E-002  0.929087411987408     
  1.100000000000000E-002   1.94440972761171     
  1.200000000000000E-002   1.13891455584314     
  1.300000000000000E-002  0.431598825986931     
  1.400000000000000E-002  0.259471304989958     
  1.500000000000000E-002  3.447981225987237E-002
  1.600000000000000E-002  0.000000000000000E+000
  1.700000000000000E-002  0.000000000000000E+000
  1.800000000000000E-002  0.000000000000000E+000
  1.900000000000000E-002  0.000000000000000E+000
  2.000000000000000E-002  0.000000000000000E+000
  2.100000000000000E-002  0.000000000000000E+000
  2.200000000000000E-002  0.000000000000000E+000
  2.300000000000000E-002  0.000000000000000E+000
  2.400000000000000E-002  0.000000000000000E+000
  2.500000000000000E-002  0.000000000000000E+000
 -2.500000000000000E-002  0.000000000000000E+000
 -2.400000000000000E-002  0.000000000000000E+000
 -2.300000000000000E-002  0.000000000000000E+000
 -2.200000000000000E-002  0.000000000000000E+000
 -2.100000000000000E-002  0.000000000000000E+000
 -2.000000000000000E-002  0.000000000000000E+000
 -1.900000000000000E-002  0.000000000000000E+000
 -1.800000000000000E-002  0.000000000000000E+000
 -1.700000000000000E-002  0.351399112159728     
 -1.600000000000000E-002  0.825900905022574     
 -1.500000000000000E-002   1.17731177605334     
 -1.400000000000000E-002  0.688343710215930     
 -1.300000000000000E-002  0.458333729418120     
 -1.200000000000000E-002   1.19910770847630     
 -1.100000000000000E-002  0.434815234168409     
 -1.000000000000000E-002  0.356927719088850     
 -9.000000000000001E-003  0.247424447949084     
 -8.000000000000000E-003  0.230821735148837     
 -6.999999999999999E-003  6.909685924762272E-002
 -6.000000000000002E-003  8.890063683559597E-002
 -5.000000000000001E-003  5.693972222645498E-002
 -4.000000000000000E-003  1.859104200664315E-002
 -3.000000000000003E-003  3.743709741630430E-003
 -2.000000000000002E-003  0.000000000000000E+000
 -1.000000000000001E-003  0.000000000000000E+000
  0.000000000000000E+000  0.000000000000000E+000
  1.000000000000001E-003  3.208887882518638E-003
  1.999999999999998E-003  1.395682499885119E-002
  2.999999999999999E-003  5.465885971057886E-002
  4.000000000000000E-003  0.136685245128430     
  4.999999999999998E-003  0.169407559815350     
  5.999999999999998E-003  0.126748499154959     
  6.999999999999999E-003  0.231584281244717     
  8.000000000000000E-003  0.409329248424022     
  9.000000000000001E-003   1.21916820125646     
  1.000000000000000E-002  0.667955799513661     
  1.100000000000000E-002  0.759850535745754     
  1.200000000000000E-002   1.52684076858727     
  1.300000000000000E-002   1.91274882983946     
  1.400000000000000E-002   1.65777672364358     
  1.500000000000000E-002  0.308027281168748     
  1.600000000000000E-002  0.000000000000000E+000
  1.700000000000000E-002  0.000000000000000E+000
  1.800000000000000E-002  0.000000000000000E+000
  1.900000000000000E-002  0.000000000000000E+000
  2.000000000000000E-002  0.000000000000000E+000
  2.100000000000000E-002  0.000000000000000E+000
  2.200000000000000E-002  0.000000000000000E+000
  2.300000000000000E-002  0.000000000000000E+000
  2.400000000000000E-002  0.000000000000000E+000
  2.500000000000000E-002  0.000000000000000E+000
 -2.500000000000000E-002  0.000000000000000E+000
 -2.400000000000000E-002  0.000000000000000E+000
 -2.300000000000000E-002  0.000000000000000E+000
 -2.200000000000000E-002  0.000000000000000E+000
 -2.100000000000000E-002  0.000000000000000E+000
 -2.000000000000000E-002  0.000000000000000E+000
 -1.900000000000000E-002  0.000000000000000E+000
 -1.800000000000000E-002  0.000000000000000E+000
 -1.700000000000000E-002  0.000000000000000E+000
 -1.600000000000000E-002  0.000000000000000E+000
 -1.500000000000000E-002  0.000000000000000E+000
 -1.400000000000000E-002  0.000000000000000E+000
 -1.300000000000000E-002  0.000000000000000E+000
 -1.200000000000000E-002  0.000000000000000E+000
 -1.100000000000000E-002  0.000000000000000E+000
 -1.000000000000000E-002  0.000000000000000E+000
 -9.000000000000001E-003  0.000000000000000E+000
 -8.000000000000000E-003  0.000000000000000E+000
 -6.999999999999999E-003  0.000000000000000E+000
 -6.000000000000002E-003  0.000000000000000E+000
 -5.000000000000001E-003  0.000000000000000E+000
 -4.000000000000000E-003  0.000000000000000E+000
 -3.000000000000003E-003  0.000000000000000E+000
 -2.000000000000002E-003  0.000000000000000E+000
 -1.000000000000001E-003  0.000000000000000E+000
  0.000000000000000E+000  0.000000000000000E+000
  1.000000000000001E-003  2.451021657262561E-003
  1.999999999999998E-003  3.139411001024323E-002
  2.999999999999999E-003  8.554610146931028E-002
  4.000000000000000E-003  0.254334443309478     
  4.999999999999998E-003  0.606547149732329     
  5.999999999999998E-003  0.691396923437456     
  6.999999999999999E-003  0.934163481386491     
  8.000000000000000E-003  0.959048864314146     
  9.000000000000001E-003   1.90661052083455     
  1.000000000000000E-002  0.980548998459917     
  1.100000000000000E-002   3.97931007539890     
  1.200000000000000E-002   2.28462011440682     
  1.300000000000000E-002  7.677424996512168E-002
  1.400000000000000E-002  0.000000000000000E+000
  1.500000000000000E-002  0.000000000000000E+000
  1.600000000000000E-002  0.000000000000000E+000
  1.700000000000000E-002  0.000000000000000E+000
  1.800000000000000E-002  0.000000000000000E+000
  1.900000000000000E-002  0.000000000000000E+000
  2.000000000000000E-002  0.000000000000000E+000
  2.100000000000000E-002  0.000000000000000E+000
  2.200000000000000E-002  0.000000000000000E+000
  2.300000000000000E-002  0.000000000000000E+000
  2.400000000000000E-002  0.000000000000000E+000
  2.500000000000000E-002  0.000000000000000E+000
4
   87.0365777777778     
 9
41
 9
41
27
39
  145.65042000
