 -2.500000000000000E-002  0.000000000000000E+000
 -2.400000000000000E-002  0.000000000000000E+000
 -2.300000000000000E-002  0.000000000000000E+000
 -2.200000000000000E-002  0.000000000000000E+000
 -2.100000000000000E-002  0.000000000000000E+000
 -2.000000000000000E-002  0.000000000000000E+000
 -1.900000000000000E-002  0.000000000000000E+000
 -1.800000000000000E-002  0.000000000000000E+000
 -1.700000000000000E-002  0.000000000000000E+000
 -1.600000000000000E-002  0.000000000000000E+000
 -1.500000000000000E-002  0.000000000000000E+000
 -1.400000000000000E-002  0.000000000000000E+000
 -1.300000000000000E-002  0.000000000000000E+000
 -1.200000000000000E-002  0.000000000000000E+000
 -1.100000000000000E-002  3.919867239551529E-002
 -1.000000000000000E-002  0.589473832686054     
 -9.000000000000001E-003   1.29288758064545     
 -8.000000000000000E-003  0.699288721433551     
 -6.999999999999999E-003   1.87259287260489     
 -6.000000000000002E-003   1.89804928007039     
 -5.000000000000001E-003   2.04527326881895     
 -4.000000000000000E-003   6.51165024759692     
 -3.000000000000003E-003   12.8167808763592     
 -2.000000000000002E-003   11.7179322589727     
 -1.000000000000001E-003   8.21268864591437     
  0.000000000000000E+000   7.69532480393815     
  1.000000000000001E-003   6.30975407264240     
  1.999999999999998E-003   8.51176063637779     
  2.999999999999999E-003   3.08667417835100     
  4.000000000000000E-003  0.768919626125150     
  4.999999999999998E-003   1.26477035377264     
  5.999999999999998E-003  0.333738847232224     
  6.999999999999999E-003  0.644548673665863     
  8.000000000000000E-003  0.497020668546068     
  9.000000000000001E-003  0.299293883841010     
  1.000000000000000E-002  0.648250242817772     
  1.100000000000000E-002  0.197743851466804     
  1.200000000000000E-002  7.359130205586538E-002
  1.300000000000000E-002  1.970828454793205E-002
  1.400000000000000E-002  6.966466925139161E-002
  1.500000000000000E-002  0.145317194238014     
  1.600000000000000E-002  1.990357952108119E-002
  1.700000000000000E-002  4.454876303823527E-002
  1.800000000000000E-002  1.541717434230250E-002
  1.900000000000000E-002  3.162610130281447E-002
  2.000000000000000E-002  6.338333975351410E-003
  2.100000000000000E-002  7.400393824181963E-003
  2.200000000000000E-002  3.514344854255353E-003
  2.300000000000000E-002  0.000000000000000E+000
  2.400000000000000E-002  0.000000000000000E+000
  2.500000000000000E-002  0.000000000000000E+000
 -2.500000000000000E-002  0.000000000000000E+000
 -2.400000000000000E-002  0.000000000000000E+000
 -2.300000000000000E-002  0.000000000000000E+000
 -2.200000000000000E-002  0.000000000000000E+000
 -2.100000000000000E-002  0.000000000000000E+000
 -2.000000000000000E-002  0.000000000000000E+000
 -1.900000000000000E-002  0.000000000000000E+000
 -1.800000000000000E-002  0.000000000000000E+000
 -1.700000000000000E-002  0.000000000000000E+000
 -1.600000000000000E-002  0.000000000000000E+000
 -1.500000000000000E-002  0.000000000000000E+000
 -1.400000000000000E-002  0.000000000000000E+000
 -1.300000000000000E-002  0.000000000000000E+000
 -1.200000000000000E-002  0.000000000000000E+000
 -1.100000000000000E-002  0.000000000000000E+000
 -1.000000000000000E-002  0.000000000000000E+000
 -9.000000000000001E-003  0.000000000000000E+000
 -8.000000000000000E-003  0.000000000000000E+000
 -6.999999999999999E-003  0.000000000000000E+000
 -6.000000000000002E-003  0.000000000000000E+000
 -5.000000000000001E-003  0.000000000000000E+000
 -4.000000000000000E-003  0.000000000000000E+000
 -3.000000000000003E-003  0.000000000000000E+000
 -2.000000000000002E-003  0.000000000000000E+000
 -1.000000000000001E-003  0.000000000000000E+000
  0.000000000000000E+000  0.000000000000000E+000
  1.000000000000001E-003  0.000000000000000E+000
  1.999999999999998E-003  0.000000000000000E+000
  2.999999999999999E-003  0.000000000000000E+000
  4.000000000000000E-003  0.000000000000000E+000
  4.999999999999998E-003  0.000000000000000E+000
  5.999999999999998E-003  0.000000000000000E+000
  6.999999999999999E-003  0.000000000000000E+000
  8.000000000000000E-003  0.000000000000000E+000
  9.000000000000001E-003  0.000000000000000E+000
  1.000000000000000E-002  0.000000000000000E+000
  1.100000000000000E-002  0.000000000000000E+000
  1.200000000000000E-002  0.000000000000000E+000
  1.300000000000000E-002  0.000000000000000E+000
  1.400000000000000E-002  0.000000000000000E+000
  1.500000000000000E-002  0.000000000000000E+000
  1.600000000000000E-002  0.000000000000000E+000
  1.700000000000000E-002  0.000000000000000E+000
  1.800000000000000E-002  0.000000000000000E+000
  1.900000000000000E-002  0.000000000000000E+000
  2.000000000000000E-002  0.000000000000000E+000
  2.100000000000000E-002  0.000000000000000E+000
  2.200000000000000E-002  0.000000000000000E+000
  2.300000000000000E-002  0.000000000000000E+000
  2.400000000000000E-002  0.000000000000000E+000
  2.500000000000000E-002  0.000000000000000E+000
 -2.500000000000000E-002  0.000000000000000E+000
 -2.400000000000000E-002  0.000000000000000E+000
 -2.300000000000000E-002  0.000000000000000E+000
 -2.200000000000000E-002  0.000000000000000E+000
 -2.100000000000000E-002  0.000000000000000E+000
 -2.000000000000000E-002  0.000000000000000E+000
 -1.900000000000000E-002  0.000000000000000E+000
 -1.800000000000000E-002  0.000000000000000E+000
 -1.700000000000000E-002  0.000000000000000E+000
 -1.600000000000000E-002  0.000000000000000E+000
 -1.500000000000000E-002  0.000000000000000E+000
 -1.400000000000000E-002  0.000000000000000E+000
 -1.300000000000000E-002  0.000000000000000E+000
 -1.200000000000000E-002  0.000000000000000E+000
 -1.100000000000000E-002  9.553994797905362E-002
 -1.000000000000000E-002   1.04591928480030     
 -9.000000000000001E-003   1.66184681463636     
 -8.000000000000000E-003  0.644334217998402     
 -6.999999999999999E-003   1.21479082782025     
 -6.000000000000002E-003  0.766606144217658     
 -5.000000000000001E-003  0.440490955226824     
 -4.000000000000000E-003  0.114855508482038     
 -3.000000000000003E-003  6.316627972732967E-002
 -2.000000000000002E-003  1.589578609781273E-002
 -1.000000000000001E-003  3.574256202276651E-003
  0.000000000000000E+000  0.000000000000000E+000
  1.000000000000001E-003  1.123704960424882E-003
  1.999999999999998E-003  2.422082510814933E-002
  2.999999999999999E-003  3.354227571965225E-002
  4.000000000000000E-003  0.101424569000934     
  4.999999999999998E-003  0.245110795741993     
  5.999999999999998E-003  1.572700600081156E-002
  6.999999999999999E-003  0.330672940774305     
  8.000000000000000E-003  0.262913022225781     
  9.000000000000001E-003  0.283449474769758     
  1.000000000000000E-002  0.451086293745146     
  1.100000000000000E-002  0.481966253644796     
  1.200000000000000E-002  0.246278676196993     
  1.300000000000000E-002  9.084845604435017E-002
  1.400000000000000E-002  0.445091479960590     
  1.500000000000000E-002   1.29819907112139     
  1.600000000000000E-002  0.251374519118736     
  1.700000000000000E-002  0.805729768246309     
  1.800000000000000E-002  0.405150142425740     
  1.900000000000000E-002   1.22684926387397     
  2.000000000000000E-002  0.369157962058516     
  2.100000000000000E-002  0.658761828722779     
  2.200000000000000E-002  0.487085410124339     
  2.300000000000000E-002  0.000000000000000E+000
  2.400000000000000E-002  0.000000000000000E+000
  2.500000000000000E-002  0.000000000000000E+000
4
   105.847300000000     
15
48
 0
 0
15
48
   75.27033000
