 -2.500000000000000E-002  0.000000000000000E+000
 -2.400000000000000E-002  0.000000000000000E+000
 -2.300000000000000E-002  0.000000000000000E+000
 -2.200000000000000E-002  0.000000000000000E+000
 -2.100000000000000E-002  0.000000000000000E+000
 -2.000000000000000E-002  0.000000000000000E+000
 -1.900000000000000E-002  0.000000000000000E+000
 -1.800000000000000E-002  3.696625657673972E-002
 -1.700000000000000E-002  0.132172549214948     
 -1.600000000000000E-002  3.055914622778957E-002
 -1.500000000000000E-002  0.289658181588323     
 -1.400000000000000E-002  0.355778671456678     
 -1.300000000000000E-002  0.252215186410348     
 -1.200000000000000E-002  9.996484395926783E-002
 -1.100000000000000E-002  0.160979940512282     
 -1.000000000000000E-002  0.373763781353164     
 -9.000000000000001E-003  0.973625439506458     
 -8.000000000000000E-003  0.937264155607401     
 -6.999999999999999E-003   2.62098836544004     
 -6.000000000000002E-003   10.3016890102663     
 -5.000000000000001E-003   7.83005998491845     
 -4.000000000000000E-003   11.5226000222963     
 -3.000000000000003E-003   25.7830539961442     
 -2.000000000000002E-003   35.8503702705450     
 -1.000000000000001E-003   28.4607173824751     
  0.000000000000000E+000   17.8846941496094     
  1.000000000000001E-003   11.9101011142651     
  1.999999999999998E-003   7.91616074525589     
  2.999999999999999E-003   6.48785001951152     
  4.000000000000000E-003   4.39974070550551     
  4.999999999999998E-003   5.48663938817560     
  5.999999999999998E-003   3.82063883021650     
  6.999999999999999E-003   1.22930412217946     
  8.000000000000000E-003   5.38576499615081     
  9.000000000000001E-003   2.72712574828419     
  1.000000000000000E-002   3.17211625358657     
  1.100000000000000E-002   3.22055187813865     
  1.200000000000000E-002   1.09079370049324     
  1.300000000000000E-002  0.102258102477116     
  1.400000000000000E-002  0.000000000000000E+000
  1.500000000000000E-002  0.000000000000000E+000
  1.600000000000000E-002  0.000000000000000E+000
  1.700000000000000E-002  0.000000000000000E+000
  1.800000000000000E-002  0.000000000000000E+000
  1.900000000000000E-002  0.000000000000000E+000
  2.000000000000000E-002  0.000000000000000E+000
  2.100000000000000E-002  0.000000000000000E+000
  2.200000000000000E-002  0.000000000000000E+000
  2.300000000000000E-002  0.000000000000000E+000
  2.400000000000000E-002  0.000000000000000E+000
  2.500000000000000E-002  0.000000000000000E+000
 -2.500000000000000E-002  0.000000000000000E+000
 -2.400000000000000E-002  0.000000000000000E+000
 -2.300000000000000E-002  0.000000000000000E+000
 -2.200000000000000E-002  0.000000000000000E+000
 -2.100000000000000E-002  0.000000000000000E+000
 -2.000000000000000E-002  0.000000000000000E+000
 -1.900000000000000E-002  0.000000000000000E+000
 -1.800000000000000E-002  0.971441574473095     
 -1.700000000000000E-002   2.39053455549554     
 -1.600000000000000E-002  0.385950209586846     
 -1.500000000000000E-002   2.58767714483098     
 -1.400000000000000E-002   2.27308989073974     
 -1.300000000000000E-002   1.16262580949606     
 -1.200000000000000E-002  0.334539663639030     
 -1.100000000000000E-002  0.392360613314399     
 -1.000000000000000E-002  0.663179135697717     
 -9.000000000000001E-003   1.25147488421613     
 -8.000000000000000E-003  0.533052850504965     
 -6.999999999999999E-003  5.746256998279168E-002
 -6.000000000000002E-003  3.011793502744275E-002
 -5.000000000000001E-003  4.056664017464831E-002
 -4.000000000000000E-003  0.000000000000000E+000
 -3.000000000000003E-003  0.000000000000000E+000
 -2.000000000000002E-003  0.000000000000000E+000
 -1.000000000000001E-003  0.000000000000000E+000
  0.000000000000000E+000  0.000000000000000E+000
  1.000000000000001E-003  4.907256024006557E-003
  1.999999999999998E-003  1.590813996197586E-002
  2.999999999999999E-003  0.231478492883251     
  4.000000000000000E-003  0.417587710464965     
  4.999999999999998E-003   1.08581666787885     
  5.999999999999998E-003  0.994191511544397     
  6.999999999999999E-003  0.307795994896242     
  8.000000000000000E-003   2.49706958175815     
  9.000000000000001E-003   2.27086048087390     
  1.000000000000000E-002  0.494550919173987     
  1.100000000000000E-002  0.000000000000000E+000
  1.200000000000000E-002  0.000000000000000E+000
  1.300000000000000E-002  0.000000000000000E+000
  1.400000000000000E-002  0.000000000000000E+000
  1.500000000000000E-002  0.000000000000000E+000
  1.600000000000000E-002  0.000000000000000E+000
  1.700000000000000E-002  0.000000000000000E+000
  1.800000000000000E-002  0.000000000000000E+000
  1.900000000000000E-002  0.000000000000000E+000
  2.000000000000000E-002  0.000000000000000E+000
  2.100000000000000E-002  0.000000000000000E+000
  2.200000000000000E-002  0.000000000000000E+000
  2.300000000000000E-002  0.000000000000000E+000
  2.400000000000000E-002  0.000000000000000E+000
  2.500000000000000E-002  0.000000000000000E+000
 -2.500000000000000E-002  0.000000000000000E+000
 -2.400000000000000E-002  0.000000000000000E+000
 -2.300000000000000E-002  0.000000000000000E+000
 -2.200000000000000E-002  0.000000000000000E+000
 -2.100000000000000E-002  0.000000000000000E+000
 -2.000000000000000E-002  0.000000000000000E+000
 -1.900000000000000E-002  0.000000000000000E+000
 -1.800000000000000E-002  0.000000000000000E+000
 -1.700000000000000E-002  0.000000000000000E+000
 -1.600000000000000E-002  0.000000000000000E+000
 -1.500000000000000E-002  0.000000000000000E+000
 -1.400000000000000E-002  0.000000000000000E+000
 -1.300000000000000E-002  0.000000000000000E+000
 -1.200000000000000E-002  0.000000000000000E+000
 -1.100000000000000E-002  0.000000000000000E+000
 -1.000000000000000E-002  0.000000000000000E+000
 -9.000000000000001E-003  0.000000000000000E+000
 -8.000000000000000E-003  0.000000000000000E+000
 -6.999999999999999E-003  0.000000000000000E+000
 -6.000000000000002E-003  0.000000000000000E+000
 -5.000000000000001E-003  0.000000000000000E+000
 -4.000000000000000E-003  0.000000000000000E+000
 -3.000000000000003E-003  0.000000000000000E+000
 -2.000000000000002E-003  0.000000000000000E+000
 -1.000000000000001E-003  0.000000000000000E+000
  0.000000000000000E+000  0.000000000000000E+000
  1.000000000000001E-003  1.480248514754154E-003
  1.999999999999998E-003  4.431167640155072E-003
  2.999999999999999E-003  7.362516429602597E-002
  4.000000000000000E-003  0.245308969664999     
  4.999999999999998E-003  0.404490599736977     
  5.999999999999998E-003  0.390289951946274     
  6.999999999999999E-003  0.363945421973512     
  8.000000000000000E-003   2.46544814626122     
  9.000000000000001E-003   1.23452181666224     
  1.000000000000000E-002   5.13382031511232     
  1.100000000000000E-002   7.84953520355483     
  1.200000000000000E-002   3.65042092009137     
  1.300000000000000E-002  0.471374903557787     
  1.400000000000000E-002  0.000000000000000E+000
  1.500000000000000E-002  0.000000000000000E+000
  1.600000000000000E-002  0.000000000000000E+000
  1.700000000000000E-002  0.000000000000000E+000
  1.800000000000000E-002  0.000000000000000E+000
  1.900000000000000E-002  0.000000000000000E+000
  2.000000000000000E-002  0.000000000000000E+000
  2.100000000000000E-002  0.000000000000000E+000
  2.200000000000000E-002  0.000000000000000E+000
  2.300000000000000E-002  0.000000000000000E+000
  2.400000000000000E-002  0.000000000000000E+000
  2.500000000000000E-002  0.000000000000000E+000
1
   83.5112333333333     
 8
39
 8
36
27
39
  244.04520000
