 -2.500000000000000E-002  0.000000000000000E+000
 -2.400000000000000E-002  0.000000000000000E+000
 -2.300000000000000E-002  0.000000000000000E+000
 -2.200000000000000E-002  0.000000000000000E+000
 -2.100000000000000E-002  0.000000000000000E+000
 -2.000000000000000E-002  0.000000000000000E+000
 -1.900000000000000E-002  0.000000000000000E+000
 -1.800000000000000E-002  0.000000000000000E+000
 -1.700000000000000E-002  3.962404912975891E-002
 -1.600000000000000E-002  0.146820306106585     
 -1.500000000000000E-002  0.302990101282379     
 -1.400000000000000E-002  0.133879011713196     
 -1.300000000000000E-002  0.222557228306227     
 -1.200000000000000E-002  0.531222002330675     
 -1.100000000000000E-002  0.612777071209970     
 -1.000000000000000E-002   1.33284328512051     
 -9.000000000000001E-003   1.62397099564383     
 -8.000000000000000E-003   3.91342805119244     
 -6.999999999999999E-003   12.7057079642596     
 -6.000000000000002E-003   20.5546314074428     
 -5.000000000000001E-003   19.9620149018495     
 -4.000000000000000E-003   16.9751968750327     
 -3.000000000000003E-003   15.9286482182273     
 -2.000000000000002E-003   22.4897876919325     
 -1.000000000000001E-003   18.7853820344322     
  0.000000000000000E+000   15.8505852891584     
  1.000000000000001E-003   21.3006902944670     
  1.999999999999998E-003   17.5581292645935     
  2.999999999999999E-003   15.0135103188186     
  4.000000000000000E-003   6.39487667253580     
  4.999999999999998E-003   2.95458297018334     
  5.999999999999998E-003   3.62293278049370     
  6.999999999999999E-003   2.72017453258307     
  8.000000000000000E-003   4.19389314738173     
  9.000000000000001E-003   2.35554654143270     
  1.000000000000000E-002   3.25000252055314     
  1.100000000000000E-002   3.81054330384974     
  1.200000000000000E-002   1.19517816377028     
  1.300000000000000E-002  0.725676897090315     
  1.400000000000000E-002  0.519033032531975     
  1.500000000000000E-002  6.617418290288342E-002
  1.600000000000000E-002  0.000000000000000E+000
  1.700000000000000E-002  0.000000000000000E+000
  1.800000000000000E-002  0.000000000000000E+000
  1.900000000000000E-002  0.000000000000000E+000
  2.000000000000000E-002  0.000000000000000E+000
  2.100000000000000E-002  0.000000000000000E+000
  2.200000000000000E-002  0.000000000000000E+000
  2.300000000000000E-002  0.000000000000000E+000
  2.400000000000000E-002  0.000000000000000E+000
  2.500000000000000E-002  0.000000000000000E+000
 -2.500000000000000E-002  0.000000000000000E+000
 -2.400000000000000E-002  0.000000000000000E+000
 -2.300000000000000E-002  0.000000000000000E+000
 -2.200000000000000E-002  0.000000000000000E+000
 -2.100000000000000E-002  0.000000000000000E+000
 -2.000000000000000E-002  0.000000000000000E+000
 -1.900000000000000E-002  0.000000000000000E+000
 -1.800000000000000E-002  0.000000000000000E+000
 -1.700000000000000E-002  0.716659088713627     
 -1.600000000000000E-002   1.85428373852642     
 -1.500000000000000E-002   2.70677857569636     
 -1.400000000000000E-002  0.855360516305005     
 -1.300000000000000E-002   1.02591275886831     
 -1.200000000000000E-002   1.77777329447709     
 -1.100000000000000E-002   1.49353755952346     
 -1.000000000000000E-002   1.11836638226038     
 -9.000000000000001E-003  0.143648065825340     
 -8.000000000000000E-003  0.244779711952018     
 -6.999999999999999E-003  0.278809557848003     
 -6.000000000000002E-003  0.213428116202274     
 -5.000000000000001E-003  0.129245103273111     
 -4.000000000000000E-003  2.295020668823765E-002
 -3.000000000000003E-003  7.476295761470018E-003
 -2.000000000000002E-003  0.000000000000000E+000
 -1.000000000000001E-003  0.000000000000000E+000
  0.000000000000000E+000  0.000000000000000E+000
  1.000000000000001E-003  4.435995285240863E-003
  1.999999999999998E-003  3.979109767114797E-002
  2.999999999999999E-003  7.568806043982423E-002
  4.000000000000000E-003  0.203796523299883     
  4.999999999999998E-003  0.384247261143257     
  5.999999999999998E-003  0.426828340128197     
  6.999999999999999E-003  0.588727530721871     
  8.000000000000000E-003   1.03635748513815     
  9.000000000000001E-003   1.42886031786158     
  1.000000000000000E-002   1.58545105323645     
  1.100000000000000E-002   2.16780851312803     
  1.200000000000000E-002   3.04524638575640     
  1.300000000000000E-002   3.34512248021239     
  1.400000000000000E-002   3.31613116204488     
  1.500000000000000E-002  0.591170667911696     
  1.600000000000000E-002  0.000000000000000E+000
  1.700000000000000E-002  0.000000000000000E+000
  1.800000000000000E-002  0.000000000000000E+000
  1.900000000000000E-002  0.000000000000000E+000
  2.000000000000000E-002  0.000000000000000E+000
  2.100000000000000E-002  0.000000000000000E+000
  2.200000000000000E-002  0.000000000000000E+000
  2.300000000000000E-002  0.000000000000000E+000
  2.400000000000000E-002  0.000000000000000E+000
  2.500000000000000E-002  0.000000000000000E+000
 -2.500000000000000E-002  0.000000000000000E+000
 -2.400000000000000E-002  0.000000000000000E+000
 -2.300000000000000E-002  0.000000000000000E+000
 -2.200000000000000E-002  0.000000000000000E+000
 -2.100000000000000E-002  0.000000000000000E+000
 -2.000000000000000E-002  0.000000000000000E+000
 -1.900000000000000E-002  0.000000000000000E+000
 -1.800000000000000E-002  0.000000000000000E+000
 -1.700000000000000E-002  0.000000000000000E+000
 -1.600000000000000E-002  0.000000000000000E+000
 -1.500000000000000E-002  0.000000000000000E+000
 -1.400000000000000E-002  0.000000000000000E+000
 -1.300000000000000E-002  0.000000000000000E+000
 -1.200000000000000E-002  0.000000000000000E+000
 -1.100000000000000E-002  0.000000000000000E+000
 -1.000000000000000E-002  0.000000000000000E+000
 -9.000000000000001E-003  0.000000000000000E+000
 -8.000000000000000E-003  0.000000000000000E+000
 -6.999999999999999E-003  0.000000000000000E+000
 -6.000000000000002E-003  0.000000000000000E+000
 -5.000000000000001E-003  0.000000000000000E+000
 -4.000000000000000E-003  0.000000000000000E+000
 -3.000000000000003E-003  0.000000000000000E+000
 -2.000000000000002E-003  0.000000000000000E+000
 -1.000000000000001E-003  0.000000000000000E+000
  0.000000000000000E+000  0.000000000000000E+000
  1.000000000000001E-003  1.371643873856456E-002
  1.999999999999998E-003  5.620936289124168E-002
  2.999999999999999E-003  0.289608305654638     
  4.000000000000000E-003  0.734302083745182     
  4.999999999999998E-003  0.451299621009852     
  5.999999999999998E-003   1.01796497575743     
  6.999999999999999E-003  0.921441281089161     
  8.000000000000000E-003   2.82795317605395     
  9.000000000000001E-003   1.59890294261724     
  1.000000000000000E-002   4.18111588054382     
  1.100000000000000E-002   7.11972820108446     
  1.200000000000000E-002  0.954504777355916     
  1.300000000000000E-002  0.000000000000000E+000
  1.400000000000000E-002  0.000000000000000E+000
  1.500000000000000E-002  0.000000000000000E+000
  1.600000000000000E-002  0.000000000000000E+000
  1.700000000000000E-002  0.000000000000000E+000
  1.800000000000000E-002  0.000000000000000E+000
  1.900000000000000E-002  0.000000000000000E+000
  2.000000000000000E-002  0.000000000000000E+000
  2.100000000000000E-002  0.000000000000000E+000
  2.200000000000000E-002  0.000000000000000E+000
  2.300000000000000E-002  0.000000000000000E+000
  2.400000000000000E-002  0.000000000000000E+000
  2.500000000000000E-002  0.000000000000000E+000
4
   90.0794200000000     
 9
41
 9
41
27
38
  293.64605000
