 -2.500000000000000E-002  0.000000000000000E+000
 -2.400000000000000E-002  0.000000000000000E+000
 -2.300000000000000E-002  0.000000000000000E+000
 -2.200000000000000E-002  0.000000000000000E+000
 -2.100000000000000E-002  0.000000000000000E+000
 -2.000000000000000E-002  0.000000000000000E+000
 -1.900000000000000E-002  0.000000000000000E+000
 -1.800000000000000E-002  0.000000000000000E+000
 -1.700000000000000E-002  0.000000000000000E+000
 -1.600000000000000E-002  0.000000000000000E+000
 -1.500000000000000E-002  0.000000000000000E+000
 -1.400000000000000E-002  2.763127880994229E-002
 -1.300000000000000E-002  0.200385414462083     
 -1.200000000000000E-002  0.491420780073340     
 -1.100000000000000E-002  0.733533833674784     
 -1.000000000000000E-002  0.722736367542951     
 -9.000000000000001E-003   1.40025264637752     
 -8.000000000000000E-003   2.09328406484266     
 -6.999999999999999E-003   2.50735814266384     
 -6.000000000000002E-003   6.17346067804379     
 -5.000000000000001E-003   12.3627005160078     
 -4.000000000000000E-003   12.4162213018319     
 -3.000000000000003E-003   11.1366281167498     
 -2.000000000000002E-003   8.87146040151506     
 -1.000000000000001E-003   7.67754667672433     
  0.000000000000000E+000   8.86057913565948     
  1.000000000000001E-003   8.22972424888613     
  1.999999999999998E-003   7.88097641070328     
  2.999999999999999E-003   5.55738009028977     
  4.000000000000000E-003   7.06590783111648     
  4.999999999999998E-003   6.85063048616191     
  5.999999999999998E-003   9.12293442689270     
  6.999999999999999E-003   8.31799925024250     
  8.000000000000000E-003   5.57470576794957     
  9.000000000000001E-003   3.74635713775393     
  1.000000000000000E-002  0.345200926304544     
  1.100000000000000E-002  0.164285641739396     
  1.200000000000000E-002  9.317405298314943E-002
  1.300000000000000E-002  0.130302879723954     
  1.400000000000000E-002  6.696273603852709E-002
  1.500000000000000E-002  9.128690761930729E-002
  1.600000000000000E-002  3.652160275463905E-002
  1.700000000000000E-002  0.000000000000000E+000
  1.800000000000000E-002  0.000000000000000E+000
  1.900000000000000E-002  0.000000000000000E+000
  2.000000000000000E-002  0.000000000000000E+000
  2.100000000000000E-002  0.000000000000000E+000
  2.200000000000000E-002  0.000000000000000E+000
  2.300000000000000E-002  0.000000000000000E+000
  2.400000000000000E-002  0.000000000000000E+000
  2.500000000000000E-002  0.000000000000000E+000
 -2.500000000000000E-002  0.000000000000000E+000
 -2.400000000000000E-002  0.000000000000000E+000
 -2.300000000000000E-002  0.000000000000000E+000
 -2.200000000000000E-002  0.000000000000000E+000
 -2.100000000000000E-002  0.000000000000000E+000
 -2.000000000000000E-002  0.000000000000000E+000
 -1.900000000000000E-002  0.000000000000000E+000
 -1.800000000000000E-002  0.000000000000000E+000
 -1.700000000000000E-002  0.000000000000000E+000
 -1.600000000000000E-002  0.000000000000000E+000
 -1.500000000000000E-002  0.000000000000000E+000
 -1.400000000000000E-002  0.000000000000000E+000
 -1.300000000000000E-002  0.000000000000000E+000
 -1.200000000000000E-002  0.000000000000000E+000
 -1.100000000000000E-002  0.000000000000000E+000
 -1.000000000000000E-002  0.000000000000000E+000
 -9.000000000000001E-003  0.000000000000000E+000
 -8.000000000000000E-003  0.000000000000000E+000
 -6.999999999999999E-003  0.000000000000000E+000
 -6.000000000000002E-003  0.000000000000000E+000
 -5.000000000000001E-003  0.000000000000000E+000
 -4.000000000000000E-003  0.000000000000000E+000
 -3.000000000000003E-003  0.000000000000000E+000
 -2.000000000000002E-003  0.000000000000000E+000
 -1.000000000000001E-003  0.000000000000000E+000
  0.000000000000000E+000  0.000000000000000E+000
  1.000000000000001E-003  0.000000000000000E+000
  1.999999999999998E-003  0.000000000000000E+000
  2.999999999999999E-003  0.000000000000000E+000
  4.000000000000000E-003  0.000000000000000E+000
  4.999999999999998E-003  0.000000000000000E+000
  5.999999999999998E-003  0.000000000000000E+000
  6.999999999999999E-003  0.000000000000000E+000
  8.000000000000000E-003  0.000000000000000E+000
  9.000000000000001E-003  0.000000000000000E+000
  1.000000000000000E-002  0.000000000000000E+000
  1.100000000000000E-002  0.000000000000000E+000
  1.200000000000000E-002  0.000000000000000E+000
  1.300000000000000E-002  0.000000000000000E+000
  1.400000000000000E-002  0.000000000000000E+000
  1.500000000000000E-002  0.000000000000000E+000
  1.600000000000000E-002  0.000000000000000E+000
  1.700000000000000E-002  0.000000000000000E+000
  1.800000000000000E-002  0.000000000000000E+000
  1.900000000000000E-002  0.000000000000000E+000
  2.000000000000000E-002  0.000000000000000E+000
  2.100000000000000E-002  0.000000000000000E+000
  2.200000000000000E-002  0.000000000000000E+000
  2.300000000000000E-002  0.000000000000000E+000
  2.400000000000000E-002  0.000000000000000E+000
  2.500000000000000E-002  0.000000000000000E+000
 -2.500000000000000E-002  0.000000000000000E+000
 -2.400000000000000E-002  0.000000000000000E+000
 -2.300000000000000E-002  0.000000000000000E+000
 -2.200000000000000E-002  0.000000000000000E+000
 -2.100000000000000E-002  0.000000000000000E+000
 -2.000000000000000E-002  0.000000000000000E+000
 -1.900000000000000E-002  0.000000000000000E+000
 -1.800000000000000E-002  0.000000000000000E+000
 -1.700000000000000E-002  0.000000000000000E+000
 -1.600000000000000E-002  0.000000000000000E+000
 -1.500000000000000E-002  0.000000000000000E+000
 -1.400000000000000E-002  0.176537790401915     
 -1.300000000000000E-002  0.923708274731483     
 -1.200000000000000E-002   1.64457559237478     
 -1.100000000000000E-002   1.78786117047634     
 -1.000000000000000E-002   1.10806864943796     
 -9.000000000000001E-003   1.34568165559353     
 -8.000000000000000E-003  0.782811808238438     
 -6.999999999999999E-003  0.145182527217650     
 -6.000000000000002E-003  0.152510936524464     
 -5.000000000000001E-003  0.173792353562280     
 -4.000000000000000E-003  4.364061453676411E-002
 -3.000000000000003E-003  5.857278302315080E-003
 -2.000000000000002E-003  1.906077639933922E-003
 -1.000000000000001E-003  0.000000000000000E+000
  0.000000000000000E+000  0.000000000000000E+000
  1.000000000000001E-003  3.168982111917367E-003
  1.999999999999998E-003  2.285074492872730E-002
  2.999999999999999E-003  8.193151577886346E-003
  4.000000000000000E-003  5.675332642044236E-002
  4.999999999999998E-003  0.323952451186675     
  5.999999999999998E-003  0.111667515766760     
  6.999999999999999E-003  0.107045275204312     
  8.000000000000000E-003  0.120105381674538     
  9.000000000000001E-003  0.505466456687165     
  1.000000000000000E-002  0.542490050320715     
  1.100000000000000E-002  0.400417685250052     
  1.200000000000000E-002  0.311813784829883     
  1.300000000000000E-002  0.600651741772015     
  1.400000000000000E-002  0.427828677088034     
  1.500000000000000E-002  0.815516562223358     
  1.600000000000000E-002  0.461253731780714     
  1.700000000000000E-002  0.000000000000000E+000
  1.800000000000000E-002  0.000000000000000E+000
  1.900000000000000E-002  0.000000000000000E+000
  2.000000000000000E-002  0.000000000000000E+000
  2.100000000000000E-002  0.000000000000000E+000
  2.200000000000000E-002  0.000000000000000E+000
  2.300000000000000E-002  0.000000000000000E+000
  2.400000000000000E-002  0.000000000000000E+000
  2.500000000000000E-002  0.000000000000000E+000
4
   111.832420000000     
12
42
 0
 0
12
42
  146.89735000
