 -2.500000000000000E-002  0.000000000000000E+000
 -2.400000000000000E-002  0.000000000000000E+000
 -2.300000000000000E-002  0.000000000000000E+000
 -2.200000000000000E-002  0.000000000000000E+000
 -2.100000000000000E-002  0.000000000000000E+000
 -2.000000000000000E-002  1.623134435261709E-002
 -1.900000000000000E-002  2.224217739054278E-002
 -1.800000000000000E-002  5.735438275854954E-002
 -1.700000000000000E-002  3.287917292516650E-002
 -1.600000000000000E-002  8.119556544169838E-002
 -1.500000000000000E-002  3.722387413216396E-002
 -1.400000000000000E-002  9.616090221107569E-002
 -1.300000000000000E-002  0.241344861810744     
 -1.200000000000000E-002  0.304565982781590     
 -1.100000000000000E-002  0.165850181696938     
 -1.000000000000000E-002  0.236519893846507     
 -9.000000000000001E-003  0.711233616851271     
 -8.000000000000000E-003   1.63877670207611     
 -6.999999999999999E-003   1.83828037471043     
 -6.000000000000002E-003   2.60182651474831     
 -5.000000000000001E-003   1.77667599985352     
 -4.000000000000000E-003   1.57344063243924     
 -3.000000000000003E-003   3.37838605492766     
 -2.000000000000002E-003   2.09721140136028     
 -1.000000000000001E-003   2.36592483823661     
  0.000000000000000E+000   2.06724224694185     
  1.000000000000001E-003   1.99623698358400     
  1.999999999999998E-003   4.07230983232936     
  2.999999999999999E-003   8.67733876035676     
  4.000000000000000E-003   10.7004354572257     
  4.999999999999998E-003   8.13497367096099     
  5.999999999999998E-003   6.34867052208266     
  6.999999999999999E-003   1.48097927938725     
  8.000000000000000E-003  0.000000000000000E+000
  9.000000000000001E-003  0.000000000000000E+000
  1.000000000000000E-002  0.000000000000000E+000
  1.100000000000000E-002  0.000000000000000E+000
  1.200000000000000E-002  0.000000000000000E+000
  1.300000000000000E-002  0.000000000000000E+000
  1.400000000000000E-002  0.000000000000000E+000
  1.500000000000000E-002  0.000000000000000E+000
  1.600000000000000E-002  0.000000000000000E+000
  1.700000000000000E-002  0.000000000000000E+000
  1.800000000000000E-002  0.000000000000000E+000
  1.900000000000000E-002  0.000000000000000E+000
  2.000000000000000E-002  0.000000000000000E+000
  2.100000000000000E-002  0.000000000000000E+000
  2.200000000000000E-002  0.000000000000000E+000
  2.300000000000000E-002  0.000000000000000E+000
  2.400000000000000E-002  0.000000000000000E+000
  2.500000000000000E-002  0.000000000000000E+000
 -2.500000000000000E-002  0.000000000000000E+000
 -2.400000000000000E-002  0.000000000000000E+000
 -2.300000000000000E-002  0.000000000000000E+000
 -2.200000000000000E-002  0.000000000000000E+000
 -2.100000000000000E-002  0.000000000000000E+000
 -2.000000000000000E-002  0.945347787917711     
 -1.900000000000000E-002  0.862825256178934     
 -1.800000000000000E-002   1.50722407540060     
 -1.700000000000000E-002  0.594668102420429     
 -1.600000000000000E-002   1.02546861964516     
 -1.500000000000000E-002  0.332541507392205     
 -1.400000000000000E-002  0.614377398750348     
 -1.300000000000000E-002  0.733201210818047     
 -1.200000000000000E-002  0.410597770053898     
 -1.100000000000000E-002  0.100972912391937     
 -1.000000000000000E-002  5.550711204312372E-002
 -9.000000000000001E-003  0.000000000000000E+000
 -8.000000000000000E-003  0.000000000000000E+000
 -6.999999999999999E-003  0.000000000000000E+000
 -6.000000000000002E-003  0.000000000000000E+000
 -5.000000000000001E-003  0.000000000000000E+000
 -4.000000000000000E-003  0.000000000000000E+000
 -3.000000000000003E-003  0.000000000000000E+000
 -2.000000000000002E-003  0.000000000000000E+000
 -1.000000000000001E-003  0.000000000000000E+000
  0.000000000000000E+000  0.000000000000000E+000
  1.000000000000001E-003  3.947917129922630E-003
  1.999999999999998E-003  4.815786681853683E-002
  2.999999999999999E-003  0.168287341660550     
  4.000000000000000E-003  0.225752357456414     
  4.999999999999998E-003  0.531393422148790     
  5.999999999999998E-003   1.26690766798218     
  6.999999999999999E-003  0.176723092569622     
  8.000000000000000E-003  0.000000000000000E+000
  9.000000000000001E-003  0.000000000000000E+000
  1.000000000000000E-002  0.000000000000000E+000
  1.100000000000000E-002  0.000000000000000E+000
  1.200000000000000E-002  0.000000000000000E+000
  1.300000000000000E-002  0.000000000000000E+000
  1.400000000000000E-002  0.000000000000000E+000
  1.500000000000000E-002  0.000000000000000E+000
  1.600000000000000E-002  0.000000000000000E+000
  1.700000000000000E-002  0.000000000000000E+000
  1.800000000000000E-002  0.000000000000000E+000
  1.900000000000000E-002  0.000000000000000E+000
  2.000000000000000E-002  0.000000000000000E+000
  2.100000000000000E-002  0.000000000000000E+000
  2.200000000000000E-002  0.000000000000000E+000
  2.300000000000000E-002  0.000000000000000E+000
  2.400000000000000E-002  0.000000000000000E+000
  2.500000000000000E-002  0.000000000000000E+000
 -2.500000000000000E-002  0.000000000000000E+000
 -2.400000000000000E-002  0.000000000000000E+000
 -2.300000000000000E-002  0.000000000000000E+000
 -2.200000000000000E-002  0.000000000000000E+000
 -2.100000000000000E-002  0.000000000000000E+000
 -2.000000000000000E-002  0.000000000000000E+000
 -1.900000000000000E-002  0.000000000000000E+000
 -1.800000000000000E-002  0.000000000000000E+000
 -1.700000000000000E-002  0.000000000000000E+000
 -1.600000000000000E-002  0.000000000000000E+000
 -1.500000000000000E-002  0.000000000000000E+000
 -1.400000000000000E-002  0.000000000000000E+000
 -1.300000000000000E-002  0.000000000000000E+000
 -1.200000000000000E-002  0.000000000000000E+000
 -1.100000000000000E-002  0.000000000000000E+000
 -1.000000000000000E-002  0.000000000000000E+000
 -9.000000000000001E-003  0.000000000000000E+000
 -8.000000000000000E-003  0.000000000000000E+000
 -6.999999999999999E-003  0.000000000000000E+000
 -6.000000000000002E-003  0.000000000000000E+000
 -5.000000000000001E-003  0.000000000000000E+000
 -4.000000000000000E-003  0.000000000000000E+000
 -3.000000000000003E-003  0.000000000000000E+000
 -2.000000000000002E-003  0.000000000000000E+000
 -1.000000000000001E-003  0.000000000000000E+000
  0.000000000000000E+000  0.000000000000000E+000
  1.000000000000001E-003  1.652612977992758E-002
  1.999999999999998E-003  0.121497666044625     
  2.999999999999999E-003  0.666349761684567     
  4.000000000000000E-003   1.67195923632425     
  4.999999999999998E-003   1.83257548209040     
  5.999999999999998E-003   1.55125941044321     
  6.999999999999999E-003  0.784019667435034     
  8.000000000000000E-003  0.000000000000000E+000
  9.000000000000001E-003  0.000000000000000E+000
  1.000000000000000E-002  0.000000000000000E+000
  1.100000000000000E-002  0.000000000000000E+000
  1.200000000000000E-002  0.000000000000000E+000
  1.300000000000000E-002  0.000000000000000E+000
  1.400000000000000E-002  0.000000000000000E+000
  1.500000000000000E-002  0.000000000000000E+000
  1.600000000000000E-002  0.000000000000000E+000
  1.700000000000000E-002  0.000000000000000E+000
  1.800000000000000E-002  0.000000000000000E+000
  1.900000000000000E-002  0.000000000000000E+000
  2.000000000000000E-002  0.000000000000000E+000
  2.100000000000000E-002  0.000000000000000E+000
  2.200000000000000E-002  0.000000000000000E+000
  2.300000000000000E-002  0.000000000000000E+000
  2.400000000000000E-002  0.000000000000000E+000
  2.500000000000000E-002  0.000000000000000E+000
5
   21.6692800000000     
 6
33
 6
33
27
33
   59.43790000
