 -2.500000000000000E-002  0.000000000000000E+000
 -2.400000000000000E-002  0.000000000000000E+000
 -2.300000000000000E-002  0.000000000000000E+000
 -2.200000000000000E-002  0.000000000000000E+000
 -2.100000000000000E-002  0.000000000000000E+000
 -2.000000000000000E-002  0.000000000000000E+000
 -1.900000000000000E-002  0.000000000000000E+000
 -1.800000000000000E-002  0.000000000000000E+000
 -1.700000000000000E-002  5.356821433389966E-004
 -1.600000000000000E-002  2.805110478702015E-002
 -1.500000000000000E-002  0.111553593316146     
 -1.400000000000000E-002  0.136914145755741     
 -1.300000000000000E-002  0.000000000000000E+000
 -1.200000000000000E-002  0.226509504579549     
 -1.100000000000000E-002  0.275214125174622     
 -1.000000000000000E-002  0.384833872665089     
 -9.000000000000001E-003  0.202510168374012     
 -8.000000000000000E-003  0.280237286482943     
 -6.999999999999999E-003   2.06174080868637     
 -6.000000000000002E-003   9.61025404125832     
 -5.000000000000001E-003   15.3863796432874     
 -4.000000000000000E-003   14.9149708087639     
 -3.000000000000003E-003   15.4386914882546     
 -2.000000000000002E-003   9.93587023125780     
 -1.000000000000001E-003   10.3588293757174     
  0.000000000000000E+000   8.04951200065242     
  1.000000000000001E-003   14.2535774999687     
  1.999999999999998E-003   9.51756867075092     
  2.999999999999999E-003   8.31714654946656     
  4.000000000000000E-003   5.91579704809290     
  4.999999999999998E-003   10.3903041938931     
  5.999999999999998E-003   8.97269971073180     
  6.999999999999999E-003   5.81417258839198     
  8.000000000000000E-003  0.566331399822739     
  9.000000000000001E-003  0.450341949621416     
  1.000000000000000E-002  0.608534530707148     
  1.100000000000000E-002  0.454056967026846     
  1.200000000000000E-002  0.155702019875944     
  1.300000000000000E-002  0.391452708285770     
  1.400000000000000E-002  0.276564792789489     
  1.500000000000000E-002  8.985224562557351E-002
  1.600000000000000E-002  9.404546226803806E-003
  1.700000000000000E-002  0.000000000000000E+000
  1.800000000000000E-002  0.000000000000000E+000
  1.900000000000000E-002  0.000000000000000E+000
  2.000000000000000E-002  0.000000000000000E+000
  2.100000000000000E-002  0.000000000000000E+000
  2.200000000000000E-002  0.000000000000000E+000
  2.300000000000000E-002  0.000000000000000E+000
  2.400000000000000E-002  0.000000000000000E+000
  2.500000000000000E-002  0.000000000000000E+000
 -2.500000000000000E-002  0.000000000000000E+000
 -2.400000000000000E-002  0.000000000000000E+000
 -2.300000000000000E-002  0.000000000000000E+000
 -2.200000000000000E-002  0.000000000000000E+000
 -2.100000000000000E-002  0.000000000000000E+000
 -2.000000000000000E-002  0.000000000000000E+000
 -1.900000000000000E-002  0.000000000000000E+000
 -1.800000000000000E-002  0.000000000000000E+000
 -1.700000000000000E-002  9.688597836841614E-003
 -1.600000000000000E-002  0.354274615232800     
 -1.500000000000000E-002  0.996570102957517     
 -1.400000000000000E-002  0.874752157970595     
 -1.300000000000000E-002  0.000000000000000E+000
 -1.200000000000000E-002  0.758030628287298     
 -1.100000000000000E-002  0.670786575039527     
 -1.000000000000000E-002  0.682821096622231     
 -9.000000000000001E-003  0.260301733330761     
 -8.000000000000000E-003  0.258214478949149     
 -6.999999999999999E-003  0.243490248533055     
 -6.000000000000002E-003  9.800013911178533E-002
 -5.000000000000001E-003  2.174307574348205E-002
 -4.000000000000000E-003  5.533206381433060E-002
 -3.000000000000003E-003  6.060150067901426E-004
 -2.000000000000002E-003  2.330912998715214E-003
 -1.000000000000001E-003  3.832377776126416E-004
  0.000000000000000E+000  0.000000000000000E+000
  1.000000000000001E-003  2.621525049382627E-003
  1.999999999999998E-003  7.287352191662917E-003
  2.999999999999999E-003  5.020553813059116E-002
  4.000000000000000E-003  7.935429004753983E-002
  4.999999999999998E-003  3.158390298739083E-002
  5.999999999999998E-003  0.217135891055879     
  6.999999999999999E-003  0.261690566759835     
  8.000000000000000E-003  0.368731977318014     
  9.000000000000001E-003  0.578858785310519     
  1.000000000000000E-002   1.07973919424594     
  1.100000000000000E-002   1.10668490431413     
  1.200000000000000E-002  0.521068200520977     
  1.300000000000000E-002   1.80446319798408     
  1.400000000000000E-002   1.76698797612118     
  1.500000000000000E-002  0.802699931146737     
  1.600000000000000E-002  0.118775785169135     
  1.700000000000000E-002  0.000000000000000E+000
  1.800000000000000E-002  0.000000000000000E+000
  1.900000000000000E-002  0.000000000000000E+000
  2.000000000000000E-002  0.000000000000000E+000
  2.100000000000000E-002  0.000000000000000E+000
  2.200000000000000E-002  0.000000000000000E+000
  2.300000000000000E-002  0.000000000000000E+000
  2.400000000000000E-002  0.000000000000000E+000
  2.500000000000000E-002  0.000000000000000E+000
 -2.500000000000000E-002  0.000000000000000E+000
 -2.400000000000000E-002  0.000000000000000E+000
 -2.300000000000000E-002  0.000000000000000E+000
 -2.200000000000000E-002  0.000000000000000E+000
 -2.100000000000000E-002  0.000000000000000E+000
 -2.000000000000000E-002  0.000000000000000E+000
 -1.900000000000000E-002  0.000000000000000E+000
 -1.800000000000000E-002  0.000000000000000E+000
 -1.700000000000000E-002  0.000000000000000E+000
 -1.600000000000000E-002  0.000000000000000E+000
 -1.500000000000000E-002  0.000000000000000E+000
 -1.400000000000000E-002  0.000000000000000E+000
 -1.300000000000000E-002  0.000000000000000E+000
 -1.200000000000000E-002  0.000000000000000E+000
 -1.100000000000000E-002  0.000000000000000E+000
 -1.000000000000000E-002  0.000000000000000E+000
 -9.000000000000001E-003  0.000000000000000E+000
 -8.000000000000000E-003  0.000000000000000E+000
 -6.999999999999999E-003  0.000000000000000E+000
 -6.000000000000002E-003  0.000000000000000E+000
 -5.000000000000001E-003  0.000000000000000E+000
 -4.000000000000000E-003  0.000000000000000E+000
 -3.000000000000003E-003  0.000000000000000E+000
 -2.000000000000002E-003  0.000000000000000E+000
 -1.000000000000001E-003  0.000000000000000E+000
  0.000000000000000E+000  0.000000000000000E+000
  1.000000000000001E-003  0.000000000000000E+000
  1.999999999999998E-003  0.000000000000000E+000
  2.999999999999999E-003  0.000000000000000E+000
  4.000000000000000E-003  0.000000000000000E+000
  4.999999999999998E-003  0.000000000000000E+000
  5.999999999999998E-003  0.000000000000000E+000
  6.999999999999999E-003  0.000000000000000E+000
  8.000000000000000E-003  0.000000000000000E+000
  9.000000000000001E-003  0.000000000000000E+000
  1.000000000000000E-002  0.000000000000000E+000
  1.100000000000000E-002  0.000000000000000E+000
  1.200000000000000E-002  0.000000000000000E+000
  1.300000000000000E-002  0.000000000000000E+000
  1.400000000000000E-002  0.000000000000000E+000
  1.500000000000000E-002  0.000000000000000E+000
  1.600000000000000E-002  0.000000000000000E+000
  1.700000000000000E-002  0.000000000000000E+000
  1.800000000000000E-002  0.000000000000000E+000
  1.900000000000000E-002  0.000000000000000E+000
  2.000000000000000E-002  0.000000000000000E+000
  2.100000000000000E-002  0.000000000000000E+000
  2.200000000000000E-002  0.000000000000000E+000
  2.300000000000000E-002  0.000000000000000E+000
  2.400000000000000E-002  0.000000000000000E+000
  2.500000000000000E-002  0.000000000000000E+000
4
   105.116070000000     
 9
42
 9
42
 0
 0
  165.58890000
