 -2.500000000000000E-002  0.000000000000000E+000
 -2.400000000000000E-002  0.000000000000000E+000
 -2.300000000000000E-002  0.000000000000000E+000
 -2.200000000000000E-002  0.000000000000000E+000
 -2.100000000000000E-002  0.000000000000000E+000
 -2.000000000000000E-002  0.000000000000000E+000
 -1.900000000000000E-002  0.000000000000000E+000
 -1.800000000000000E-002  0.000000000000000E+000
 -1.700000000000000E-002  9.482275184781083E-003
 -1.600000000000000E-002  4.578273969971680E-002
 -1.500000000000000E-002  0.153744676062859     
 -1.400000000000000E-002  5.869420660692720E-002
 -1.300000000000000E-002  0.180240552985569     
 -1.200000000000000E-002  0.161778576271030     
 -1.100000000000000E-002  0.424483367203879     
 -1.000000000000000E-002  0.148069507690432     
 -9.000000000000001E-003  0.624315116946028     
 -8.000000000000000E-003  0.764775651384553     
 -6.999999999999999E-003   1.09153222543327     
 -6.000000000000002E-003   2.29015697323705     
 -5.000000000000001E-003   14.0705085742202     
 -4.000000000000000E-003   36.0745871675917     
 -3.000000000000003E-003   40.8361801612680     
 -2.000000000000002E-003   33.9800080355883     
 -1.000000000000001E-003   32.1004617815217     
  0.000000000000000E+000   26.3734936418253     
  1.000000000000001E-003   16.7841970762847     
  1.999999999999998E-003   14.6101346667946     
  2.999999999999999E-003   7.51743159427192     
  4.000000000000000E-003   4.85791854745797     
  4.999999999999998E-003   2.58565226626014     
  5.999999999999998E-003   2.42775011712299     
  6.999999999999999E-003   1.37009118789489     
  8.000000000000000E-003   2.04997841980293     
  9.000000000000001E-003   3.53716927358939     
  1.000000000000000E-002   2.90964655367643     
  1.100000000000000E-002   1.30660722741222     
  1.200000000000000E-002   1.36033855642380     
  1.300000000000000E-002  0.893367114431845     
  1.400000000000000E-002  0.363790334144501     
  1.500000000000000E-002  9.227540387531399E-002
  1.600000000000000E-002  5.280984663152721E-005
  1.700000000000000E-002  0.000000000000000E+000
  1.800000000000000E-002  0.000000000000000E+000
  1.900000000000000E-002  0.000000000000000E+000
  2.000000000000000E-002  0.000000000000000E+000
  2.100000000000000E-002  0.000000000000000E+000
  2.200000000000000E-002  0.000000000000000E+000
  2.300000000000000E-002  0.000000000000000E+000
  2.400000000000000E-002  0.000000000000000E+000
  2.500000000000000E-002  0.000000000000000E+000
 -2.500000000000000E-002  0.000000000000000E+000
 -2.400000000000000E-002  0.000000000000000E+000
 -2.300000000000000E-002  0.000000000000000E+000
 -2.200000000000000E-002  0.000000000000000E+000
 -2.100000000000000E-002  0.000000000000000E+000
 -2.000000000000000E-002  0.000000000000000E+000
 -1.900000000000000E-002  0.000000000000000E+000
 -1.800000000000000E-002  0.000000000000000E+000
 -1.700000000000000E-002  0.171500864805696     
 -1.600000000000000E-002  0.578218313131316     
 -1.500000000000000E-002   1.37348643910475     
 -1.400000000000000E-002  0.375000578693884     
 -1.300000000000000E-002  0.830847348255739     
 -1.200000000000000E-002  0.541403841052002     
 -1.100000000000000E-002   1.03460439709361     
 -1.000000000000000E-002  0.262723712227597     
 -9.000000000000001E-003  0.365333421077730     
 -8.000000000000000E-003  9.857583107523918E-002
 -6.999999999999999E-003  0.158993408518581     
 -6.000000000000002E-003  8.707315553286238E-002
 -5.000000000000001E-003  4.756736035162322E-002
 -4.000000000000000E-003  3.149548231268259E-002
 -3.000000000000003E-003  3.870148834593192E-003
 -2.000000000000002E-003  1.238379142356133E-003
 -1.000000000000001E-003  0.000000000000000E+000
  0.000000000000000E+000  0.000000000000000E+000
  1.000000000000001E-003  1.732125123602696E-003
  1.999999999999998E-003  6.082623821435961E-003
  2.999999999999999E-003  5.589983568602155E-002
  4.000000000000000E-003  7.604356203761091E-002
  4.999999999999998E-003  0.203953081923412     
  5.999999999999998E-003  0.273076456987755     
  6.999999999999999E-003  0.103329096941454     
  8.000000000000000E-003  0.583240485251794     
  9.000000000000001E-003  0.493334370594621     
  1.000000000000000E-002   1.03356737669440     
  1.100000000000000E-002  0.998429013752638     
  1.200000000000000E-002   1.07243193188997     
  1.300000000000000E-002   2.01570254189675     
  1.400000000000000E-002   1.94847911887238     
  1.500000000000000E-002  0.824347347376374     
  1.600000000000000E-002  6.669679585862374E-004
  1.700000000000000E-002  0.000000000000000E+000
  1.800000000000000E-002  0.000000000000000E+000
  1.900000000000000E-002  0.000000000000000E+000
  2.000000000000000E-002  0.000000000000000E+000
  2.100000000000000E-002  0.000000000000000E+000
  2.200000000000000E-002  0.000000000000000E+000
  2.300000000000000E-002  0.000000000000000E+000
  2.400000000000000E-002  0.000000000000000E+000
  2.500000000000000E-002  0.000000000000000E+000
 -2.500000000000000E-002  0.000000000000000E+000
 -2.400000000000000E-002  0.000000000000000E+000
 -2.300000000000000E-002  0.000000000000000E+000
 -2.200000000000000E-002  0.000000000000000E+000
 -2.100000000000000E-002  0.000000000000000E+000
 -2.000000000000000E-002  0.000000000000000E+000
 -1.900000000000000E-002  0.000000000000000E+000
 -1.800000000000000E-002  0.000000000000000E+000
 -1.700000000000000E-002  0.000000000000000E+000
 -1.600000000000000E-002  0.000000000000000E+000
 -1.500000000000000E-002  0.000000000000000E+000
 -1.400000000000000E-002  0.000000000000000E+000
 -1.300000000000000E-002  0.000000000000000E+000
 -1.200000000000000E-002  0.000000000000000E+000
 -1.100000000000000E-002  0.000000000000000E+000
 -1.000000000000000E-002  0.000000000000000E+000
 -9.000000000000001E-003  0.000000000000000E+000
 -8.000000000000000E-003  0.000000000000000E+000
 -6.999999999999999E-003  0.000000000000000E+000
 -6.000000000000002E-003  0.000000000000000E+000
 -5.000000000000001E-003  0.000000000000000E+000
 -4.000000000000000E-003  0.000000000000000E+000
 -3.000000000000003E-003  0.000000000000000E+000
 -2.000000000000002E-003  0.000000000000000E+000
 -1.000000000000001E-003  0.000000000000000E+000
  0.000000000000000E+000  0.000000000000000E+000
  1.000000000000001E-003  0.000000000000000E+000
  1.999999999999998E-003  0.000000000000000E+000
  2.999999999999999E-003  0.000000000000000E+000
  4.000000000000000E-003  0.000000000000000E+000
  4.999999999999998E-003  2.284429299790172E-002
  5.999999999999998E-003  0.226980559210599     
  6.999999999999999E-003  0.525795336727590     
  8.000000000000000E-003   1.30563774422904     
  9.000000000000001E-003   4.05325852591193     
  1.000000000000000E-002   4.12909680565908     
  1.100000000000000E-002   2.18619890620470     
  1.200000000000000E-002   3.48004056820870     
  1.300000000000000E-002   2.10241452859408     
  1.400000000000000E-002  0.375797734225560     
  1.500000000000000E-002  0.000000000000000E+000
  1.600000000000000E-002  0.000000000000000E+000
  1.700000000000000E-002  0.000000000000000E+000
  1.800000000000000E-002  0.000000000000000E+000
  1.900000000000000E-002  0.000000000000000E+000
  2.000000000000000E-002  0.000000000000000E+000
  2.100000000000000E-002  0.000000000000000E+000
  2.200000000000000E-002  0.000000000000000E+000
  2.300000000000000E-002  0.000000000000000E+000
  2.400000000000000E-002  0.000000000000000E+000
  2.500000000000000E-002  0.000000000000000E+000
4
   103.922953333333     
 9
42
 9
42
31
40
  277.85661000
