 -2.500000000000000E-002  0.000000000000000E+000
 -2.400000000000000E-002  0.000000000000000E+000
 -2.300000000000000E-002  0.000000000000000E+000
 -2.200000000000000E-002  0.000000000000000E+000
 -2.100000000000000E-002  0.000000000000000E+000
 -2.000000000000000E-002  0.000000000000000E+000
 -1.900000000000000E-002  0.000000000000000E+000
 -1.800000000000000E-002  0.000000000000000E+000
 -1.700000000000000E-002  0.000000000000000E+000
 -1.600000000000000E-002  6.897495545584805E-003
 -1.500000000000000E-002  3.811100050543170E-002
 -1.400000000000000E-002  0.182509453596832     
 -1.300000000000000E-002  9.522318259634648E-002
 -1.200000000000000E-002  8.039061296684123E-002
 -1.100000000000000E-002  0.334329857883613     
 -1.000000000000000E-002  0.354855851646438     
 -9.000000000000001E-003  0.361907046214259     
 -8.000000000000000E-003  0.270999267880620     
 -6.999999999999999E-003  0.389973454657835     
 -6.000000000000002E-003   1.48239409169806     
 -5.000000000000001E-003   2.04662879564600     
 -4.000000000000000E-003   9.18953478904359     
 -3.000000000000003E-003   19.9818211396233     
 -2.000000000000002E-003   34.1607216411539     
 -1.000000000000001E-003   38.0173312635582     
  0.000000000000000E+000   29.4352756542735     
  1.000000000000001E-003   28.9208367336128     
  1.999999999999998E-003   21.9077446244567     
  2.999999999999999E-003   16.6164511696346     
  4.000000000000000E-003   2.32136482918599     
  4.999999999999998E-003   1.28474475940531     
  5.999999999999998E-003  0.822921212586558     
  6.999999999999999E-003  0.404644888361910     
  8.000000000000000E-003  0.315169259924987     
  9.000000000000001E-003  0.351595930560739     
  1.000000000000000E-002  0.502008448253597     
  1.100000000000000E-002  0.289040382429958     
  1.200000000000000E-002  0.347779415714521     
  1.300000000000000E-002  0.305332803566854     
  1.400000000000000E-002  0.231134921925053     
  1.500000000000000E-002  0.162552543655767     
  1.600000000000000E-002  7.360550909910432E-002
  1.700000000000000E-002  1.869347544201651E-003
  1.800000000000000E-002  0.000000000000000E+000
  1.900000000000000E-002  0.000000000000000E+000
  2.000000000000000E-002  0.000000000000000E+000
  2.100000000000000E-002  0.000000000000000E+000
  2.200000000000000E-002  0.000000000000000E+000
  2.300000000000000E-002  0.000000000000000E+000
  2.400000000000000E-002  0.000000000000000E+000
  2.500000000000000E-002  0.000000000000000E+000
 -2.500000000000000E-002  0.000000000000000E+000
 -2.400000000000000E-002  0.000000000000000E+000
 -2.300000000000000E-002  0.000000000000000E+000
 -2.200000000000000E-002  0.000000000000000E+000
 -2.100000000000000E-002  0.000000000000000E+000
 -2.000000000000000E-002  0.000000000000000E+000
 -1.900000000000000E-002  0.000000000000000E+000
 -1.800000000000000E-002  0.000000000000000E+000
 -1.700000000000000E-002  0.000000000000000E+000
 -1.600000000000000E-002  8.711270372540605E-002
 -1.500000000000000E-002  0.340466699175478     
 -1.400000000000000E-002   1.16606313761534     
 -1.300000000000000E-002  0.438946327239579     
 -1.200000000000000E-002  0.269033067591451     
 -1.100000000000000E-002  0.814870894293330     
 -1.000000000000000E-002  0.629630287183442     
 -9.000000000000001E-003  0.465186672800559     
 -8.000000000000000E-003  0.249702441918465     
 -6.999999999999999E-003  0.192910952015182     
 -6.000000000000002E-003  0.109295850002225     
 -5.000000000000001E-003  3.834415488637899E-002
 -4.000000000000000E-003  4.694987774056358E-002
 -3.000000000000003E-003  1.129898743823721E-002
 -2.000000000000002E-003  6.368886683147384E-003
 -1.000000000000001E-003  3.032169906812752E-003
  0.000000000000000E+000  0.000000000000000E+000
  1.000000000000001E-003  1.926534039344927E-003
  1.999999999999998E-003  7.173789432367695E-003
  2.999999999999999E-003  2.257121634202383E-002
  4.000000000000000E-003  5.502642675070162E-002
  4.999999999999998E-003  0.136884382565418     
  5.999999999999998E-003  0.242200204484344     
  6.999999999999999E-003  0.262501746160450     
  8.000000000000000E-003  0.290401278336931     
  9.000000000000001E-003  0.451933011027743     
  1.000000000000000E-002  0.890727099400785     
  1.100000000000000E-002  0.704485672947521     
  1.200000000000000E-002   1.16386925788751     
  1.300000000000000E-002   1.40747987052238     
  1.400000000000000E-002   1.47673398260112     
  1.500000000000000E-002   1.45217200406924     
  1.600000000000000E-002  0.929609140641252     
  1.700000000000000E-002  3.380989416627961E-002
  1.800000000000000E-002  0.000000000000000E+000
  1.900000000000000E-002  0.000000000000000E+000
  2.000000000000000E-002  0.000000000000000E+000
  2.100000000000000E-002  0.000000000000000E+000
  2.200000000000000E-002  0.000000000000000E+000
  2.300000000000000E-002  0.000000000000000E+000
  2.400000000000000E-002  0.000000000000000E+000
  2.500000000000000E-002  0.000000000000000E+000
 -2.500000000000000E-002  0.000000000000000E+000
 -2.400000000000000E-002  0.000000000000000E+000
 -2.300000000000000E-002  0.000000000000000E+000
 -2.200000000000000E-002  0.000000000000000E+000
 -2.100000000000000E-002  0.000000000000000E+000
 -2.000000000000000E-002  0.000000000000000E+000
 -1.900000000000000E-002  0.000000000000000E+000
 -1.800000000000000E-002  0.000000000000000E+000
 -1.700000000000000E-002  0.000000000000000E+000
 -1.600000000000000E-002  0.000000000000000E+000
 -1.500000000000000E-002  0.000000000000000E+000
 -1.400000000000000E-002  0.000000000000000E+000
 -1.300000000000000E-002  0.000000000000000E+000
 -1.200000000000000E-002  0.000000000000000E+000
 -1.100000000000000E-002  0.000000000000000E+000
 -1.000000000000000E-002  0.000000000000000E+000
 -9.000000000000001E-003  0.000000000000000E+000
 -8.000000000000000E-003  0.000000000000000E+000
 -6.999999999999999E-003  0.000000000000000E+000
 -6.000000000000002E-003  0.000000000000000E+000
 -5.000000000000001E-003  0.000000000000000E+000
 -4.000000000000000E-003  0.000000000000000E+000
 -3.000000000000003E-003  0.000000000000000E+000
 -2.000000000000002E-003  0.000000000000000E+000
 -1.000000000000001E-003  0.000000000000000E+000
  0.000000000000000E+000  0.000000000000000E+000
  1.000000000000001E-003  0.000000000000000E+000
  1.999999999999998E-003  0.000000000000000E+000
  2.999999999999999E-003  0.000000000000000E+000
  4.000000000000000E-003  0.000000000000000E+000
  4.999999999999998E-003  0.000000000000000E+000
  5.999999999999998E-003  0.000000000000000E+000
  6.999999999999999E-003  0.000000000000000E+000
  8.000000000000000E-003  0.000000000000000E+000
  9.000000000000001E-003  0.000000000000000E+000
  1.000000000000000E-002  0.000000000000000E+000
  1.100000000000000E-002  0.000000000000000E+000
  1.200000000000000E-002  0.000000000000000E+000
  1.300000000000000E-002  0.000000000000000E+000
  1.400000000000000E-002  0.000000000000000E+000
  1.500000000000000E-002  0.000000000000000E+000
  1.600000000000000E-002  0.000000000000000E+000
  1.700000000000000E-002  0.000000000000000E+000
  1.800000000000000E-002  0.000000000000000E+000
  1.900000000000000E-002  0.000000000000000E+000
  2.000000000000000E-002  0.000000000000000E+000
  2.100000000000000E-002  0.000000000000000E+000
  2.200000000000000E-002  0.000000000000000E+000
  2.300000000000000E-002  0.000000000000000E+000
  2.400000000000000E-002  0.000000000000000E+000
  2.500000000000000E-002  0.000000000000000E+000
4
   105.116981818182     
10
43
10
43
 0
 0
  224.16892000
