 -2.500000000000000E-002  0.000000000000000E+000
 -2.400000000000000E-002  0.000000000000000E+000
 -2.300000000000000E-002  0.000000000000000E+000
 -2.200000000000000E-002  0.000000000000000E+000
 -2.100000000000000E-002  0.000000000000000E+000
 -2.000000000000000E-002  0.000000000000000E+000
 -1.900000000000000E-002  0.000000000000000E+000
 -1.800000000000000E-002  0.000000000000000E+000
 -1.700000000000000E-002  0.000000000000000E+000
 -1.600000000000000E-002  0.000000000000000E+000
 -1.500000000000000E-002  0.000000000000000E+000
 -1.400000000000000E-002  2.117018710775072E-002
 -1.300000000000000E-002  0.240073615532837     
 -1.200000000000000E-002  0.652974862501054     
 -1.100000000000000E-002   1.44289442527475     
 -1.000000000000000E-002   1.43354366347723     
 -9.000000000000001E-003   1.64061247066453     
 -8.000000000000000E-003   3.19383964968972     
 -6.999999999999999E-003   3.40534540923136     
 -6.000000000000002E-003   6.77778738212799     
 -5.000000000000001E-003   9.27184289599327     
 -4.000000000000000E-003   9.41236810192258     
 -3.000000000000003E-003   8.38303524082702     
 -2.000000000000002E-003   5.74580952931662     
 -1.000000000000001E-003   5.39375638350333     
  0.000000000000000E+000   6.20613129038398     
  1.000000000000001E-003   5.47387433410167     
  1.999999999999998E-003   5.54652618516911     
  2.999999999999999E-003   6.32632833340604     
  4.000000000000000E-003   8.63798859347623     
  4.999999999999998E-003   6.92415185369885     
  5.999999999999998E-003   11.6152922655990     
  6.999999999999999E-003   8.89884540223371     
  8.000000000000000E-003   8.01285935669131     
  9.000000000000001E-003   2.54791265647285     
  1.000000000000000E-002  0.308893612078113     
  1.100000000000000E-002  0.541896510994544     
  1.200000000000000E-002  0.358960872779019     
  1.300000000000000E-002  0.194376937024549     
  1.400000000000000E-002  6.582578124579741E-002
  1.500000000000000E-002  6.561474797523534E-003
  1.600000000000000E-002  0.000000000000000E+000
  1.700000000000000E-002  0.000000000000000E+000
  1.800000000000000E-002  0.000000000000000E+000
  1.900000000000000E-002  0.000000000000000E+000
  2.000000000000000E-002  0.000000000000000E+000
  2.100000000000000E-002  0.000000000000000E+000
  2.200000000000000E-002  0.000000000000000E+000
  2.300000000000000E-002  0.000000000000000E+000
  2.400000000000000E-002  0.000000000000000E+000
  2.500000000000000E-002  0.000000000000000E+000
 -2.500000000000000E-002  0.000000000000000E+000
 -2.400000000000000E-002  0.000000000000000E+000
 -2.300000000000000E-002  0.000000000000000E+000
 -2.200000000000000E-002  0.000000000000000E+000
 -2.100000000000000E-002  0.000000000000000E+000
 -2.000000000000000E-002  0.000000000000000E+000
 -1.900000000000000E-002  0.000000000000000E+000
 -1.800000000000000E-002  0.000000000000000E+000
 -1.700000000000000E-002  0.000000000000000E+000
 -1.600000000000000E-002  0.000000000000000E+000
 -1.500000000000000E-002  0.000000000000000E+000
 -1.400000000000000E-002  0.000000000000000E+000
 -1.300000000000000E-002  0.000000000000000E+000
 -1.200000000000000E-002  0.000000000000000E+000
 -1.100000000000000E-002  0.000000000000000E+000
 -1.000000000000000E-002  0.000000000000000E+000
 -9.000000000000001E-003  0.000000000000000E+000
 -8.000000000000000E-003  0.000000000000000E+000
 -6.999999999999999E-003  0.000000000000000E+000
 -6.000000000000002E-003  0.000000000000000E+000
 -5.000000000000001E-003  0.000000000000000E+000
 -4.000000000000000E-003  0.000000000000000E+000
 -3.000000000000003E-003  0.000000000000000E+000
 -2.000000000000002E-003  0.000000000000000E+000
 -1.000000000000001E-003  0.000000000000000E+000
  0.000000000000000E+000  0.000000000000000E+000
  1.000000000000001E-003  0.000000000000000E+000
  1.999999999999998E-003  0.000000000000000E+000
  2.999999999999999E-003  0.000000000000000E+000
  4.000000000000000E-003  0.000000000000000E+000
  4.999999999999998E-003  0.000000000000000E+000
  5.999999999999998E-003  0.000000000000000E+000
  6.999999999999999E-003  0.000000000000000E+000
  8.000000000000000E-003  0.000000000000000E+000
  9.000000000000001E-003  0.000000000000000E+000
  1.000000000000000E-002  0.000000000000000E+000
  1.100000000000000E-002  0.000000000000000E+000
  1.200000000000000E-002  0.000000000000000E+000
  1.300000000000000E-002  0.000000000000000E+000
  1.400000000000000E-002  0.000000000000000E+000
  1.500000000000000E-002  0.000000000000000E+000
  1.600000000000000E-002  0.000000000000000E+000
  1.700000000000000E-002  0.000000000000000E+000
  1.800000000000000E-002  0.000000000000000E+000
  1.900000000000000E-002  0.000000000000000E+000
  2.000000000000000E-002  0.000000000000000E+000
  2.100000000000000E-002  0.000000000000000E+000
  2.200000000000000E-002  0.000000000000000E+000
  2.300000000000000E-002  0.000000000000000E+000
  2.400000000000000E-002  0.000000000000000E+000
  2.500000000000000E-002  0.000000000000000E+000
 -2.500000000000000E-002  0.000000000000000E+000
 -2.400000000000000E-002  0.000000000000000E+000
 -2.300000000000000E-002  0.000000000000000E+000
 -2.200000000000000E-002  0.000000000000000E+000
 -2.100000000000000E-002  0.000000000000000E+000
 -2.000000000000000E-002  0.000000000000000E+000
 -1.900000000000000E-002  0.000000000000000E+000
 -1.800000000000000E-002  0.000000000000000E+000
 -1.700000000000000E-002  0.000000000000000E+000
 -1.600000000000000E-002  0.000000000000000E+000
 -1.500000000000000E-002  0.000000000000000E+000
 -1.400000000000000E-002  0.135257513056278     
 -1.300000000000000E-002   1.10665731738847     
 -1.200000000000000E-002   2.18522814835637     
 -1.100000000000000E-002   3.51680426671256     
 -1.000000000000000E-002   2.54357510052978     
 -9.000000000000001E-003   1.79278399919657     
 -8.000000000000000E-003   1.66004175075996     
 -6.999999999999999E-003  0.823456666573004     
 -6.000000000000002E-003  0.322403374032472     
 -5.000000000000001E-003  0.104476964399348     
 -4.000000000000000E-003  8.419561200306681E-002
 -3.000000000000003E-003  4.548830363570699E-002
 -2.000000000000002E-003  5.976935672535598E-003
 -1.000000000000001E-003  7.472614026655781E-004
  0.000000000000000E+000  0.000000000000000E+000
  1.000000000000001E-003  6.442472987711023E-003
  1.999999999999998E-003  4.778329927181396E-002
  2.999999999999999E-003  7.500371340916008E-002
  4.000000000000000E-003  6.258762265807127E-002
  4.999999999999998E-003  0.314962075933934     
  5.999999999999998E-003  0.204351206519890     
  6.999999999999999E-003  0.431871793728851     
  8.000000000000000E-003  0.779989090258374     
  9.000000000000001E-003  0.805977495714406     
  1.000000000000000E-002  0.548078248616999     
  1.100000000000000E-002   1.32077851892690     
  1.200000000000000E-002   1.20128882197822     
  1.300000000000000E-002  0.896011247268251     
  1.400000000000000E-002  0.420564609135336     
  1.500000000000000E-002  5.861729255094032E-002
  1.600000000000000E-002  0.000000000000000E+000
  1.700000000000000E-002  0.000000000000000E+000
  1.800000000000000E-002  0.000000000000000E+000
  1.900000000000000E-002  0.000000000000000E+000
  2.000000000000000E-002  0.000000000000000E+000
  2.100000000000000E-002  0.000000000000000E+000
  2.200000000000000E-002  0.000000000000000E+000
  2.300000000000000E-002  0.000000000000000E+000
  2.400000000000000E-002  0.000000000000000E+000
  2.500000000000000E-002  0.000000000000000E+000
4
   105.389354545455     
12
41
 0
 0
12
41
  141.33307000
