 -2.500000000000000E-002  0.000000000000000E+000
 -2.400000000000000E-002  0.000000000000000E+000
 -2.300000000000000E-002  0.000000000000000E+000
 -2.200000000000000E-002  0.000000000000000E+000
 -2.100000000000000E-002  0.000000000000000E+000
 -2.000000000000000E-002  0.000000000000000E+000
 -1.900000000000000E-002  0.000000000000000E+000
 -1.800000000000000E-002  0.000000000000000E+000
 -1.700000000000000E-002  0.000000000000000E+000
 -1.600000000000000E-002  2.540670922231688E-002
 -1.500000000000000E-002  0.100895467450449     
 -1.400000000000000E-002  0.136252280934579     
 -1.300000000000000E-002  0.000000000000000E+000
 -1.200000000000000E-002  0.242306326726978     
 -1.100000000000000E-002  0.344425255827596     
 -1.000000000000000E-002  0.246059239184588     
 -9.000000000000001E-003  0.301793573028267     
 -8.000000000000000E-003  0.435728806560087     
 -6.999999999999999E-003  0.940670952561538     
 -6.000000000000002E-003   8.09616313138898     
 -5.000000000000001E-003   17.2668579613830     
 -4.000000000000000E-003   15.7129081754718     
 -3.000000000000003E-003   15.5138748435086     
 -2.000000000000002E-003   10.9247073730194     
 -1.000000000000001E-003   10.7112806982495     
  0.000000000000000E+000   11.7023543160213     
  1.000000000000001E-003   13.2554802821579     
  1.999999999999998E-003   6.38555333460733     
  2.999999999999999E-003   9.98349515608869     
  4.000000000000000E-003   6.05277123442948     
  4.999999999999998E-003   9.64101425560051     
  5.999999999999998E-003   8.22877148159811     
  6.999999999999999E-003   5.55208345451360     
  8.000000000000000E-003  0.737407294092802     
  9.000000000000001E-003  0.362071034810075     
  1.000000000000000E-002  0.686897810757781     
  1.100000000000000E-002  0.420964312549162     
  1.200000000000000E-002  0.274541293387153     
  1.300000000000000E-002  0.369389433632815     
  1.400000000000000E-002  0.346705915983917     
  1.500000000000000E-002  7.614254136239441E-002
  1.600000000000000E-002  1.094655372486588E-002
  1.700000000000000E-002  0.000000000000000E+000
  1.800000000000000E-002  0.000000000000000E+000
  1.900000000000000E-002  0.000000000000000E+000
  2.000000000000000E-002  0.000000000000000E+000
  2.100000000000000E-002  0.000000000000000E+000
  2.200000000000000E-002  0.000000000000000E+000
  2.300000000000000E-002  0.000000000000000E+000
  2.400000000000000E-002  0.000000000000000E+000
  2.500000000000000E-002  0.000000000000000E+000
 -2.500000000000000E-002  0.000000000000000E+000
 -2.400000000000000E-002  0.000000000000000E+000
 -2.300000000000000E-002  0.000000000000000E+000
 -2.200000000000000E-002  0.000000000000000E+000
 -2.100000000000000E-002  0.000000000000000E+000
 -2.000000000000000E-002  0.000000000000000E+000
 -1.900000000000000E-002  0.000000000000000E+000
 -1.800000000000000E-002  0.000000000000000E+000
 -1.700000000000000E-002  0.000000000000000E+000
 -1.600000000000000E-002  0.320876920977204     
 -1.500000000000000E-002  0.901355154917162     
 -1.400000000000000E-002  0.870523466498286     
 -1.300000000000000E-002  0.000000000000000E+000
 -1.200000000000000E-002  0.810895849283591     
 -1.100000000000000E-002  0.839476671363123     
 -1.000000000000000E-002  0.436589529841806     
 -9.000000000000001E-003  0.387918250219691     
 -8.000000000000000E-003  0.401486497964272     
 -6.999999999999999E-003  7.500440097015007E-002
 -6.000000000000002E-003  7.658920780727441E-002
 -5.000000000000001E-003  7.164448727751552E-002
 -4.000000000000000E-003  8.215028482037617E-002
 -3.000000000000003E-003  4.140478229077668E-003
 -2.000000000000002E-003  0.000000000000000E+000
 -1.000000000000001E-003  3.304763144197420E-004
  0.000000000000000E+000  0.000000000000000E+000
  1.000000000000001E-003  1.661413027271962E-003
  1.999999999999998E-003  1.373639863691866E-002
  2.999999999999999E-003  5.305152059806220E-002
  4.000000000000000E-003  6.409384087893912E-002
  4.999999999999998E-003  0.162451752166901     
  5.999999999999998E-003  0.299827662058159     
  6.999999999999999E-003  0.170977396336409     
  8.000000000000000E-003  0.331402397688630     
  9.000000000000001E-003  0.465397459824638     
  1.000000000000000E-002   1.21878127089198     
  1.100000000000000E-002   1.02602731327673     
  1.200000000000000E-002  0.918772523490219     
  1.300000000000000E-002   1.70275904242307     
  1.400000000000000E-002   2.21512354705238     
  1.500000000000000E-002  0.680223541252661     
  1.600000000000000E-002  0.138250744077520     
  1.700000000000000E-002  0.000000000000000E+000
  1.800000000000000E-002  0.000000000000000E+000
  1.900000000000000E-002  0.000000000000000E+000
  2.000000000000000E-002  0.000000000000000E+000
  2.100000000000000E-002  0.000000000000000E+000
  2.200000000000000E-002  0.000000000000000E+000
  2.300000000000000E-002  0.000000000000000E+000
  2.400000000000000E-002  0.000000000000000E+000
  2.500000000000000E-002  0.000000000000000E+000
 -2.500000000000000E-002  0.000000000000000E+000
 -2.400000000000000E-002  0.000000000000000E+000
 -2.300000000000000E-002  0.000000000000000E+000
 -2.200000000000000E-002  0.000000000000000E+000
 -2.100000000000000E-002  0.000000000000000E+000
 -2.000000000000000E-002  0.000000000000000E+000
 -1.900000000000000E-002  0.000000000000000E+000
 -1.800000000000000E-002  0.000000000000000E+000
 -1.700000000000000E-002  0.000000000000000E+000
 -1.600000000000000E-002  0.000000000000000E+000
 -1.500000000000000E-002  0.000000000000000E+000
 -1.400000000000000E-002  0.000000000000000E+000
 -1.300000000000000E-002  0.000000000000000E+000
 -1.200000000000000E-002  0.000000000000000E+000
 -1.100000000000000E-002  0.000000000000000E+000
 -1.000000000000000E-002  0.000000000000000E+000
 -9.000000000000001E-003  0.000000000000000E+000
 -8.000000000000000E-003  0.000000000000000E+000
 -6.999999999999999E-003  0.000000000000000E+000
 -6.000000000000002E-003  0.000000000000000E+000
 -5.000000000000001E-003  0.000000000000000E+000
 -4.000000000000000E-003  0.000000000000000E+000
 -3.000000000000003E-003  0.000000000000000E+000
 -2.000000000000002E-003  0.000000000000000E+000
 -1.000000000000001E-003  0.000000000000000E+000
  0.000000000000000E+000  0.000000000000000E+000
  1.000000000000001E-003  0.000000000000000E+000
  1.999999999999998E-003  0.000000000000000E+000
  2.999999999999999E-003  0.000000000000000E+000
  4.000000000000000E-003  0.000000000000000E+000
  4.999999999999998E-003  0.000000000000000E+000
  5.999999999999998E-003  0.000000000000000E+000
  6.999999999999999E-003  0.000000000000000E+000
  8.000000000000000E-003  0.000000000000000E+000
  9.000000000000001E-003  0.000000000000000E+000
  1.000000000000000E-002  0.000000000000000E+000
  1.100000000000000E-002  0.000000000000000E+000
  1.200000000000000E-002  0.000000000000000E+000
  1.300000000000000E-002  0.000000000000000E+000
  1.400000000000000E-002  0.000000000000000E+000
  1.500000000000000E-002  0.000000000000000E+000
  1.600000000000000E-002  0.000000000000000E+000
  1.700000000000000E-002  0.000000000000000E+000
  1.800000000000000E-002  0.000000000000000E+000
  1.900000000000000E-002  0.000000000000000E+000
  2.000000000000000E-002  0.000000000000000E+000
  2.100000000000000E-002  0.000000000000000E+000
  2.200000000000000E-002  0.000000000000000E+000
  2.300000000000000E-002  0.000000000000000E+000
  2.400000000000000E-002  0.000000000000000E+000
  2.500000000000000E-002  0.000000000000000E+000
4
   105.116070000000     
10
42
10
42
 0
 0
  165.55767000
