 -2.500000000000000E-002  0.000000000000000E+000
 -2.400000000000000E-002  0.000000000000000E+000
 -2.300000000000000E-002  0.000000000000000E+000
 -2.200000000000000E-002  0.000000000000000E+000
 -2.100000000000000E-002  0.000000000000000E+000
 -2.000000000000000E-002  0.000000000000000E+000
 -1.900000000000000E-002  6.241024464238279E-003
 -1.800000000000000E-002  5.123685151689046E-002
 -1.700000000000000E-002  3.196490587058849E-002
 -1.600000000000000E-002  0.165512983906615     
 -1.500000000000000E-002  0.288532196610345     
 -1.400000000000000E-002  0.138056573274572     
 -1.300000000000000E-002  0.196265566951608     
 -1.200000000000000E-002  0.405752275099688     
 -1.100000000000000E-002  0.398451572394048     
 -1.000000000000000E-002  0.711212608926749     
 -9.000000000000001E-003   1.07379242719964     
 -8.000000000000000E-003   1.50357329224802     
 -6.999999999999999E-003   1.88484590556466     
 -6.000000000000002E-003   6.99786225726531     
 -5.000000000000001E-003   7.26875007513853     
 -4.000000000000000E-003   5.68631339786655     
 -3.000000000000003E-003   7.60748258858671     
 -2.000000000000002E-003   6.97661987980444     
 -1.000000000000001E-003   5.09106688585748     
  0.000000000000000E+000   7.06686799122550     
  1.000000000000001E-003   4.16372223138561     
  1.999999999999998E-003   5.06959864982163     
  2.999999999999999E-003   3.14538339163214     
  4.000000000000000E-003   3.52277116180814     
  4.999999999999998E-003   1.93078063695433     
  5.999999999999998E-003   1.14101227193113     
  6.999999999999999E-003   3.65667643792797     
  8.000000000000000E-003   2.31069978833633     
  9.000000000000001E-003   2.19747723358512     
  1.000000000000000E-002   3.05454351760840     
  1.100000000000000E-002   1.58948173228228     
  1.200000000000000E-002  0.704811662604608     
  1.300000000000000E-002  0.239849702793334     
  1.400000000000000E-002  2.258819513477343E-002
  1.500000000000000E-002  0.000000000000000E+000
  1.600000000000000E-002  0.000000000000000E+000
  1.700000000000000E-002  0.000000000000000E+000
  1.800000000000000E-002  0.000000000000000E+000
  1.900000000000000E-002  0.000000000000000E+000
  2.000000000000000E-002  0.000000000000000E+000
  2.100000000000000E-002  0.000000000000000E+000
  2.200000000000000E-002  0.000000000000000E+000
  2.300000000000000E-002  0.000000000000000E+000
  2.400000000000000E-002  0.000000000000000E+000
  2.500000000000000E-002  0.000000000000000E+000
 -2.500000000000000E-002  0.000000000000000E+000
 -2.400000000000000E-002  0.000000000000000E+000
 -2.300000000000000E-002  0.000000000000000E+000
 -2.200000000000000E-002  0.000000000000000E+000
 -2.100000000000000E-002  0.000000000000000E+000
 -2.000000000000000E-002  0.000000000000000E+000
 -1.900000000000000E-002  0.242103704040460     
 -1.800000000000000E-002   1.34646059184503     
 -1.700000000000000E-002  0.578132240776681     
 -1.600000000000000E-002   2.09036503676964     
 -1.500000000000000E-002   2.57761809669031     
 -1.400000000000000E-002  0.882051191477369     
 -1.300000000000000E-002  0.904717185752909     
 -1.200000000000000E-002   1.35787967305716     
 -1.100000000000000E-002  0.971156423732727     
 -1.000000000000000E-002   1.16197369713356     
 -9.000000000000001E-003  0.457983670352188     
 -8.000000000000000E-003  0.221002686051381     
 -6.999999999999999E-003  0.138578240421263     
 -6.000000000000002E-003  7.895008310084246E-002
 -5.000000000000001E-003  5.005449728337588E-002
 -4.000000000000000E-003  4.497898712929472E-003
 -3.000000000000003E-003  5.277854276618843E-003
 -2.000000000000002E-003  6.483405131159824E-004
 -1.000000000000001E-003  0.000000000000000E+000
  0.000000000000000E+000  0.000000000000000E+000
  1.000000000000001E-003  6.099102544510801E-003
  1.999999999999998E-003  7.800266634380125E-002
  2.999999999999999E-003  0.117576438029654     
  4.000000000000000E-003  0.399201005428819     
  4.999999999999998E-003  0.374776322094158     
  5.999999999999998E-003  0.360087603380494     
  6.999999999999999E-003   1.73869502200410     
  8.000000000000000E-003   1.39567392747771     
  9.000000000000001E-003  0.780317143950001     
  1.000000000000000E-002   1.52891128262526     
  1.100000000000000E-002   1.68200922579434     
  1.200000000000000E-002   1.96464793843883     
  1.300000000000000E-002   1.10562515618626     
  1.400000000000000E-002  0.144317245889660     
  1.500000000000000E-002  0.000000000000000E+000
  1.600000000000000E-002  0.000000000000000E+000
  1.700000000000000E-002  0.000000000000000E+000
  1.800000000000000E-002  0.000000000000000E+000
  1.900000000000000E-002  0.000000000000000E+000
  2.000000000000000E-002  0.000000000000000E+000
  2.100000000000000E-002  0.000000000000000E+000
  2.200000000000000E-002  0.000000000000000E+000
  2.300000000000000E-002  0.000000000000000E+000
  2.400000000000000E-002  0.000000000000000E+000
  2.500000000000000E-002  0.000000000000000E+000
 -2.500000000000000E-002  0.000000000000000E+000
 -2.400000000000000E-002  0.000000000000000E+000
 -2.300000000000000E-002  0.000000000000000E+000
 -2.200000000000000E-002  0.000000000000000E+000
 -2.100000000000000E-002  0.000000000000000E+000
 -2.000000000000000E-002  0.000000000000000E+000
 -1.900000000000000E-002  0.000000000000000E+000
 -1.800000000000000E-002  0.000000000000000E+000
 -1.700000000000000E-002  0.000000000000000E+000
 -1.600000000000000E-002  0.000000000000000E+000
 -1.500000000000000E-002  0.000000000000000E+000
 -1.400000000000000E-002  0.000000000000000E+000
 -1.300000000000000E-002  0.000000000000000E+000
 -1.200000000000000E-002  0.000000000000000E+000
 -1.100000000000000E-002  0.000000000000000E+000
 -1.000000000000000E-002  0.000000000000000E+000
 -9.000000000000001E-003  0.000000000000000E+000
 -8.000000000000000E-003  0.000000000000000E+000
 -6.999999999999999E-003  0.000000000000000E+000
 -6.000000000000002E-003  0.000000000000000E+000
 -5.000000000000001E-003  0.000000000000000E+000
 -4.000000000000000E-003  0.000000000000000E+000
 -3.000000000000003E-003  0.000000000000000E+000
 -2.000000000000002E-003  0.000000000000000E+000
 -1.000000000000001E-003  0.000000000000000E+000
  0.000000000000000E+000  0.000000000000000E+000
  1.000000000000001E-003  2.866555113142814E-004
  1.999999999999998E-003  1.915574701431515E-002
  2.999999999999999E-003  6.626677857792067E-002
  4.000000000000000E-003  0.126524784412848     
  4.999999999999998E-003  0.118053266506731     
  5.999999999999998E-003  0.130101339865469     
  6.999999999999999E-003  0.633468763347751     
  8.000000000000000E-003  0.733436546511586     
  9.000000000000001E-003   2.04426760381765     
  1.000000000000000E-002   3.89084748218812     
  1.100000000000000E-002   2.19207611269992     
  1.200000000000000E-002  0.394055853793232     
  1.300000000000000E-002  0.000000000000000E+000
  1.400000000000000E-002  0.000000000000000E+000
  1.500000000000000E-002  0.000000000000000E+000
  1.600000000000000E-002  0.000000000000000E+000
  1.700000000000000E-002  0.000000000000000E+000
  1.800000000000000E-002  0.000000000000000E+000
  1.900000000000000E-002  0.000000000000000E+000
  2.000000000000000E-002  0.000000000000000E+000
  2.100000000000000E-002  0.000000000000000E+000
  2.200000000000000E-002  0.000000000000000E+000
  2.300000000000000E-002  0.000000000000000E+000
  2.400000000000000E-002  0.000000000000000E+000
  2.500000000000000E-002  0.000000000000000E+000
1
   70.9683625000000     
 7
40
 7
40
27
38
  107.94735000
