 -2.500000000000000E-002  0.000000000000000E+000
 -2.400000000000000E-002  0.000000000000000E+000
 -2.300000000000000E-002  0.000000000000000E+000
 -2.200000000000000E-002  0.000000000000000E+000
 -2.100000000000000E-002  0.000000000000000E+000
 -2.000000000000000E-002  0.000000000000000E+000
 -1.900000000000000E-002  9.950236100155210E-003
 -1.800000000000000E-002  5.454245382428877E-002
 -1.700000000000000E-002  0.105566493599759     
 -1.600000000000000E-002  7.066938014617302E-002
 -1.500000000000000E-002  0.330281542972193     
 -1.400000000000000E-002  0.443864175571174     
 -1.300000000000000E-002  0.347995846368358     
 -1.200000000000000E-002  0.305779025511465     
 -1.100000000000000E-002  0.480193795854030     
 -1.000000000000000E-002  0.774229223551227     
 -9.000000000000001E-003  0.510894821964595     
 -8.000000000000000E-003  0.906201138042007     
 -6.999999999999999E-003   3.96811213232341     
 -6.000000000000002E-003   6.42736367922839     
 -5.000000000000001E-003   6.57262955598639     
 -4.000000000000000E-003   4.29809547919811     
 -3.000000000000003E-003   5.79495246622389     
 -2.000000000000002E-003   4.63997303590500     
 -1.000000000000001E-003   6.12958833501342     
  0.000000000000000E+000   6.27124685999085     
  1.000000000000001E-003   10.0985564665525     
  1.999999999999998E-003   7.24988839342444     
  2.999999999999999E-003   10.5772425598083     
  4.000000000000000E-003   8.69100687820040     
  4.999999999999998E-003   8.53417002041160     
  5.999999999999998E-003   10.2340287530780     
  6.999999999999999E-003   6.15341830068743     
  8.000000000000000E-003   2.37047013499951     
  9.000000000000001E-003   1.83512835190679     
  1.000000000000000E-002   1.63788089242783     
  1.100000000000000E-002   1.15776772439188     
  1.200000000000000E-002  8.874664112258479E-002
  1.300000000000000E-002  0.000000000000000E+000
  1.400000000000000E-002  0.000000000000000E+000
  1.500000000000000E-002  0.000000000000000E+000
  1.600000000000000E-002  0.000000000000000E+000
  1.700000000000000E-002  0.000000000000000E+000
  1.800000000000000E-002  0.000000000000000E+000
  1.900000000000000E-002  0.000000000000000E+000
  2.000000000000000E-002  0.000000000000000E+000
  2.100000000000000E-002  0.000000000000000E+000
  2.200000000000000E-002  0.000000000000000E+000
  2.300000000000000E-002  0.000000000000000E+000
  2.400000000000000E-002  0.000000000000000E+000
  2.500000000000000E-002  0.000000000000000E+000
 -2.500000000000000E-002  0.000000000000000E+000
 -2.400000000000000E-002  0.000000000000000E+000
 -2.300000000000000E-002  0.000000000000000E+000
 -2.200000000000000E-002  0.000000000000000E+000
 -2.100000000000000E-002  0.000000000000000E+000
 -2.000000000000000E-002  0.000000000000000E+000
 -1.900000000000000E-002  0.385992560953484     
 -1.800000000000000E-002   1.43332899041860     
 -1.700000000000000E-002   1.90932498731122     
 -1.600000000000000E-002  0.892526966410633     
 -1.500000000000000E-002   2.95058815677903     
 -1.400000000000000E-002   2.83587311802983     
 -1.300000000000000E-002   1.60414191684327     
 -1.200000000000000E-002   1.02331187936589     
 -1.100000000000000E-002   1.17038887982867     
 -1.000000000000000E-002   1.37373574680706     
 -9.000000000000001E-003  0.570276137166155     
 -8.000000000000000E-003  0.235042839932657     
 -6.999999999999999E-003  0.208539272779549     
 -6.000000000000002E-003  0.106563319210996     
 -5.000000000000001E-003  2.194633478348776E-002
 -4.000000000000000E-003  1.445453633173373E-003
 -3.000000000000003E-003  0.000000000000000E+000
 -2.000000000000002E-003  0.000000000000000E+000
 -1.000000000000001E-003  0.000000000000000E+000
  0.000000000000000E+000  0.000000000000000E+000
  1.000000000000001E-003  3.573307966110229E-002
  1.999999999999998E-003  7.679925245423803E-002
  2.999999999999999E-003  3.651239832036487E-002
  4.000000000000000E-003  0.271318305289997     
  4.999999999999998E-003  0.893978618157678     
  5.999999999999998E-003   1.46299255047795     
  6.999999999999999E-003   1.29201855647416     
  8.000000000000000E-003   1.95192495034012     
  9.000000000000001E-003   2.35883015021512     
  1.000000000000000E-002   2.90613614482285     
  1.100000000000000E-002   2.82185751201316     
  1.200000000000000E-002  0.296997127133420     
  1.300000000000000E-002  0.000000000000000E+000
  1.400000000000000E-002  0.000000000000000E+000
  1.500000000000000E-002  0.000000000000000E+000
  1.600000000000000E-002  0.000000000000000E+000
  1.700000000000000E-002  0.000000000000000E+000
  1.800000000000000E-002  0.000000000000000E+000
  1.900000000000000E-002  0.000000000000000E+000
  2.000000000000000E-002  0.000000000000000E+000
  2.100000000000000E-002  0.000000000000000E+000
  2.200000000000000E-002  0.000000000000000E+000
  2.300000000000000E-002  0.000000000000000E+000
  2.400000000000000E-002  0.000000000000000E+000
  2.500000000000000E-002  0.000000000000000E+000
 -2.500000000000000E-002  0.000000000000000E+000
 -2.400000000000000E-002  0.000000000000000E+000
 -2.300000000000000E-002  0.000000000000000E+000
 -2.200000000000000E-002  0.000000000000000E+000
 -2.100000000000000E-002  0.000000000000000E+000
 -2.000000000000000E-002  0.000000000000000E+000
 -1.900000000000000E-002  0.000000000000000E+000
 -1.800000000000000E-002  0.000000000000000E+000
 -1.700000000000000E-002  0.000000000000000E+000
 -1.600000000000000E-002  0.000000000000000E+000
 -1.500000000000000E-002  0.000000000000000E+000
 -1.400000000000000E-002  0.000000000000000E+000
 -1.300000000000000E-002  0.000000000000000E+000
 -1.200000000000000E-002  0.000000000000000E+000
 -1.100000000000000E-002  0.000000000000000E+000
 -1.000000000000000E-002  0.000000000000000E+000
 -9.000000000000001E-003  0.000000000000000E+000
 -8.000000000000000E-003  0.000000000000000E+000
 -6.999999999999999E-003  0.000000000000000E+000
 -6.000000000000002E-003  0.000000000000000E+000
 -5.000000000000001E-003  0.000000000000000E+000
 -4.000000000000000E-003  0.000000000000000E+000
 -3.000000000000003E-003  0.000000000000000E+000
 -2.000000000000002E-003  0.000000000000000E+000
 -1.000000000000001E-003  0.000000000000000E+000
  0.000000000000000E+000  0.000000000000000E+000
  1.000000000000001E-003  0.000000000000000E+000
  1.999999999999998E-003  0.000000000000000E+000
  2.999999999999999E-003  0.000000000000000E+000
  4.000000000000000E-003  0.000000000000000E+000
  4.999999999999998E-003  0.000000000000000E+000
  5.999999999999998E-003  0.000000000000000E+000
  6.999999999999999E-003  0.000000000000000E+000
  8.000000000000000E-003  0.000000000000000E+000
  9.000000000000001E-003  0.000000000000000E+000
  1.000000000000000E-002  0.000000000000000E+000
  1.100000000000000E-002  0.000000000000000E+000
  1.200000000000000E-002  0.000000000000000E+000
  1.300000000000000E-002  0.000000000000000E+000
  1.400000000000000E-002  0.000000000000000E+000
  1.500000000000000E-002  0.000000000000000E+000
  1.600000000000000E-002  0.000000000000000E+000
  1.700000000000000E-002  0.000000000000000E+000
  1.800000000000000E-002  0.000000000000000E+000
  1.900000000000000E-002  0.000000000000000E+000
  2.000000000000000E-002  0.000000000000000E+000
  2.100000000000000E-002  0.000000000000000E+000
  2.200000000000000E-002  0.000000000000000E+000
  2.300000000000000E-002  0.000000000000000E+000
  2.400000000000000E-002  0.000000000000000E+000
  2.500000000000000E-002  0.000000000000000E+000
4
   87.4740250000000     
 7
38
 7
38
 0
 0
  141.50234000
