 -2.500000000000000E-002  0.000000000000000E+000
 -2.400000000000000E-002  0.000000000000000E+000
 -2.300000000000000E-002  0.000000000000000E+000
 -2.200000000000000E-002  0.000000000000000E+000
 -2.100000000000000E-002  0.000000000000000E+000
 -2.000000000000000E-002  0.000000000000000E+000
 -1.900000000000000E-002  0.000000000000000E+000
 -1.800000000000000E-002  0.000000000000000E+000
 -1.700000000000000E-002  0.000000000000000E+000
 -1.600000000000000E-002  6.052457928524127E-003
 -1.500000000000000E-002  3.492192938911445E-002
 -1.400000000000000E-002  0.232384233071127     
 -1.300000000000000E-002  4.394830723913658E-002
 -1.200000000000000E-002  0.132236335031082     
 -1.100000000000000E-002  0.265967818495499     
 -1.000000000000000E-002  0.499302738784618     
 -9.000000000000001E-003  0.333648044978695     
 -8.000000000000000E-003  0.287334169611562     
 -6.999999999999999E-003  0.427271424371451     
 -6.000000000000002E-003   1.39042353758677     
 -5.000000000000001E-003  0.689890990971161     
 -4.000000000000000E-003   6.89091686633127     
 -3.000000000000003E-003   17.6790251125327     
 -2.000000000000002E-003   22.5739079690758     
 -1.000000000000001E-003   22.1131616097881     
  0.000000000000000E+000   18.9501853642153     
  1.000000000000001E-003   18.9520698536679     
  1.999999999999998E-003   16.3696425372372     
  2.999999999999999E-003   9.16526860495750     
  4.000000000000000E-003   1.51587168926134     
  4.999999999999998E-003   1.59700789454593     
  5.999999999999998E-003  0.337066858599070     
  6.999999999999999E-003  0.455327193044209     
  8.000000000000000E-003  0.331986055193128     
  9.000000000000001E-003  0.310173417449687     
  1.000000000000000E-002  0.299961668555650     
  1.100000000000000E-002  0.400727878832332     
  1.200000000000000E-002  0.544458295919092     
  1.300000000000000E-002  0.176106200469463     
  1.400000000000000E-002  0.198759452786058     
  1.500000000000000E-002  0.157742895677064     
  1.600000000000000E-002  5.480070190133771E-002
  1.700000000000000E-002  9.631659794966423E-003
  1.800000000000000E-002  0.000000000000000E+000
  1.900000000000000E-002  0.000000000000000E+000
  2.000000000000000E-002  0.000000000000000E+000
  2.100000000000000E-002  0.000000000000000E+000
  2.200000000000000E-002  0.000000000000000E+000
  2.300000000000000E-002  0.000000000000000E+000
  2.400000000000000E-002  0.000000000000000E+000
  2.500000000000000E-002  0.000000000000000E+000
 -2.500000000000000E-002  0.000000000000000E+000
 -2.400000000000000E-002  0.000000000000000E+000
 -2.300000000000000E-002  0.000000000000000E+000
 -2.200000000000000E-002  0.000000000000000E+000
 -2.100000000000000E-002  0.000000000000000E+000
 -2.000000000000000E-002  0.000000000000000E+000
 -1.900000000000000E-002  0.000000000000000E+000
 -1.800000000000000E-002  0.000000000000000E+000
 -1.700000000000000E-002  0.000000000000000E+000
 -1.600000000000000E-002  7.644020512278628E-002
 -1.500000000000000E-002  0.311976958627899     
 -1.400000000000000E-002   1.48471590159841     
 -1.300000000000000E-002  0.202586676112165     
 -1.200000000000000E-002  0.442538569461297     
 -1.100000000000000E-002  0.648250310285241     
 -1.000000000000000E-002  0.885926286276008     
 -9.000000000000001E-003  0.428863227598400     
 -8.000000000000000E-003  0.264753644390758     
 -6.999999999999999E-003  7.042162249485136E-002
 -6.000000000000002E-003  9.603631201001854E-002
 -5.000000000000001E-003  7.301283788218878E-002
 -4.000000000000000E-003  4.764242800027061E-002
 -3.000000000000003E-003  6.807860035859457E-002
 -2.000000000000002E-003  2.715057104783607E-003
 -1.000000000000001E-003  0.000000000000000E+000
  0.000000000000000E+000  0.000000000000000E+000
  1.000000000000001E-003  1.668282748967870E-003
  1.999999999999998E-003  7.645771324540872E-003
  2.999999999999999E-003  2.496219238897965E-002
  4.000000000000000E-003  6.489915373555170E-002
  4.999999999999998E-003  0.182535539887537     
  5.999999999999998E-003  0.105727623035301     
  6.999999999999999E-003  0.104335445372048     
  8.000000000000000E-003  0.163048141548078     
  9.000000000000001E-003  0.398689502080531     
  1.000000000000000E-002  0.532230060855513     
  1.100000000000000E-002  0.976704524864923     
  1.200000000000000E-002   1.82206951932491     
  1.300000000000000E-002  0.811789396158597     
  1.400000000000000E-002   1.26988529404288     
  1.500000000000000E-002   1.40920475183792     
  1.600000000000000E-002  0.692111691428541     
  1.700000000000000E-002  0.174202704747714     
  1.800000000000000E-002  0.000000000000000E+000
  1.900000000000000E-002  0.000000000000000E+000
  2.000000000000000E-002  0.000000000000000E+000
  2.100000000000000E-002  0.000000000000000E+000
  2.200000000000000E-002  0.000000000000000E+000
  2.300000000000000E-002  0.000000000000000E+000
  2.400000000000000E-002  0.000000000000000E+000
  2.500000000000000E-002  0.000000000000000E+000
 -2.500000000000000E-002  0.000000000000000E+000
 -2.400000000000000E-002  0.000000000000000E+000
 -2.300000000000000E-002  0.000000000000000E+000
 -2.200000000000000E-002  0.000000000000000E+000
 -2.100000000000000E-002  0.000000000000000E+000
 -2.000000000000000E-002  0.000000000000000E+000
 -1.900000000000000E-002  0.000000000000000E+000
 -1.800000000000000E-002  0.000000000000000E+000
 -1.700000000000000E-002  0.000000000000000E+000
 -1.600000000000000E-002  0.000000000000000E+000
 -1.500000000000000E-002  0.000000000000000E+000
 -1.400000000000000E-002  0.000000000000000E+000
 -1.300000000000000E-002  0.000000000000000E+000
 -1.200000000000000E-002  0.000000000000000E+000
 -1.100000000000000E-002  0.000000000000000E+000
 -1.000000000000000E-002  0.000000000000000E+000
 -9.000000000000001E-003  0.000000000000000E+000
 -8.000000000000000E-003  0.000000000000000E+000
 -6.999999999999999E-003  0.000000000000000E+000
 -6.000000000000002E-003  0.000000000000000E+000
 -5.000000000000001E-003  0.000000000000000E+000
 -4.000000000000000E-003  0.000000000000000E+000
 -3.000000000000003E-003  0.000000000000000E+000
 -2.000000000000002E-003  0.000000000000000E+000
 -1.000000000000001E-003  0.000000000000000E+000
  0.000000000000000E+000  0.000000000000000E+000
  1.000000000000001E-003  0.000000000000000E+000
  1.999999999999998E-003  0.000000000000000E+000
  2.999999999999999E-003  0.000000000000000E+000
  4.000000000000000E-003  0.000000000000000E+000
  4.999999999999998E-003  0.000000000000000E+000
  5.999999999999998E-003  0.000000000000000E+000
  6.999999999999999E-003  0.000000000000000E+000
  8.000000000000000E-003  0.000000000000000E+000
  9.000000000000001E-003  0.000000000000000E+000
  1.000000000000000E-002  0.000000000000000E+000
  1.100000000000000E-002  0.000000000000000E+000
  1.200000000000000E-002  0.000000000000000E+000
  1.300000000000000E-002  0.000000000000000E+000
  1.400000000000000E-002  0.000000000000000E+000
  1.500000000000000E-002  0.000000000000000E+000
  1.600000000000000E-002  0.000000000000000E+000
  1.700000000000000E-002  0.000000000000000E+000
  1.800000000000000E-002  0.000000000000000E+000
  1.900000000000000E-002  0.000000000000000E+000
  2.000000000000000E-002  0.000000000000000E+000
  2.100000000000000E-002  0.000000000000000E+000
  2.200000000000000E-002  0.000000000000000E+000
  2.300000000000000E-002  0.000000000000000E+000
  2.400000000000000E-002  0.000000000000000E+000
  2.500000000000000E-002  0.000000000000000E+000
4
   102.764688888889     
10
43
10
43
 0
 0
  161.88234000
