 -2.500000000000000E-002  0.000000000000000E+000
 -2.400000000000000E-002  0.000000000000000E+000
 -2.300000000000000E-002  0.000000000000000E+000
 -2.200000000000000E-002  0.000000000000000E+000
 -2.100000000000000E-002  0.000000000000000E+000
 -2.000000000000000E-002  0.000000000000000E+000
 -1.900000000000000E-002  0.000000000000000E+000
 -1.800000000000000E-002  0.000000000000000E+000
 -1.700000000000000E-002  4.039170549797587E-002
 -1.600000000000000E-002  0.100323930699235     
 -1.500000000000000E-002  0.134909198631800     
 -1.400000000000000E-002  0.227236739195067     
 -1.300000000000000E-002  0.176406143738527     
 -1.200000000000000E-002  0.101908415445429     
 -1.100000000000000E-002  0.639095184464239     
 -1.000000000000000E-002   1.51524787551218     
 -9.000000000000001E-003   1.79494952101357     
 -8.000000000000000E-003   4.29547717425381     
 -6.999999999999999E-003   7.16729381107312     
 -6.000000000000002E-003   9.53819265002105     
 -5.000000000000001E-003   9.85427457417419     
 -4.000000000000000E-003   9.13015282509847     
 -3.000000000000003E-003   7.79946640295745     
 -2.000000000000002E-003   7.58409978231054     
 -1.000000000000001E-003   6.16218174418497     
  0.000000000000000E+000   8.15624561894774     
  1.000000000000001E-003   6.00919566244022     
  1.999999999999998E-003   13.7703121790778     
  2.999999999999999E-003   9.50427539734038     
  4.000000000000000E-003   8.28670701153606     
  4.999999999999998E-003   10.8840485269768     
  5.999999999999998E-003   9.00522556796917     
  6.999999999999999E-003   3.01176845145292     
  8.000000000000000E-003   1.35065091263934     
  9.000000000000001E-003  0.395723868828934     
  1.000000000000000E-002  0.907833561108378     
  1.100000000000000E-002  0.882510108562126     
  1.200000000000000E-002  0.904811321989545     
  1.300000000000000E-002  0.380757092850447     
  1.400000000000000E-002  0.170436565086692     
  1.500000000000000E-002  3.750011586701366E-002
  1.600000000000000E-002  0.000000000000000E+000
  1.700000000000000E-002  0.000000000000000E+000
  1.800000000000000E-002  0.000000000000000E+000
  1.900000000000000E-002  0.000000000000000E+000
  2.000000000000000E-002  0.000000000000000E+000
  2.100000000000000E-002  0.000000000000000E+000
  2.200000000000000E-002  0.000000000000000E+000
  2.300000000000000E-002  0.000000000000000E+000
  2.400000000000000E-002  0.000000000000000E+000
  2.500000000000000E-002  0.000000000000000E+000
 -2.500000000000000E-002  0.000000000000000E+000
 -2.400000000000000E-002  0.000000000000000E+000
 -2.300000000000000E-002  0.000000000000000E+000
 -2.200000000000000E-002  0.000000000000000E+000
 -2.100000000000000E-002  0.000000000000000E+000
 -2.000000000000000E-002  0.000000000000000E+000
 -1.900000000000000E-002  0.000000000000000E+000
 -1.800000000000000E-002  0.000000000000000E+000
 -1.700000000000000E-002  0.000000000000000E+000
 -1.600000000000000E-002  0.000000000000000E+000
 -1.500000000000000E-002  0.000000000000000E+000
 -1.400000000000000E-002  0.000000000000000E+000
 -1.300000000000000E-002  0.000000000000000E+000
 -1.200000000000000E-002  0.000000000000000E+000
 -1.100000000000000E-002  0.000000000000000E+000
 -1.000000000000000E-002  0.000000000000000E+000
 -9.000000000000001E-003  0.000000000000000E+000
 -8.000000000000000E-003  0.000000000000000E+000
 -6.999999999999999E-003  0.000000000000000E+000
 -6.000000000000002E-003  0.000000000000000E+000
 -5.000000000000001E-003  0.000000000000000E+000
 -4.000000000000000E-003  0.000000000000000E+000
 -3.000000000000003E-003  0.000000000000000E+000
 -2.000000000000002E-003  0.000000000000000E+000
 -1.000000000000001E-003  0.000000000000000E+000
  0.000000000000000E+000  0.000000000000000E+000
  1.000000000000001E-003  0.000000000000000E+000
  1.999999999999998E-003  0.000000000000000E+000
  2.999999999999999E-003  0.000000000000000E+000
  4.000000000000000E-003  0.000000000000000E+000
  4.999999999999998E-003  0.000000000000000E+000
  5.999999999999998E-003  0.000000000000000E+000
  6.999999999999999E-003  0.000000000000000E+000
  8.000000000000000E-003  0.000000000000000E+000
  9.000000000000001E-003  0.000000000000000E+000
  1.000000000000000E-002  0.000000000000000E+000
  1.100000000000000E-002  0.000000000000000E+000
  1.200000000000000E-002  0.000000000000000E+000
  1.300000000000000E-002  0.000000000000000E+000
  1.400000000000000E-002  0.000000000000000E+000
  1.500000000000000E-002  0.000000000000000E+000
  1.600000000000000E-002  0.000000000000000E+000
  1.700000000000000E-002  0.000000000000000E+000
  1.800000000000000E-002  0.000000000000000E+000
  1.900000000000000E-002  0.000000000000000E+000
  2.000000000000000E-002  0.000000000000000E+000
  2.100000000000000E-002  0.000000000000000E+000
  2.200000000000000E-002  0.000000000000000E+000
  2.300000000000000E-002  0.000000000000000E+000
  2.400000000000000E-002  0.000000000000000E+000
  2.500000000000000E-002  0.000000000000000E+000
 -2.500000000000000E-002  0.000000000000000E+000
 -2.400000000000000E-002  0.000000000000000E+000
 -2.300000000000000E-002  0.000000000000000E+000
 -2.200000000000000E-002  0.000000000000000E+000
 -2.100000000000000E-002  0.000000000000000E+000
 -2.000000000000000E-002  0.000000000000000E+000
 -1.900000000000000E-002  0.000000000000000E+000
 -1.800000000000000E-002  0.000000000000000E+000
 -1.700000000000000E-002  0.730543280899287     
 -1.600000000000000E-002   1.26705248213823     
 -1.500000000000000E-002   1.20521867538039     
 -1.400000000000000E-002   1.45182827445536     
 -1.300000000000000E-002  0.813172032117045     
 -1.200000000000000E-002  0.341043967807242     
 -1.100000000000000E-002  0.479496406733141     
 -1.000000000000000E-002  0.123154842650710     
 -9.000000000000001E-003  6.799508552715240E-002
 -8.000000000000000E-003  0.000000000000000E+000
 -6.999999999999999E-003  0.000000000000000E+000
 -6.000000000000002E-003  0.000000000000000E+000
 -5.000000000000001E-003  0.000000000000000E+000
 -4.000000000000000E-003  0.000000000000000E+000
 -3.000000000000003E-003  0.000000000000000E+000
 -2.000000000000002E-003  0.000000000000000E+000
 -1.000000000000001E-003  0.000000000000000E+000
  0.000000000000000E+000  0.000000000000000E+000
  1.000000000000001E-003  1.347941345715279E-002
  1.999999999999998E-003  2.388135416898575E-002
  2.999999999999999E-003  0.000000000000000E+000
  4.000000000000000E-003  0.000000000000000E+000
  4.999999999999998E-003  2.563781866188638E-004
  5.999999999999998E-003  8.921532646859329E-002
  6.999999999999999E-003  0.237586647931509     
  8.000000000000000E-003   1.24450827377886     
  9.000000000000001E-003  0.508654008850971     
  1.000000000000000E-002   1.61079351839166     
  1.100000000000000E-002   2.15096493606403     
  1.200000000000000E-002   3.02801728414147     
  1.300000000000000E-002   1.75516006627923     
  1.400000000000000E-002   1.08892877564792     
  1.500000000000000E-002  0.335009327979213     
  1.600000000000000E-002  0.000000000000000E+000
  1.700000000000000E-002  0.000000000000000E+000
  1.800000000000000E-002  0.000000000000000E+000
  1.900000000000000E-002  0.000000000000000E+000
  2.000000000000000E-002  0.000000000000000E+000
  2.100000000000000E-002  0.000000000000000E+000
  2.200000000000000E-002  0.000000000000000E+000
  2.300000000000000E-002  0.000000000000000E+000
  2.400000000000000E-002  0.000000000000000E+000
  2.500000000000000E-002  0.000000000000000E+000
4
   96.7861100000000     
 9
41
 0
 0
 9
41
  151.67717000
