 -2.500000000000000E-002  0.000000000000000E+000
 -2.400000000000000E-002  0.000000000000000E+000
 -2.300000000000000E-002  0.000000000000000E+000
 -2.200000000000000E-002  0.000000000000000E+000
 -2.100000000000000E-002  0.000000000000000E+000
 -2.000000000000000E-002  0.000000000000000E+000
 -1.900000000000000E-002  0.000000000000000E+000
 -1.800000000000000E-002  0.000000000000000E+000
 -1.700000000000000E-002  0.000000000000000E+000
 -1.600000000000000E-002  1.581955426623103E-002
 -1.500000000000000E-002  5.461632314150402E-002
 -1.400000000000000E-002  0.230560439900930     
 -1.300000000000000E-002  3.291481612930656E-002
 -1.200000000000000E-002  0.111506156211985     
 -1.100000000000000E-002  0.329475631303934     
 -1.000000000000000E-002  0.577051409993326     
 -9.000000000000001E-003  0.178772669456029     
 -8.000000000000000E-003  0.272178552343598     
 -6.999999999999999E-003   1.00159385519188     
 -6.000000000000002E-003   1.05536170053818     
 -5.000000000000001E-003   2.80767279460621     
 -4.000000000000000E-003   10.0903725639049     
 -3.000000000000003E-003   13.2472820001063     
 -2.000000000000002E-003   14.3200346552405     
 -1.000000000000001E-003   8.42656922718094     
  0.000000000000000E+000   7.80758515015882     
  1.000000000000001E-003   10.4787689419386     
  1.999999999999998E-003   11.3453419289635     
  2.999999999999999E-003   2.59640912304553     
  4.000000000000000E-003   1.20544007831963     
  4.999999999999998E-003   1.02768412433224     
  5.999999999999998E-003  0.814759296272634     
  6.999999999999999E-003  0.771708340112067     
  8.000000000000000E-003  0.243564163376383     
  9.000000000000001E-003  0.433389435102403     
  1.000000000000000E-002  0.133077733691789     
  1.100000000000000E-002  0.504378755438659     
  1.200000000000000E-002  0.513548869036805     
  1.300000000000000E-002  0.234124648164714     
  1.400000000000000E-002  0.248869001281211     
  1.500000000000000E-002  0.217242341651987     
  1.600000000000000E-002  9.754908984322992E-002
  1.700000000000000E-002  7.172025008570424E-004
  1.800000000000000E-002  0.000000000000000E+000
  1.900000000000000E-002  0.000000000000000E+000
  2.000000000000000E-002  0.000000000000000E+000
  2.100000000000000E-002  0.000000000000000E+000
  2.200000000000000E-002  0.000000000000000E+000
  2.300000000000000E-002  0.000000000000000E+000
  2.400000000000000E-002  0.000000000000000E+000
  2.500000000000000E-002  0.000000000000000E+000
 -2.500000000000000E-002  0.000000000000000E+000
 -2.400000000000000E-002  0.000000000000000E+000
 -2.300000000000000E-002  0.000000000000000E+000
 -2.200000000000000E-002  0.000000000000000E+000
 -2.100000000000000E-002  0.000000000000000E+000
 -2.000000000000000E-002  0.000000000000000E+000
 -1.900000000000000E-002  0.000000000000000E+000
 -1.800000000000000E-002  0.000000000000000E+000
 -1.700000000000000E-002  0.000000000000000E+000
 -1.600000000000000E-002  0.199794858112565     
 -1.500000000000000E-002  0.487917898099761     
 -1.400000000000000E-002   1.47306358472117     
 -1.300000000000000E-002  0.151726053023978     
 -1.200000000000000E-002  0.373163509443764     
 -1.100000000000000E-002  0.803039561073121     
 -1.000000000000000E-002   1.02387784591393     
 -9.000000000000001E-003  0.229790119208372     
 -8.000000000000000E-003  0.246028063705133     
 -6.999999999999999E-003  6.791210094915601E-002
 -6.000000000000002E-003  0.172999610264788     
 -5.000000000000001E-003  6.177817985956628E-002
 -4.000000000000000E-003  3.253263835845176E-002
 -3.000000000000003E-003  2.107887794540316E-002
 -2.000000000000002E-003  1.021288369035997E-003
 -1.000000000000001E-003  5.513399063672278E-004
  0.000000000000000E+000  0.000000000000000E+000
  1.000000000000001E-003  4.180262731425181E-003
  1.999999999999998E-003  8.733204743172480E-003
  2.999999999999999E-003  1.216600097259388E-002
  4.000000000000000E-003  9.852109760354033E-002
  4.999999999999998E-003  0.124813888626730     
  5.999999999999998E-003  8.163115397109683E-002
  6.999999999999999E-003  0.333535403747903     
  8.000000000000000E-003  0.167918789779631     
  9.000000000000001E-003  0.557068428070460     
  1.000000000000000E-002  0.236123404174738     
  1.100000000000000E-002   1.22933551346149     
  1.200000000000000E-002   1.71862886096016     
  1.300000000000000E-002   1.07923461100640     
  1.400000000000000E-002   1.59003801047050     
  1.500000000000000E-002   1.94074629378628     
  1.600000000000000E-002   1.23200731425421     
  1.700000000000000E-002  1.297165993823988E-002
  1.800000000000000E-002  0.000000000000000E+000
  1.900000000000000E-002  0.000000000000000E+000
  2.000000000000000E-002  0.000000000000000E+000
  2.100000000000000E-002  0.000000000000000E+000
  2.200000000000000E-002  0.000000000000000E+000
  2.300000000000000E-002  0.000000000000000E+000
  2.400000000000000E-002  0.000000000000000E+000
  2.500000000000000E-002  0.000000000000000E+000
 -2.500000000000000E-002  0.000000000000000E+000
 -2.400000000000000E-002  0.000000000000000E+000
 -2.300000000000000E-002  0.000000000000000E+000
 -2.200000000000000E-002  0.000000000000000E+000
 -2.100000000000000E-002  0.000000000000000E+000
 -2.000000000000000E-002  0.000000000000000E+000
 -1.900000000000000E-002  0.000000000000000E+000
 -1.800000000000000E-002  0.000000000000000E+000
 -1.700000000000000E-002  0.000000000000000E+000
 -1.600000000000000E-002  0.000000000000000E+000
 -1.500000000000000E-002  0.000000000000000E+000
 -1.400000000000000E-002  0.000000000000000E+000
 -1.300000000000000E-002  0.000000000000000E+000
 -1.200000000000000E-002  0.000000000000000E+000
 -1.100000000000000E-002  0.000000000000000E+000
 -1.000000000000000E-002  0.000000000000000E+000
 -9.000000000000001E-003  0.000000000000000E+000
 -8.000000000000000E-003  0.000000000000000E+000
 -6.999999999999999E-003  0.000000000000000E+000
 -6.000000000000002E-003  0.000000000000000E+000
 -5.000000000000001E-003  0.000000000000000E+000
 -4.000000000000000E-003  0.000000000000000E+000
 -3.000000000000003E-003  0.000000000000000E+000
 -2.000000000000002E-003  0.000000000000000E+000
 -1.000000000000001E-003  0.000000000000000E+000
  0.000000000000000E+000  0.000000000000000E+000
  1.000000000000001E-003  0.000000000000000E+000
  1.999999999999998E-003  0.000000000000000E+000
  2.999999999999999E-003  0.000000000000000E+000
  4.000000000000000E-003  0.000000000000000E+000
  4.999999999999998E-003  0.000000000000000E+000
  5.999999999999998E-003  0.000000000000000E+000
  6.999999999999999E-003  0.000000000000000E+000
  8.000000000000000E-003  0.000000000000000E+000
  9.000000000000001E-003  0.000000000000000E+000
  1.000000000000000E-002  0.000000000000000E+000
  1.100000000000000E-002  0.000000000000000E+000
  1.200000000000000E-002  0.000000000000000E+000
  1.300000000000000E-002  0.000000000000000E+000
  1.400000000000000E-002  0.000000000000000E+000
  1.500000000000000E-002  0.000000000000000E+000
  1.600000000000000E-002  0.000000000000000E+000
  1.700000000000000E-002  0.000000000000000E+000
  1.800000000000000E-002  0.000000000000000E+000
  1.900000000000000E-002  0.000000000000000E+000
  2.000000000000000E-002  0.000000000000000E+000
  2.100000000000000E-002  0.000000000000000E+000
  2.200000000000000E-002  0.000000000000000E+000
  2.300000000000000E-002  0.000000000000000E+000
  2.400000000000000E-002  0.000000000000000E+000
  2.500000000000000E-002  0.000000000000000E+000
4
   92.4146000000000     
10
43
10
43
 0
 0
   92.41349000
