 -2.500000000000000E-002  0.000000000000000E+000
 -2.400000000000000E-002  0.000000000000000E+000
 -2.300000000000000E-002  0.000000000000000E+000
 -2.200000000000000E-002  0.000000000000000E+000
 -2.100000000000000E-002  0.000000000000000E+000
 -2.000000000000000E-002  0.000000000000000E+000
 -1.900000000000000E-002  0.000000000000000E+000
 -1.800000000000000E-002  0.000000000000000E+000
 -1.700000000000000E-002  0.000000000000000E+000
 -1.600000000000000E-002  0.000000000000000E+000
 -1.500000000000000E-002  0.000000000000000E+000
 -1.400000000000000E-002  0.000000000000000E+000
 -1.300000000000000E-002  0.000000000000000E+000
 -1.200000000000000E-002  0.000000000000000E+000
 -1.100000000000000E-002  5.717450171917667E-002
 -1.000000000000000E-002  0.686337727670870     
 -9.000000000000001E-003   1.31176010713334     
 -8.000000000000000E-003  0.642949420280850     
 -6.999999999999999E-003   1.79827557313872     
 -6.000000000000002E-003   1.75419931037521     
 -5.000000000000001E-003   1.72934174249757     
 -4.000000000000000E-003   3.48524040764911     
 -3.000000000000003E-003   16.2590865195737     
 -2.000000000000002E-003   37.3061962761834     
 -1.000000000000001E-003   46.4508979990285     
  0.000000000000000E+000   34.4159596046420     
  1.000000000000001E-003   29.6044684366461     
  1.999999999999998E-003   18.6663607834574     
  2.999999999999999E-003   17.2897042429215     
  4.000000000000000E-003   2.69770888379222     
  4.999999999999998E-003   1.07194785026632     
  5.999999999999998E-003  0.266052226301436     
  6.999999999999999E-003  0.562626800677768     
  8.000000000000000E-003  0.505588380470012     
  9.000000000000001E-003  0.225420091826708     
  1.000000000000000E-002  0.349872796288003     
  1.100000000000000E-002  0.162798755637791     
  1.200000000000000E-002  0.106528882325991     
  1.300000000000000E-002  2.191132343283863E-002
  1.400000000000000E-002  5.756282458217763E-002
  1.500000000000000E-002  0.171117347095066     
  1.600000000000000E-002  3.227390029961329E-002
  1.700000000000000E-002  2.163260551974321E-002
  1.800000000000000E-002  1.460646592340333E-002
  1.900000000000000E-002  2.310614688936483E-002
  2.000000000000000E-002  5.856985041769013E-003
  2.100000000000000E-002  9.016558826413775E-003
  2.200000000000000E-002  3.377069542178127E-003
  2.300000000000000E-002  1.689298650903915E-004
  2.400000000000000E-002  0.000000000000000E+000
  2.500000000000000E-002  0.000000000000000E+000
 -2.500000000000000E-002  0.000000000000000E+000
 -2.400000000000000E-002  0.000000000000000E+000
 -2.300000000000000E-002  0.000000000000000E+000
 -2.200000000000000E-002  0.000000000000000E+000
 -2.100000000000000E-002  0.000000000000000E+000
 -2.000000000000000E-002  0.000000000000000E+000
 -1.900000000000000E-002  0.000000000000000E+000
 -1.800000000000000E-002  0.000000000000000E+000
 -1.700000000000000E-002  0.000000000000000E+000
 -1.600000000000000E-002  0.000000000000000E+000
 -1.500000000000000E-002  0.000000000000000E+000
 -1.400000000000000E-002  0.000000000000000E+000
 -1.300000000000000E-002  0.000000000000000E+000
 -1.200000000000000E-002  0.000000000000000E+000
 -1.100000000000000E-002  0.000000000000000E+000
 -1.000000000000000E-002  0.000000000000000E+000
 -9.000000000000001E-003  0.000000000000000E+000
 -8.000000000000000E-003  0.000000000000000E+000
 -6.999999999999999E-003  0.000000000000000E+000
 -6.000000000000002E-003  0.000000000000000E+000
 -5.000000000000001E-003  0.000000000000000E+000
 -4.000000000000000E-003  0.000000000000000E+000
 -3.000000000000003E-003  0.000000000000000E+000
 -2.000000000000002E-003  0.000000000000000E+000
 -1.000000000000001E-003  0.000000000000000E+000
  0.000000000000000E+000  0.000000000000000E+000
  1.000000000000001E-003  0.000000000000000E+000
  1.999999999999998E-003  0.000000000000000E+000
  2.999999999999999E-003  0.000000000000000E+000
  4.000000000000000E-003  0.000000000000000E+000
  4.999999999999998E-003  0.000000000000000E+000
  5.999999999999998E-003  0.000000000000000E+000
  6.999999999999999E-003  0.000000000000000E+000
  8.000000000000000E-003  0.000000000000000E+000
  9.000000000000001E-003  0.000000000000000E+000
  1.000000000000000E-002  0.000000000000000E+000
  1.100000000000000E-002  0.000000000000000E+000
  1.200000000000000E-002  0.000000000000000E+000
  1.300000000000000E-002  0.000000000000000E+000
  1.400000000000000E-002  0.000000000000000E+000
  1.500000000000000E-002  0.000000000000000E+000
  1.600000000000000E-002  0.000000000000000E+000
  1.700000000000000E-002  0.000000000000000E+000
  1.800000000000000E-002  0.000000000000000E+000
  1.900000000000000E-002  0.000000000000000E+000
  2.000000000000000E-002  0.000000000000000E+000
  2.100000000000000E-002  0.000000000000000E+000
  2.200000000000000E-002  0.000000000000000E+000
  2.300000000000000E-002  0.000000000000000E+000
  2.400000000000000E-002  0.000000000000000E+000
  2.500000000000000E-002  0.000000000000000E+000
 -2.500000000000000E-002  0.000000000000000E+000
 -2.400000000000000E-002  0.000000000000000E+000
 -2.300000000000000E-002  0.000000000000000E+000
 -2.200000000000000E-002  0.000000000000000E+000
 -2.100000000000000E-002  0.000000000000000E+000
 -2.000000000000000E-002  0.000000000000000E+000
 -1.900000000000000E-002  0.000000000000000E+000
 -1.800000000000000E-002  0.000000000000000E+000
 -1.700000000000000E-002  0.000000000000000E+000
 -1.600000000000000E-002  0.000000000000000E+000
 -1.500000000000000E-002  0.000000000000000E+000
 -1.400000000000000E-002  0.000000000000000E+000
 -1.300000000000000E-002  0.000000000000000E+000
 -1.200000000000000E-002  0.000000000000000E+000
 -1.100000000000000E-002  0.139352906263310     
 -1.000000000000000E-002   1.21778750039835     
 -9.000000000000001E-003   1.68610510940038     
 -8.000000000000000E-003  0.592422413277193     
 -6.999999999999999E-003   1.16657961487555     
 -6.000000000000002E-003  0.724349711688993     
 -5.000000000000001E-003  0.372371715294221     
 -4.000000000000000E-003  0.179094933832856     
 -3.000000000000003E-003  3.858578638658081E-002
 -2.000000000000002E-003  6.574723923770664E-003
 -1.000000000000001E-003  6.182257383090290E-003
  0.000000000000000E+000  0.000000000000000E+000
  1.000000000000001E-003  5.372108783720817E-003
  1.999999999999998E-003  1.220036413845451E-002
  2.999999999999999E-003  2.034986057564540E-002
  4.000000000000000E-003  0.126627874236107     
  4.999999999999998E-003  7.211706900864409E-002
  5.999999999999998E-003  4.849841064986832E-002
  6.999999999999999E-003  0.359544831829890     
  8.000000000000000E-003  0.167609858737301     
  9.000000000000001E-003  0.260396553678063     
  1.000000000000000E-002  0.620788717960827     
  1.100000000000000E-002  0.396793658921691     
  1.200000000000000E-002  0.356506698251837     
  1.300000000000000E-002  0.101003712368799     
  1.400000000000000E-002  0.367772115468437     
  1.500000000000000E-002   1.52868614217615     
  1.600000000000000E-002  0.407606890976997     
  1.700000000000000E-002  0.391257423175290     
  1.800000000000000E-002  0.383845419258570     
  1.900000000000000E-002  0.896340621651596     
  2.000000000000000E-002  0.341123183195279     
  2.100000000000000E-002  0.802628200929757     
  2.200000000000000E-002  0.468059160721945     
  2.300000000000000E-002  3.715697305952427E-002
  2.400000000000000E-002  0.000000000000000E+000
  2.500000000000000E-002  0.000000000000000E+000
4
   111.596050000000     
15
49
 0
 0
15
49
  227.74392000
