 -2.500000000000000E-002  0.000000000000000E+000
 -2.400000000000000E-002  0.000000000000000E+000
 -2.300000000000000E-002  0.000000000000000E+000
 -2.200000000000000E-002  0.000000000000000E+000
 -2.100000000000000E-002  0.000000000000000E+000
 -2.000000000000000E-002  0.000000000000000E+000
 -1.900000000000000E-002  0.000000000000000E+000
 -1.800000000000000E-002  0.000000000000000E+000
 -1.700000000000000E-002  1.927330215302742E-002
 -1.600000000000000E-002  0.103849121911089     
 -1.500000000000000E-002  0.315167018610772     
 -1.400000000000000E-002  9.587135401192787E-002
 -1.300000000000000E-002  0.276377070651493     
 -1.200000000000000E-002  0.391660154193879     
 -1.100000000000000E-002  0.794188969240561     
 -1.000000000000000E-002  0.572525795496347     
 -9.000000000000001E-003  0.885198277887300     
 -8.000000000000000E-003  0.915716735396838     
 -6.999999999999999E-003   2.28377369298112     
 -6.000000000000002E-003   4.63517391422974     
 -5.000000000000001E-003   13.6463572398853     
 -4.000000000000000E-003   18.8164625731312     
 -3.000000000000003E-003   13.1577204565045     
 -2.000000000000002E-003   8.66867474303416     
 -1.000000000000001E-003   11.3395786305596     
  0.000000000000000E+000   8.71883859612408     
  1.000000000000001E-003   4.25759725327794     
  1.999999999999998E-003   3.03431814601204     
  2.999999999999999E-003   3.94424727273057     
  4.000000000000000E-003   2.97291589432204     
  4.999999999999998E-003   2.29694386216311     
  5.999999999999998E-003   1.69636766788430     
  6.999999999999999E-003   1.25237982428292     
  8.000000000000000E-003   1.94403864541967     
  9.000000000000001E-003   2.09769918202811     
  1.000000000000000E-002   1.84348968646534     
  1.100000000000000E-002  0.888283323712175     
  1.200000000000000E-002   1.22875879535143     
  1.300000000000000E-002  0.873717515898866     
  1.400000000000000E-002  0.600879392975950     
  1.500000000000000E-002  0.192053635332504     
  1.600000000000000E-002  0.000000000000000E+000
  1.700000000000000E-002  0.000000000000000E+000
  1.800000000000000E-002  0.000000000000000E+000
  1.900000000000000E-002  0.000000000000000E+000
  2.000000000000000E-002  0.000000000000000E+000
  2.100000000000000E-002  0.000000000000000E+000
  2.200000000000000E-002  0.000000000000000E+000
  2.300000000000000E-002  0.000000000000000E+000
  2.400000000000000E-002  0.000000000000000E+000
  2.500000000000000E-002  0.000000000000000E+000
 -2.500000000000000E-002  0.000000000000000E+000
 -2.400000000000000E-002  0.000000000000000E+000
 -2.300000000000000E-002  0.000000000000000E+000
 -2.200000000000000E-002  0.000000000000000E+000
 -2.100000000000000E-002  0.000000000000000E+000
 -2.000000000000000E-002  0.000000000000000E+000
 -1.900000000000000E-002  0.000000000000000E+000
 -1.800000000000000E-002  0.000000000000000E+000
 -1.700000000000000E-002  0.348585958801406     
 -1.600000000000000E-002   1.31157428510050     
 -1.500000000000000E-002   2.81556173000740     
 -1.400000000000000E-002  0.612527459062648     
 -1.300000000000000E-002   1.27400383801456     
 -1.200000000000000E-002   1.31071935948021     
 -1.100000000000000E-002   1.93569751651748     
 -1.000000000000000E-002   1.01584792632209     
 -9.000000000000001E-003  0.515775149483829     
 -8.000000000000000E-003  8.978211753459742E-002
 -6.999999999999999E-003  0.288015296744110     
 -6.000000000000002E-003  0.242983337894944     
 -5.000000000000001E-003  0.100007737763948     
 -4.000000000000000E-003  6.161290099257612E-002
 -3.000000000000003E-003  7.510516386828228E-003
 -2.000000000000002E-003  2.579492778682375E-003
 -1.000000000000001E-003  0.000000000000000E+000
  0.000000000000000E+000  0.000000000000000E+000
  1.000000000000001E-003  3.571791715800149E-003
  1.999999999999998E-003  1.935740182528127E-002
  2.999999999999999E-003  9.941228247443945E-002
  4.000000000000000E-003  0.128773310372672     
  4.999999999999998E-003  0.441490876986256     
  5.999999999999998E-003  0.487162439670060     
  6.999999999999999E-003  0.328052982721389     
  8.000000000000000E-003   1.08652890556732     
  9.000000000000001E-003  0.969665194849202     
  1.000000000000000E-002   2.06746947723160     
  1.100000000000000E-002   1.88803004476684     
  1.200000000000000E-002   2.68334960859676     
  1.300000000000000E-002   3.58023233236043     
  1.400000000000000E-002   3.83905215041473     
  1.500000000000000E-002   1.71572161368446     
  1.600000000000000E-002  0.000000000000000E+000
  1.700000000000000E-002  0.000000000000000E+000
  1.800000000000000E-002  0.000000000000000E+000
  1.900000000000000E-002  0.000000000000000E+000
  2.000000000000000E-002  0.000000000000000E+000
  2.100000000000000E-002  0.000000000000000E+000
  2.200000000000000E-002  0.000000000000000E+000
  2.300000000000000E-002  0.000000000000000E+000
  2.400000000000000E-002  0.000000000000000E+000
  2.500000000000000E-002  0.000000000000000E+000
 -2.500000000000000E-002  0.000000000000000E+000
 -2.400000000000000E-002  0.000000000000000E+000
 -2.300000000000000E-002  0.000000000000000E+000
 -2.200000000000000E-002  0.000000000000000E+000
 -2.100000000000000E-002  0.000000000000000E+000
 -2.000000000000000E-002  0.000000000000000E+000
 -1.900000000000000E-002  0.000000000000000E+000
 -1.800000000000000E-002  0.000000000000000E+000
 -1.700000000000000E-002  0.000000000000000E+000
 -1.600000000000000E-002  0.000000000000000E+000
 -1.500000000000000E-002  0.000000000000000E+000
 -1.400000000000000E-002  0.000000000000000E+000
 -1.300000000000000E-002  0.000000000000000E+000
 -1.200000000000000E-002  0.000000000000000E+000
 -1.100000000000000E-002  0.000000000000000E+000
 -1.000000000000000E-002  0.000000000000000E+000
 -9.000000000000001E-003  0.000000000000000E+000
 -8.000000000000000E-003  0.000000000000000E+000
 -6.999999999999999E-003  0.000000000000000E+000
 -6.000000000000002E-003  0.000000000000000E+000
 -5.000000000000001E-003  0.000000000000000E+000
 -4.000000000000000E-003  0.000000000000000E+000
 -3.000000000000003E-003  0.000000000000000E+000
 -2.000000000000002E-003  0.000000000000000E+000
 -1.000000000000001E-003  0.000000000000000E+000
  0.000000000000000E+000  0.000000000000000E+000
  1.000000000000001E-003  0.000000000000000E+000
  1.999999999999998E-003  0.000000000000000E+000
  2.999999999999999E-003  0.000000000000000E+000
  4.000000000000000E-003  0.000000000000000E+000
  4.999999999999998E-003  8.679651306794146E-003
  5.999999999999998E-003  0.112304243025679     
  6.999999999999999E-003  0.170315960299743     
  8.000000000000000E-003  0.557351753885211     
  9.000000000000001E-003   1.72666722871571     
  1.000000000000000E-002   1.20348388403739     
  1.100000000000000E-002  0.277006099361141     
  1.200000000000000E-002   1.42878159482775     
  1.300000000000000E-002  0.447306804557787     
  1.400000000000000E-002  0.000000000000000E+000
  1.500000000000000E-002  0.000000000000000E+000
  1.600000000000000E-002  0.000000000000000E+000
  1.700000000000000E-002  0.000000000000000E+000
  1.800000000000000E-002  0.000000000000000E+000
  1.900000000000000E-002  0.000000000000000E+000
  2.000000000000000E-002  0.000000000000000E+000
  2.100000000000000E-002  0.000000000000000E+000
  2.200000000000000E-002  0.000000000000000E+000
  2.300000000000000E-002  0.000000000000000E+000
  2.400000000000000E-002  0.000000000000000E+000
  2.500000000000000E-002  0.000000000000000E+000
4
   87.5955333333333     
 9
41
 9
41
31
39
  136.62673000
