 -2.500000000000000E-002  0.000000000000000E+000
 -2.400000000000000E-002  0.000000000000000E+000
 -2.300000000000000E-002  0.000000000000000E+000
 -2.200000000000000E-002  0.000000000000000E+000
 -2.100000000000000E-002  0.000000000000000E+000
 -2.000000000000000E-002  5.593240155539061E-003
 -1.900000000000000E-002  2.441542373823728E-002
 -1.800000000000000E-002  3.138473599333313E-002
 -1.700000000000000E-002  2.357979853862648E-002
 -1.600000000000000E-002  6.725824867181492E-002
 -1.500000000000000E-002  0.148057614821871     
 -1.400000000000000E-002  0.124908670170938     
 -1.300000000000000E-002  2.067527602649709E-002
 -1.200000000000000E-002  0.133799644383765     
 -1.100000000000000E-002  0.372910747987114     
 -1.000000000000000E-002   1.32457269434937     
 -9.000000000000001E-003   1.29620597512733     
 -8.000000000000000E-003   2.60968046067893     
 -6.999999999999999E-003   4.27229758877054     
 -6.000000000000002E-003   3.34853325265134     
 -5.000000000000001E-003   4.45095321467955     
 -4.000000000000000E-003   5.51856967276556     
 -3.000000000000003E-003   26.5002540395093     
 -2.000000000000002E-003   63.0207478576576     
 -1.000000000000001E-003   80.0443845323535     
  0.000000000000000E+000   60.2848710180386     
  1.000000000000001E-003   52.1409585414604     
  1.999999999999998E-003   29.7145082996183     
  2.999999999999999E-003   31.3836493440589     
  4.000000000000000E-003   3.93221594564406     
  4.999999999999998E-003   1.60805972427590     
  5.999999999999998E-003   2.28470251875267     
  6.999999999999999E-003   1.05606388287001     
  8.000000000000000E-003   1.42615385680314     
  9.000000000000001E-003   1.86195624490626     
  1.000000000000000E-002   2.41022245445611     
  1.100000000000000E-002   1.96823131634726     
  1.200000000000000E-002  0.655864446484113     
  1.300000000000000E-002  0.397097646139589     
  1.400000000000000E-002  8.591530972401468E-002
  1.500000000000000E-002  0.000000000000000E+000
  1.600000000000000E-002  0.000000000000000E+000
  1.700000000000000E-002  0.000000000000000E+000
  1.800000000000000E-002  0.000000000000000E+000
  1.900000000000000E-002  0.000000000000000E+000
  2.000000000000000E-002  0.000000000000000E+000
  2.100000000000000E-002  0.000000000000000E+000
  2.200000000000000E-002  0.000000000000000E+000
  2.300000000000000E-002  0.000000000000000E+000
  2.400000000000000E-002  0.000000000000000E+000
  2.500000000000000E-002  0.000000000000000E+000
 -2.500000000000000E-002  0.000000000000000E+000
 -2.400000000000000E-002  0.000000000000000E+000
 -2.300000000000000E-002  0.000000000000000E+000
 -2.200000000000000E-002  0.000000000000000E+000
 -2.100000000000000E-002  0.000000000000000E+000
 -2.000000000000000E-002  0.325762123793450     
 -1.900000000000000E-002  0.947130484204259     
 -1.800000000000000E-002  0.824763992115182     
 -1.700000000000000E-002  0.426475267012819     
 -1.600000000000000E-002  0.849445693863183     
 -1.500000000000000E-002   1.32268076769626     
 -1.400000000000000E-002  0.798048500964946     
 -1.300000000000000E-002  9.530595627081700E-002
 -1.200000000000000E-002  0.447770298580220     
 -1.100000000000000E-002  0.243695654059886     
 -1.000000000000000E-002  0.359275665643171     
 -9.000000000000001E-003  2.990608742401035E-002
 -8.000000000000000E-003  0.000000000000000E+000
 -6.999999999999999E-003  0.000000000000000E+000
 -6.000000000000002E-003  0.000000000000000E+000
 -5.000000000000001E-003  0.000000000000000E+000
 -4.000000000000000E-003  0.000000000000000E+000
 -3.000000000000003E-003  0.000000000000000E+000
 -2.000000000000002E-003  0.000000000000000E+000
 -1.000000000000001E-003  0.000000000000000E+000
  0.000000000000000E+000  0.000000000000000E+000
  1.000000000000001E-003  1.433897450379971E-003
  1.999999999999998E-003  6.892626926912572E-003
  2.999999999999999E-003  3.992352748456150E-002
  4.000000000000000E-003  0.101579885830489     
  4.999999999999998E-003  0.269984051533221     
  5.999999999999998E-003  0.393889753205796     
  6.999999999999999E-003  0.287827217992264     
  8.000000000000000E-003  0.490966160740318     
  9.000000000000001E-003   1.42495898471503     
  1.000000000000000E-002   2.64146236073349     
  1.100000000000000E-002  0.245343627262350     
  1.200000000000000E-002  0.000000000000000E+000
  1.300000000000000E-002  0.000000000000000E+000
  1.400000000000000E-002  0.000000000000000E+000
  1.500000000000000E-002  0.000000000000000E+000
  1.600000000000000E-002  0.000000000000000E+000
  1.700000000000000E-002  0.000000000000000E+000
  1.800000000000000E-002  0.000000000000000E+000
  1.900000000000000E-002  0.000000000000000E+000
  2.000000000000000E-002  0.000000000000000E+000
  2.100000000000000E-002  0.000000000000000E+000
  2.200000000000000E-002  0.000000000000000E+000
  2.300000000000000E-002  0.000000000000000E+000
  2.400000000000000E-002  0.000000000000000E+000
  2.500000000000000E-002  0.000000000000000E+000
 -2.500000000000000E-002  0.000000000000000E+000
 -2.400000000000000E-002  0.000000000000000E+000
 -2.300000000000000E-002  0.000000000000000E+000
 -2.200000000000000E-002  0.000000000000000E+000
 -2.100000000000000E-002  0.000000000000000E+000
 -2.000000000000000E-002  0.000000000000000E+000
 -1.900000000000000E-002  0.000000000000000E+000
 -1.800000000000000E-002  0.000000000000000E+000
 -1.700000000000000E-002  0.000000000000000E+000
 -1.600000000000000E-002  0.000000000000000E+000
 -1.500000000000000E-002  0.000000000000000E+000
 -1.400000000000000E-002  0.000000000000000E+000
 -1.300000000000000E-002  0.000000000000000E+000
 -1.200000000000000E-002  0.000000000000000E+000
 -1.100000000000000E-002  0.000000000000000E+000
 -1.000000000000000E-002  0.000000000000000E+000
 -9.000000000000001E-003  0.000000000000000E+000
 -8.000000000000000E-003  0.000000000000000E+000
 -6.999999999999999E-003  0.000000000000000E+000
 -6.000000000000002E-003  0.000000000000000E+000
 -5.000000000000001E-003  0.000000000000000E+000
 -4.000000000000000E-003  0.000000000000000E+000
 -3.000000000000003E-003  0.000000000000000E+000
 -2.000000000000002E-003  0.000000000000000E+000
 -1.000000000000001E-003  0.000000000000000E+000
  0.000000000000000E+000  0.000000000000000E+000
  1.000000000000001E-003  0.000000000000000E+000
  1.999999999999998E-003  0.000000000000000E+000
  2.999999999999999E-003  0.000000000000000E+000
  4.000000000000000E-003  1.234450598086995E-002
  4.999999999999998E-003  4.374445828546257E-002
  5.999999999999998E-003  0.193372779674357     
  6.999999999999999E-003  0.236222685286001     
  8.000000000000000E-003  0.762801925038699     
  9.000000000000001E-003  0.940789136758005     
  1.000000000000000E-002   1.63506020225695     
  1.100000000000000E-002   4.55187796425450     
  1.200000000000000E-002   2.19489835255479     
  1.300000000000000E-002   1.83048443221370     
  1.400000000000000E-002  0.548917733583731     
  1.500000000000000E-002  0.000000000000000E+000
  1.600000000000000E-002  0.000000000000000E+000
  1.700000000000000E-002  0.000000000000000E+000
  1.800000000000000E-002  0.000000000000000E+000
  1.900000000000000E-002  0.000000000000000E+000
  2.000000000000000E-002  0.000000000000000E+000
  2.100000000000000E-002  0.000000000000000E+000
  2.200000000000000E-002  0.000000000000000E+000
  2.300000000000000E-002  0.000000000000000E+000
  2.400000000000000E-002  0.000000000000000E+000
  2.500000000000000E-002  0.000000000000000E+000
1
   104.205490476190     
 6
40
 6
37
30
40
  425.42406000
