 -2.500000000000000E-002  0.000000000000000E+000
 -2.400000000000000E-002  0.000000000000000E+000
 -2.300000000000000E-002  0.000000000000000E+000
 -2.200000000000000E-002  0.000000000000000E+000
 -2.100000000000000E-002  0.000000000000000E+000
 -2.000000000000000E-002  2.197960016138660E-003
 -1.900000000000000E-002  4.584571580388010E-002
 -1.800000000000000E-002  6.543712716046583E-002
 -1.700000000000000E-002  7.855977713346618E-002
 -1.600000000000000E-002  0.203141886891581     
 -1.500000000000000E-002  0.247376431686522     
 -1.400000000000000E-002  0.108314907112158     
 -1.300000000000000E-002  3.651799973951176E-002
 -1.200000000000000E-002  0.157139129560894     
 -1.100000000000000E-002  0.766748143276372     
 -1.000000000000000E-002   2.73966248301357     
 -9.000000000000001E-003   5.58245583740925     
 -8.000000000000000E-003   4.77410596256873     
 -6.999999999999999E-003   3.23863694688047     
 -6.000000000000002E-003   2.84621687466323     
 -5.000000000000001E-003   3.74965586311731     
 -4.000000000000000E-003   4.20264996567496     
 -3.000000000000003E-003   6.09665447635371     
 -2.000000000000002E-003   5.38876986473742     
 -1.000000000000001E-003   3.22154467268285     
  0.000000000000000E+000   7.75032120733343     
  1.000000000000001E-003   9.28352835052518     
  1.999999999999998E-003   7.72108981411566     
  2.999999999999999E-003   4.35017366872483     
  4.000000000000000E-003   3.72202024720359     
  4.999999999999998E-003   3.33109464284962     
  5.999999999999998E-003   3.24117032025726     
  6.999999999999999E-003   5.20350836765482     
  8.000000000000000E-003   2.31138028440544     
  9.000000000000001E-003   2.06798551138354     
  1.000000000000000E-002   4.29420321469965     
  1.100000000000000E-002   1.85629815816655     
  1.200000000000000E-002  0.498496040385308     
  1.300000000000000E-002  6.719642173197158E-003
  1.400000000000000E-002  0.000000000000000E+000
  1.500000000000000E-002  0.000000000000000E+000
  1.600000000000000E-002  0.000000000000000E+000
  1.700000000000000E-002  0.000000000000000E+000
  1.800000000000000E-002  0.000000000000000E+000
  1.900000000000000E-002  0.000000000000000E+000
  2.000000000000000E-002  0.000000000000000E+000
  2.100000000000000E-002  0.000000000000000E+000
  2.200000000000000E-002  0.000000000000000E+000
  2.300000000000000E-002  0.000000000000000E+000
  2.400000000000000E-002  0.000000000000000E+000
  2.500000000000000E-002  0.000000000000000E+000
 -2.500000000000000E-002  0.000000000000000E+000
 -2.400000000000000E-002  0.000000000000000E+000
 -2.300000000000000E-002  0.000000000000000E+000
 -2.200000000000000E-002  0.000000000000000E+000
 -2.100000000000000E-002  0.000000000000000E+000
 -2.000000000000000E-002  0.128013835086509     
 -1.900000000000000E-002   1.77846083990000     
 -1.800000000000000E-002   1.71963167830627     
 -1.700000000000000E-002   1.42086887954447     
 -1.600000000000000E-002   2.56560354262699     
 -1.500000000000000E-002   2.20995082871452     
 -1.400000000000000E-002  0.692030017890040     
 -1.300000000000000E-002  0.168335498003084     
 -1.200000000000000E-002  0.525877593219189     
 -1.100000000000000E-002   1.86881527472450     
 -1.000000000000000E-002  0.885176717237660     
 -9.000000000000001E-003  0.115859000777425     
 -8.000000000000000E-003  5.923898626616381E-002
 -6.999999999999999E-003  7.894146547677923E-002
 -6.000000000000002E-003  1.602021997935582E-003
 -5.000000000000001E-003  0.000000000000000E+000
 -4.000000000000000E-003  0.000000000000000E+000
 -3.000000000000003E-003  0.000000000000000E+000
 -2.000000000000002E-003  0.000000000000000E+000
 -1.000000000000001E-003  0.000000000000000E+000
  0.000000000000000E+000  0.000000000000000E+000
  1.000000000000001E-003  9.800991107595520E-003
  1.999999999999998E-003  6.371029551896026E-002
  2.999999999999999E-003  0.225843548911264     
  4.000000000000000E-003  0.397715913929029     
  4.999999999999998E-003  0.582553265622302     
  5.999999999999998E-003   1.16370119158984     
  6.999999999999999E-003   1.21355129093211     
  8.000000000000000E-003  0.738846812314032     
  9.000000000000001E-003  1.539307343580361E-002
  1.000000000000000E-002  0.000000000000000E+000
  1.100000000000000E-002  0.000000000000000E+000
  1.200000000000000E-002  0.000000000000000E+000
  1.300000000000000E-002  0.000000000000000E+000
  1.400000000000000E-002  0.000000000000000E+000
  1.500000000000000E-002  0.000000000000000E+000
  1.600000000000000E-002  0.000000000000000E+000
  1.700000000000000E-002  0.000000000000000E+000
  1.800000000000000E-002  0.000000000000000E+000
  1.900000000000000E-002  0.000000000000000E+000
  2.000000000000000E-002  0.000000000000000E+000
  2.100000000000000E-002  0.000000000000000E+000
  2.200000000000000E-002  0.000000000000000E+000
  2.300000000000000E-002  0.000000000000000E+000
  2.400000000000000E-002  0.000000000000000E+000
  2.500000000000000E-002  0.000000000000000E+000
 -2.500000000000000E-002  0.000000000000000E+000
 -2.400000000000000E-002  0.000000000000000E+000
 -2.300000000000000E-002  0.000000000000000E+000
 -2.200000000000000E-002  0.000000000000000E+000
 -2.100000000000000E-002  0.000000000000000E+000
 -2.000000000000000E-002  0.000000000000000E+000
 -1.900000000000000E-002  0.000000000000000E+000
 -1.800000000000000E-002  0.000000000000000E+000
 -1.700000000000000E-002  0.000000000000000E+000
 -1.600000000000000E-002  0.000000000000000E+000
 -1.500000000000000E-002  0.000000000000000E+000
 -1.400000000000000E-002  0.000000000000000E+000
 -1.300000000000000E-002  0.000000000000000E+000
 -1.200000000000000E-002  0.000000000000000E+000
 -1.100000000000000E-002  0.000000000000000E+000
 -1.000000000000000E-002  0.000000000000000E+000
 -9.000000000000001E-003  0.000000000000000E+000
 -8.000000000000000E-003  0.000000000000000E+000
 -6.999999999999999E-003  0.000000000000000E+000
 -6.000000000000002E-003  0.000000000000000E+000
 -5.000000000000001E-003  0.000000000000000E+000
 -4.000000000000000E-003  0.000000000000000E+000
 -3.000000000000003E-003  0.000000000000000E+000
 -2.000000000000002E-003  0.000000000000000E+000
 -1.000000000000001E-003  0.000000000000000E+000
  0.000000000000000E+000  0.000000000000000E+000
  1.000000000000001E-003  4.820984429022168E-004
  1.999999999999998E-003  7.473053497281455E-002
  2.999999999999999E-003  0.106455396171233     
  4.000000000000000E-003  0.259751932077056     
  4.999999999999998E-003  0.385440543734924     
  5.999999999999998E-003  0.275050348649496     
  6.999999999999999E-003   2.16207526943168     
  8.000000000000000E-003   1.39089068008570     
  9.000000000000001E-003   2.64274610761441     
  1.000000000000000E-002   7.61932032612866     
  1.100000000000000E-002   4.52440398173117     
  1.200000000000000E-002   1.66825346862784     
  1.300000000000000E-002  3.097525383910285E-002
  1.400000000000000E-002  0.000000000000000E+000
  1.500000000000000E-002  0.000000000000000E+000
  1.600000000000000E-002  0.000000000000000E+000
  1.700000000000000E-002  0.000000000000000E+000
  1.800000000000000E-002  0.000000000000000E+000
  1.900000000000000E-002  0.000000000000000E+000
  2.000000000000000E-002  0.000000000000000E+000
  2.100000000000000E-002  0.000000000000000E+000
  2.200000000000000E-002  0.000000000000000E+000
  2.300000000000000E-002  0.000000000000000E+000
  2.400000000000000E-002  0.000000000000000E+000
  2.500000000000000E-002  0.000000000000000E+000
1
   67.7682400000000     
 6
39
 6
35
27
39
  127.72212000
