 -2.500000000000000E-002  0.000000000000000E+000
 -2.400000000000000E-002  0.000000000000000E+000
 -2.300000000000000E-002  0.000000000000000E+000
 -2.200000000000000E-002  0.000000000000000E+000
 -2.100000000000000E-002  0.000000000000000E+000
 -2.000000000000000E-002  0.000000000000000E+000
 -1.900000000000000E-002  0.000000000000000E+000
 -1.800000000000000E-002  2.208892764464109E-002
 -1.700000000000000E-002  0.115252652242221     
 -1.600000000000000E-002  0.205945739111914     
 -1.500000000000000E-002  0.216761952085566     
 -1.400000000000000E-002  0.115599334583693     
 -1.300000000000000E-002  0.413404665588151     
 -1.200000000000000E-002  0.477609168025713     
 -1.100000000000000E-002  0.200157993867075     
 -1.000000000000000E-002  0.582551885194431     
 -9.000000000000001E-003  0.793817859855811     
 -8.000000000000000E-003  0.524790295947400     
 -6.999999999999999E-003  0.736068711394460     
 -6.000000000000002E-003  0.318661067028675     
 -5.000000000000001E-003  0.577726514674999     
 -4.000000000000000E-003   1.52212509088474     
 -3.000000000000003E-003  0.641937065460774     
 -2.000000000000002E-003   1.56871820839958     
 -1.000000000000001E-003  0.822340327002392     
  0.000000000000000E+000  0.940939759806854     
  1.000000000000001E-003   2.73281442289784     
  1.999999999999998E-003   1.13949179082043     
  2.999999999999999E-003   1.24527401562301     
  4.000000000000000E-003  0.976074602542413     
  4.999999999999998E-003   1.00152639083438     
  5.999999999999998E-003   2.15229042610380     
  6.999999999999999E-003   1.35636168178885     
  8.000000000000000E-003   1.51916978553093     
  9.000000000000001E-003   2.61526047648739     
  1.000000000000000E-002   1.34379672241890     
  1.100000000000000E-002   1.15900476542680     
  1.200000000000000E-002  0.588762016979906     
  1.300000000000000E-002  0.168707431002235     
  1.400000000000000E-002  0.000000000000000E+000
  1.500000000000000E-002  0.000000000000000E+000
  1.600000000000000E-002  0.000000000000000E+000
  1.700000000000000E-002  0.000000000000000E+000
  1.800000000000000E-002  0.000000000000000E+000
  1.900000000000000E-002  0.000000000000000E+000
  2.000000000000000E-002  0.000000000000000E+000
  2.100000000000000E-002  0.000000000000000E+000
  2.200000000000000E-002  0.000000000000000E+000
  2.300000000000000E-002  0.000000000000000E+000
  2.400000000000000E-002  0.000000000000000E+000
  2.500000000000000E-002  0.000000000000000E+000
 -2.500000000000000E-002  0.000000000000000E+000
 -2.400000000000000E-002  0.000000000000000E+000
 -2.300000000000000E-002  0.000000000000000E+000
 -2.200000000000000E-002  0.000000000000000E+000
 -2.100000000000000E-002  0.000000000000000E+000
 -2.000000000000000E-002  0.000000000000000E+000
 -1.900000000000000E-002  0.000000000000000E+000
 -1.800000000000000E-002  0.580478107243201     
 -1.700000000000000E-002   2.08451338370934     
 -1.600000000000000E-002   2.60101511283323     
 -1.500000000000000E-002   1.93645470742464     
 -1.400000000000000E-002  0.738570633654267     
 -1.300000000000000E-002   1.90565421860399     
 -1.200000000000000E-002   1.59835402221348     
 -1.100000000000000E-002  0.487850305966994     
 -1.000000000000000E-002   1.03363748708780     
 -9.000000000000001E-003  0.396640651222189     
 -8.000000000000000E-003  0.250761552057271     
 -6.999999999999999E-003  0.477503429778420     
 -6.000000000000002E-003  3.265442639606204E-002
 -5.000000000000001E-003  4.238019839836154E-003
 -4.000000000000000E-003  1.028800681931965E-002
 -3.000000000000003E-003  0.000000000000000E+000
 -2.000000000000002E-003  0.000000000000000E+000
 -1.000000000000001E-003  0.000000000000000E+000
  0.000000000000000E+000  0.000000000000000E+000
  1.000000000000001E-003  2.802862142643553E-002
  1.999999999999998E-003  4.747209689942955E-002
  2.999999999999999E-003  0.119777725172942     
  4.000000000000000E-003  0.173105860695490     
  4.999999999999998E-003  0.291036866309574     
  5.999999999999998E-003  0.955399087251123     
  6.999999999999999E-003  0.879900673739024     
  8.000000000000000E-003   1.39978387433478     
  9.000000000000001E-003   3.36159334914889     
  1.000000000000000E-002   2.38433468780949     
  1.100000000000000E-002   2.82487258443530     
  1.200000000000000E-002   1.97033516307143     
  1.300000000000000E-002  0.777683597600078     
  1.400000000000000E-002  0.000000000000000E+000
  1.500000000000000E-002  0.000000000000000E+000
  1.600000000000000E-002  0.000000000000000E+000
  1.700000000000000E-002  0.000000000000000E+000
  1.800000000000000E-002  0.000000000000000E+000
  1.900000000000000E-002  0.000000000000000E+000
  2.000000000000000E-002  0.000000000000000E+000
  2.100000000000000E-002  0.000000000000000E+000
  2.200000000000000E-002  0.000000000000000E+000
  2.300000000000000E-002  0.000000000000000E+000
  2.400000000000000E-002  0.000000000000000E+000
  2.500000000000000E-002  0.000000000000000E+000
 -2.500000000000000E-002  0.000000000000000E+000
 -2.400000000000000E-002  0.000000000000000E+000
 -2.300000000000000E-002  0.000000000000000E+000
 -2.200000000000000E-002  0.000000000000000E+000
 -2.100000000000000E-002  0.000000000000000E+000
 -2.000000000000000E-002  0.000000000000000E+000
 -1.900000000000000E-002  0.000000000000000E+000
 -1.800000000000000E-002  0.000000000000000E+000
 -1.700000000000000E-002  0.000000000000000E+000
 -1.600000000000000E-002  0.000000000000000E+000
 -1.500000000000000E-002  0.000000000000000E+000
 -1.400000000000000E-002  0.000000000000000E+000
 -1.300000000000000E-002  0.000000000000000E+000
 -1.200000000000000E-002  0.000000000000000E+000
 -1.100000000000000E-002  0.000000000000000E+000
 -1.000000000000000E-002  0.000000000000000E+000
 -9.000000000000001E-003  0.000000000000000E+000
 -8.000000000000000E-003  0.000000000000000E+000
 -6.999999999999999E-003  0.000000000000000E+000
 -6.000000000000002E-003  0.000000000000000E+000
 -5.000000000000001E-003  0.000000000000000E+000
 -4.000000000000000E-003  0.000000000000000E+000
 -3.000000000000003E-003  0.000000000000000E+000
 -2.000000000000002E-003  0.000000000000000E+000
 -1.000000000000001E-003  0.000000000000000E+000
  0.000000000000000E+000  0.000000000000000E+000
  1.000000000000001E-003  0.000000000000000E+000
  1.999999999999998E-003  0.000000000000000E+000
  2.999999999999999E-003  0.000000000000000E+000
  4.000000000000000E-003  0.000000000000000E+000
  4.999999999999998E-003  0.000000000000000E+000
  5.999999999999998E-003  0.000000000000000E+000
  6.999999999999999E-003  0.000000000000000E+000
  8.000000000000000E-003  0.000000000000000E+000
  9.000000000000001E-003  0.000000000000000E+000
  1.000000000000000E-002  0.000000000000000E+000
  1.100000000000000E-002  0.000000000000000E+000
  1.200000000000000E-002  0.000000000000000E+000
  1.300000000000000E-002  0.000000000000000E+000
  1.400000000000000E-002  0.000000000000000E+000
  1.500000000000000E-002  0.000000000000000E+000
  1.600000000000000E-002  0.000000000000000E+000
  1.700000000000000E-002  0.000000000000000E+000
  1.800000000000000E-002  0.000000000000000E+000
  1.900000000000000E-002  0.000000000000000E+000
  2.000000000000000E-002  0.000000000000000E+000
  2.100000000000000E-002  0.000000000000000E+000
  2.200000000000000E-002  0.000000000000000E+000
  2.300000000000000E-002  0.000000000000000E+000
  2.400000000000000E-002  0.000000000000000E+000
  2.500000000000000E-002  0.000000000000000E+000
4
   57.4830500000000     
 8
39
 8
39
 0
 0
   38.88302000
