 -2.500000000000000E-002  0.000000000000000E+000
 -2.400000000000000E-002  0.000000000000000E+000
 -2.300000000000000E-002  0.000000000000000E+000
 -2.200000000000000E-002  0.000000000000000E+000
 -2.100000000000000E-002  0.000000000000000E+000
 -2.000000000000000E-002  0.000000000000000E+000
 -1.900000000000000E-002  0.000000000000000E+000
 -1.800000000000000E-002  0.000000000000000E+000
 -1.700000000000000E-002  2.426719652993247E-004
 -1.600000000000000E-002  3.430492028591570E-002
 -1.500000000000000E-002  0.121460361120357     
 -1.400000000000000E-002  0.155319206009811     
 -1.300000000000000E-002  0.000000000000000E+000
 -1.200000000000000E-002  0.140724831763113     
 -1.100000000000000E-002  0.427492425352571     
 -1.000000000000000E-002  0.344851661521296     
 -9.000000000000001E-003  0.369400221184908     
 -8.000000000000000E-003  8.238046734083020E-002
 -6.999999999999999E-003   2.43014614140414     
 -6.000000000000002E-003   12.2090587026142     
 -5.000000000000001E-003   15.6616761680736     
 -4.000000000000000E-003   12.5786594662098     
 -3.000000000000003E-003   9.27071036323516     
 -2.000000000000002E-003   8.75603114903120     
 -1.000000000000001E-003   8.69387796146012     
  0.000000000000000E+000   7.18946415410738     
  1.000000000000001E-003   6.54290104951182     
  1.999999999999998E-003   7.25923665808854     
  2.999999999999999E-003   8.79459761319206     
  4.000000000000000E-003   5.92178464169410     
  4.999999999999998E-003   11.9270077018915     
  5.999999999999998E-003   7.08097726010508     
  6.999999999999999E-003   6.08595774842459     
  8.000000000000000E-003  0.807820045418125     
  9.000000000000001E-003  0.430572207885979     
  1.000000000000000E-002  0.811616065160590     
  1.100000000000000E-002  0.261716134706288     
  1.200000000000000E-002  0.324731547876322     
  1.300000000000000E-002  0.329849870787605     
  1.400000000000000E-002  0.293219439865216     
  1.500000000000000E-002  8.575702883283318E-002
  1.600000000000000E-002  4.691824144663477E-003
  1.700000000000000E-002  0.000000000000000E+000
  1.800000000000000E-002  0.000000000000000E+000
  1.900000000000000E-002  0.000000000000000E+000
  2.000000000000000E-002  0.000000000000000E+000
  2.100000000000000E-002  0.000000000000000E+000
  2.200000000000000E-002  0.000000000000000E+000
  2.300000000000000E-002  0.000000000000000E+000
  2.400000000000000E-002  0.000000000000000E+000
  2.500000000000000E-002  0.000000000000000E+000
 -2.500000000000000E-002  0.000000000000000E+000
 -2.400000000000000E-002  0.000000000000000E+000
 -2.300000000000000E-002  0.000000000000000E+000
 -2.200000000000000E-002  0.000000000000000E+000
 -2.100000000000000E-002  0.000000000000000E+000
 -2.000000000000000E-002  0.000000000000000E+000
 -1.900000000000000E-002  0.000000000000000E+000
 -1.800000000000000E-002  0.000000000000000E+000
 -1.700000000000000E-002  4.389078686487516E-003
 -1.600000000000000E-002  0.433257888669977     
 -1.500000000000000E-002   1.08507275282410     
 -1.400000000000000E-002  0.992343120438047     
 -1.300000000000000E-002  0.000000000000000E+000
 -1.200000000000000E-002  0.470945944785085     
 -1.100000000000000E-002   1.04193845310682     
 -1.000000000000000E-002  0.611879583419350     
 -9.000000000000001E-003  0.474818220928099     
 -8.000000000000000E-003  7.590649237639759E-002
 -6.999999999999999E-003  0.130829437301798     
 -6.000000000000002E-003  8.446551268736949E-002
 -5.000000000000001E-003  8.711202312866381E-002
 -4.000000000000000E-003  4.914107562993816E-002
 -3.000000000000003E-003  0.000000000000000E+000
 -2.000000000000002E-003  4.452583282096635E-004
 -1.000000000000001E-003  8.654445830630656E-004
  0.000000000000000E+000  0.000000000000000E+000
  1.000000000000001E-003  1.815408439136914E-003
  1.999999999999998E-003  1.193115617805369E-002
  2.999999999999999E-003  4.406316666155072E-002
  4.000000000000000E-003  9.079490395686979E-002
  4.999999999999998E-003  0.297191572550368     
  5.999999999999998E-003  0.100326328811824     
  6.999999999999999E-003  0.117975780885360     
  8.000000000000000E-003  0.410217138744410     
  9.000000000000001E-003  0.553447231497914     
  1.000000000000000E-002   1.44007222600041     
  1.100000000000000E-002  0.637887570344819     
  1.200000000000000E-002   1.08673788200771     
  1.300000000000000E-002   1.52049517118559     
  1.400000000000000E-002   1.87339545059588     
  1.500000000000000E-002  0.766115088835038     
  1.600000000000000E-002  5.925592614661456E-002
  1.700000000000000E-002  0.000000000000000E+000
  1.800000000000000E-002  0.000000000000000E+000
  1.900000000000000E-002  0.000000000000000E+000
  2.000000000000000E-002  0.000000000000000E+000
  2.100000000000000E-002  0.000000000000000E+000
  2.200000000000000E-002  0.000000000000000E+000
  2.300000000000000E-002  0.000000000000000E+000
  2.400000000000000E-002  0.000000000000000E+000
  2.500000000000000E-002  0.000000000000000E+000
 -2.500000000000000E-002  0.000000000000000E+000
 -2.400000000000000E-002  0.000000000000000E+000
 -2.300000000000000E-002  0.000000000000000E+000
 -2.200000000000000E-002  0.000000000000000E+000
 -2.100000000000000E-002  0.000000000000000E+000
 -2.000000000000000E-002  0.000000000000000E+000
 -1.900000000000000E-002  0.000000000000000E+000
 -1.800000000000000E-002  0.000000000000000E+000
 -1.700000000000000E-002  0.000000000000000E+000
 -1.600000000000000E-002  0.000000000000000E+000
 -1.500000000000000E-002  0.000000000000000E+000
 -1.400000000000000E-002  0.000000000000000E+000
 -1.300000000000000E-002  0.000000000000000E+000
 -1.200000000000000E-002  0.000000000000000E+000
 -1.100000000000000E-002  0.000000000000000E+000
 -1.000000000000000E-002  0.000000000000000E+000
 -9.000000000000001E-003  0.000000000000000E+000
 -8.000000000000000E-003  0.000000000000000E+000
 -6.999999999999999E-003  0.000000000000000E+000
 -6.000000000000002E-003  0.000000000000000E+000
 -5.000000000000001E-003  0.000000000000000E+000
 -4.000000000000000E-003  0.000000000000000E+000
 -3.000000000000003E-003  0.000000000000000E+000
 -2.000000000000002E-003  0.000000000000000E+000
 -1.000000000000001E-003  0.000000000000000E+000
  0.000000000000000E+000  0.000000000000000E+000
  1.000000000000001E-003  0.000000000000000E+000
  1.999999999999998E-003  0.000000000000000E+000
  2.999999999999999E-003  0.000000000000000E+000
  4.000000000000000E-003  0.000000000000000E+000
  4.999999999999998E-003  0.000000000000000E+000
  5.999999999999998E-003  0.000000000000000E+000
  6.999999999999999E-003  0.000000000000000E+000
  8.000000000000000E-003  0.000000000000000E+000
  9.000000000000001E-003  0.000000000000000E+000
  1.000000000000000E-002  0.000000000000000E+000
  1.100000000000000E-002  0.000000000000000E+000
  1.200000000000000E-002  0.000000000000000E+000
  1.300000000000000E-002  0.000000000000000E+000
  1.400000000000000E-002  0.000000000000000E+000
  1.500000000000000E-002  0.000000000000000E+000
  1.600000000000000E-002  0.000000000000000E+000
  1.700000000000000E-002  0.000000000000000E+000
  1.800000000000000E-002  0.000000000000000E+000
  1.900000000000000E-002  0.000000000000000E+000
  2.000000000000000E-002  0.000000000000000E+000
  2.100000000000000E-002  0.000000000000000E+000
  2.200000000000000E-002  0.000000000000000E+000
  2.300000000000000E-002  0.000000000000000E+000
  2.400000000000000E-002  0.000000000000000E+000
  2.500000000000000E-002  0.000000000000000E+000
4
   103.939822222222     
 9
42
 9
42
 0
 0
  142.87645000
