 -2.500000000000000E-002  0.000000000000000E+000
 -2.400000000000000E-002  0.000000000000000E+000
 -2.300000000000000E-002  0.000000000000000E+000
 -2.200000000000000E-002  0.000000000000000E+000
 -2.100000000000000E-002  0.000000000000000E+000
 -2.000000000000000E-002  0.000000000000000E+000
 -1.900000000000000E-002  0.000000000000000E+000
 -1.800000000000000E-002  1.651028243883510E-002
 -1.700000000000000E-002  7.232657960378445E-002
 -1.600000000000000E-002  9.120560466997603E-002
 -1.500000000000000E-002  3.557285040233652E-002
 -1.400000000000000E-002  8.416220693650452E-002
 -1.300000000000000E-002  0.207000692781797     
 -1.200000000000000E-002  0.220306929303249     
 -1.100000000000000E-002  0.322224223516423     
 -1.000000000000000E-002  3.825935197983672E-002
 -9.000000000000001E-003  0.164289431954934     
 -8.000000000000000E-003   1.52856926672463     
 -6.999999999999999E-003   8.24964703218625     
 -6.000000000000002E-003   12.4662253291789     
 -5.000000000000001E-003   11.2070666684940     
 -4.000000000000000E-003   8.90331111033039     
 -3.000000000000003E-003   7.09285623042966     
 -2.000000000000002E-003   8.67422233482763     
 -1.000000000000001E-003   8.46055546666542     
  0.000000000000000E+000   7.56871681228183     
  1.000000000000001E-003   7.19545482533306     
  1.999999999999998E-003   11.9733711870163     
  2.999999999999999E-003   9.07028446508075     
  4.000000000000000E-003   13.9614408068178     
  4.999999999999998E-003   15.8317844377287     
  5.999999999999998E-003   8.87586052536097     
  6.999999999999999E-003   2.82296083332219     
  8.000000000000000E-003   2.93666443748315     
  9.000000000000001E-003  0.770982651304277     
  1.000000000000000E-002  0.642109206571046     
  1.100000000000000E-002  0.491446824445763     
  1.200000000000000E-002  0.558070591090448     
  1.300000000000000E-002  0.146513982174844     
  1.400000000000000E-002  0.000000000000000E+000
  1.500000000000000E-002  0.000000000000000E+000
  1.600000000000000E-002  0.000000000000000E+000
  1.700000000000000E-002  0.000000000000000E+000
  1.800000000000000E-002  0.000000000000000E+000
  1.900000000000000E-002  0.000000000000000E+000
  2.000000000000000E-002  0.000000000000000E+000
  2.100000000000000E-002  0.000000000000000E+000
  2.200000000000000E-002  0.000000000000000E+000
  2.300000000000000E-002  0.000000000000000E+000
  2.400000000000000E-002  0.000000000000000E+000
  2.500000000000000E-002  0.000000000000000E+000
 -2.500000000000000E-002  0.000000000000000E+000
 -2.400000000000000E-002  0.000000000000000E+000
 -2.300000000000000E-002  0.000000000000000E+000
 -2.200000000000000E-002  0.000000000000000E+000
 -2.100000000000000E-002  0.000000000000000E+000
 -2.000000000000000E-002  0.000000000000000E+000
 -1.900000000000000E-002  0.000000000000000E+000
 -1.800000000000000E-002  0.433876087346901     
 -1.700000000000000E-002   1.30813235312928     
 -1.600000000000000E-002   1.15189154747595     
 -1.500000000000000E-002  0.317791996959525     
 -1.400000000000000E-002  0.537717061527138     
 -1.300000000000000E-002  0.954202446874576     
 -1.200000000000000E-002  0.737273256350876     
 -1.100000000000000E-002  0.785365515488023     
 -1.000000000000000E-002  6.788459782401569E-002
 -9.000000000000001E-003  0.211173711666734     
 -8.000000000000000E-003  0.156409039005863     
 -6.999999999999999E-003  0.199710145741820     
 -6.000000000000002E-003  9.585783718579892E-002
 -5.000000000000001E-003  1.116121634147726E-003
 -4.000000000000000E-003  1.845920169474752E-002
 -3.000000000000003E-003  5.613946175138236E-005
 -2.000000000000002E-003  0.000000000000000E+000
 -1.000000000000001E-003  0.000000000000000E+000
  0.000000000000000E+000  0.000000000000000E+000
  1.000000000000001E-003  5.233459197855349E-003
  1.999999999999998E-003  1.992574074677872E-002
  2.999999999999999E-003  2.990183424976009E-002
  4.000000000000000E-003  0.156792536367118     
  4.999999999999998E-003  0.149190470641395     
  5.999999999999998E-003  0.312184512671924     
  6.999999999999999E-003  0.235547660602020     
  8.000000000000000E-003  0.758650808883687     
  9.000000000000001E-003  0.975031468796916     
  1.000000000000000E-002   1.13931164516706     
  1.100000000000000E-002   1.19781618031000     
  1.200000000000000E-002   1.86762406097793     
  1.300000000000000E-002  0.675379383584692     
  1.400000000000000E-002  0.000000000000000E+000
  1.500000000000000E-002  0.000000000000000E+000
  1.600000000000000E-002  0.000000000000000E+000
  1.700000000000000E-002  0.000000000000000E+000
  1.800000000000000E-002  0.000000000000000E+000
  1.900000000000000E-002  0.000000000000000E+000
  2.000000000000000E-002  0.000000000000000E+000
  2.100000000000000E-002  0.000000000000000E+000
  2.200000000000000E-002  0.000000000000000E+000
  2.300000000000000E-002  0.000000000000000E+000
  2.400000000000000E-002  0.000000000000000E+000
  2.500000000000000E-002  0.000000000000000E+000
 -2.500000000000000E-002  0.000000000000000E+000
 -2.400000000000000E-002  0.000000000000000E+000
 -2.300000000000000E-002  0.000000000000000E+000
 -2.200000000000000E-002  0.000000000000000E+000
 -2.100000000000000E-002  0.000000000000000E+000
 -2.000000000000000E-002  0.000000000000000E+000
 -1.900000000000000E-002  0.000000000000000E+000
 -1.800000000000000E-002  0.000000000000000E+000
 -1.700000000000000E-002  0.000000000000000E+000
 -1.600000000000000E-002  0.000000000000000E+000
 -1.500000000000000E-002  0.000000000000000E+000
 -1.400000000000000E-002  0.000000000000000E+000
 -1.300000000000000E-002  0.000000000000000E+000
 -1.200000000000000E-002  0.000000000000000E+000
 -1.100000000000000E-002  0.000000000000000E+000
 -1.000000000000000E-002  0.000000000000000E+000
 -9.000000000000001E-003  0.000000000000000E+000
 -8.000000000000000E-003  0.000000000000000E+000
 -6.999999999999999E-003  0.000000000000000E+000
 -6.000000000000002E-003  0.000000000000000E+000
 -5.000000000000001E-003  0.000000000000000E+000
 -4.000000000000000E-003  0.000000000000000E+000
 -3.000000000000003E-003  0.000000000000000E+000
 -2.000000000000002E-003  0.000000000000000E+000
 -1.000000000000001E-003  0.000000000000000E+000
  0.000000000000000E+000  0.000000000000000E+000
  1.000000000000001E-003  0.000000000000000E+000
  1.999999999999998E-003  0.000000000000000E+000
  2.999999999999999E-003  0.000000000000000E+000
  4.000000000000000E-003  0.000000000000000E+000
  4.999999999999998E-003  0.000000000000000E+000
  5.999999999999998E-003  0.000000000000000E+000
  6.999999999999999E-003  0.000000000000000E+000
  8.000000000000000E-003  0.000000000000000E+000
  9.000000000000001E-003  0.000000000000000E+000
  1.000000000000000E-002  0.000000000000000E+000
  1.100000000000000E-002  0.000000000000000E+000
  1.200000000000000E-002  0.000000000000000E+000
  1.300000000000000E-002  0.000000000000000E+000
  1.400000000000000E-002  0.000000000000000E+000
  1.500000000000000E-002  0.000000000000000E+000
  1.600000000000000E-002  0.000000000000000E+000
  1.700000000000000E-002  0.000000000000000E+000
  1.800000000000000E-002  0.000000000000000E+000
  1.900000000000000E-002  0.000000000000000E+000
  2.000000000000000E-002  0.000000000000000E+000
  2.100000000000000E-002  0.000000000000000E+000
  2.200000000000000E-002  0.000000000000000E+000
  2.300000000000000E-002  0.000000000000000E+000
  2.400000000000000E-002  0.000000000000000E+000
  2.500000000000000E-002  0.000000000000000E+000
4
   105.468610000000     
 8
39
 8
39
 0
 0
  159.11612000
