 -2.500000000000000E-002  0.000000000000000E+000
 -2.400000000000000E-002  0.000000000000000E+000
 -2.300000000000000E-002  0.000000000000000E+000
 -2.200000000000000E-002  0.000000000000000E+000
 -2.100000000000000E-002  0.000000000000000E+000
 -2.000000000000000E-002  0.000000000000000E+000
 -1.900000000000000E-002  1.704030500050774E-002
 -1.800000000000000E-002  9.023458865219700E-002
 -1.700000000000000E-002  0.101672726516109     
 -1.600000000000000E-002  9.788556475113165E-002
 -1.500000000000000E-002  0.153656200065229     
 -1.400000000000000E-002  0.359706016747324     
 -1.300000000000000E-002  0.273197695610811     
 -1.200000000000000E-002   1.10828158631449     
 -1.100000000000000E-002   1.22871352987386     
 -1.000000000000000E-002   1.58538503706057     
 -9.000000000000001E-003   2.00126685940138     
 -8.000000000000000E-003   1.12063402319193     
 -6.999999999999999E-003   3.36303592516123     
 -6.000000000000002E-003   7.69202030989464     
 -5.000000000000001E-003   7.26077913018272     
 -4.000000000000000E-003   4.73935531537718     
 -3.000000000000003E-003   4.52141223605985     
 -2.000000000000002E-003   3.96632172659718     
 -1.000000000000001E-003   5.07949340505520     
  0.000000000000000E+000   5.08741701011281     
  1.000000000000001E-003   6.12635416116935     
  1.999999999999998E-003   3.10523426065883     
  2.999999999999999E-003   9.09533836069652     
  4.000000000000000E-003   10.3548571417231     
  4.999999999999998E-003   11.7008064731293     
  5.999999999999998E-003   11.1618639785302     
  6.999999999999999E-003   7.21422665965494     
  8.000000000000000E-003   2.08982778445421     
  9.000000000000001E-003   1.29122977021169     
  1.000000000000000E-002   1.59808755304831     
  1.100000000000000E-002   1.49241574642261     
  1.200000000000000E-002  6.120393718048870E-002
  1.300000000000000E-002  0.000000000000000E+000
  1.400000000000000E-002  0.000000000000000E+000
  1.500000000000000E-002  0.000000000000000E+000
  1.600000000000000E-002  0.000000000000000E+000
  1.700000000000000E-002  0.000000000000000E+000
  1.800000000000000E-002  0.000000000000000E+000
  1.900000000000000E-002  0.000000000000000E+000
  2.000000000000000E-002  0.000000000000000E+000
  2.100000000000000E-002  0.000000000000000E+000
  2.200000000000000E-002  0.000000000000000E+000
  2.300000000000000E-002  0.000000000000000E+000
  2.400000000000000E-002  0.000000000000000E+000
  2.500000000000000E-002  0.000000000000000E+000
 -2.500000000000000E-002  0.000000000000000E+000
 -2.400000000000000E-002  0.000000000000000E+000
 -2.300000000000000E-002  0.000000000000000E+000
 -2.200000000000000E-002  0.000000000000000E+000
 -2.100000000000000E-002  0.000000000000000E+000
 -2.000000000000000E-002  0.000000000000000E+000
 -1.900000000000000E-002  0.661032652930903     
 -1.800000000000000E-002   2.37128773616150     
 -1.700000000000000E-002   1.83890049432987     
 -1.600000000000000E-002   1.23625686233574     
 -1.500000000000000E-002   1.37269603396005     
 -1.400000000000000E-002   2.29818192012154     
 -1.300000000000000E-002   1.25934800569544     
 -1.200000000000000E-002  0.784485157915740     
 -1.100000000000000E-002  0.373346471292274     
 -1.000000000000000E-002  0.331865779066194     
 -9.000000000000001E-003  0.522666793562475     
 -8.000000000000000E-003  0.270291477651179     
 -6.999999999999999E-003  2.765967225213761E-002
 -6.000000000000002E-003  0.000000000000000E+000
 -5.000000000000001E-003  0.000000000000000E+000
 -4.000000000000000E-003  0.000000000000000E+000
 -3.000000000000003E-003  0.000000000000000E+000
 -2.000000000000002E-003  0.000000000000000E+000
 -1.000000000000001E-003  0.000000000000000E+000
  0.000000000000000E+000  0.000000000000000E+000
  1.000000000000001E-003  1.686117325361293E-002
  1.999999999999998E-003  2.199487748577787E-002
  2.999999999999999E-003  0.000000000000000E+000
  4.000000000000000E-003  9.278762300935493E-002
  4.999999999999998E-003  0.514831733540394     
  5.999999999999998E-003   1.00808409772586     
  6.999999999999999E-003   1.07472260917376     
  8.000000000000000E-003   1.60240082396751     
  9.000000000000001E-003   1.65971590470277     
  1.000000000000000E-002   2.83552975187410     
  1.100000000000000E-002   3.63750387609172     
  1.200000000000000E-002  0.204823453394154     
  1.300000000000000E-002  0.000000000000000E+000
  1.400000000000000E-002  0.000000000000000E+000
  1.500000000000000E-002  0.000000000000000E+000
  1.600000000000000E-002  0.000000000000000E+000
  1.700000000000000E-002  0.000000000000000E+000
  1.800000000000000E-002  0.000000000000000E+000
  1.900000000000000E-002  0.000000000000000E+000
  2.000000000000000E-002  0.000000000000000E+000
  2.100000000000000E-002  0.000000000000000E+000
  2.200000000000000E-002  0.000000000000000E+000
  2.300000000000000E-002  0.000000000000000E+000
  2.400000000000000E-002  0.000000000000000E+000
  2.500000000000000E-002  0.000000000000000E+000
 -2.500000000000000E-002  0.000000000000000E+000
 -2.400000000000000E-002  0.000000000000000E+000
 -2.300000000000000E-002  0.000000000000000E+000
 -2.200000000000000E-002  0.000000000000000E+000
 -2.100000000000000E-002  0.000000000000000E+000
 -2.000000000000000E-002  0.000000000000000E+000
 -1.900000000000000E-002  0.000000000000000E+000
 -1.800000000000000E-002  0.000000000000000E+000
 -1.700000000000000E-002  0.000000000000000E+000
 -1.600000000000000E-002  0.000000000000000E+000
 -1.500000000000000E-002  0.000000000000000E+000
 -1.400000000000000E-002  0.000000000000000E+000
 -1.300000000000000E-002  0.000000000000000E+000
 -1.200000000000000E-002  0.000000000000000E+000
 -1.100000000000000E-002  0.000000000000000E+000
 -1.000000000000000E-002  0.000000000000000E+000
 -9.000000000000001E-003  0.000000000000000E+000
 -8.000000000000000E-003  0.000000000000000E+000
 -6.999999999999999E-003  0.000000000000000E+000
 -6.000000000000002E-003  0.000000000000000E+000
 -5.000000000000001E-003  0.000000000000000E+000
 -4.000000000000000E-003  0.000000000000000E+000
 -3.000000000000003E-003  0.000000000000000E+000
 -2.000000000000002E-003  0.000000000000000E+000
 -1.000000000000001E-003  0.000000000000000E+000
  0.000000000000000E+000  0.000000000000000E+000
  1.000000000000001E-003  0.000000000000000E+000
  1.999999999999998E-003  0.000000000000000E+000
  2.999999999999999E-003  0.000000000000000E+000
  4.000000000000000E-003  0.000000000000000E+000
  4.999999999999998E-003  0.000000000000000E+000
  5.999999999999998E-003  0.000000000000000E+000
  6.999999999999999E-003  0.000000000000000E+000
  8.000000000000000E-003  0.000000000000000E+000
  9.000000000000001E-003  0.000000000000000E+000
  1.000000000000000E-002  0.000000000000000E+000
  1.100000000000000E-002  0.000000000000000E+000
  1.200000000000000E-002  0.000000000000000E+000
  1.300000000000000E-002  0.000000000000000E+000
  1.400000000000000E-002  0.000000000000000E+000
  1.500000000000000E-002  0.000000000000000E+000
  1.600000000000000E-002  0.000000000000000E+000
  1.700000000000000E-002  0.000000000000000E+000
  1.800000000000000E-002  0.000000000000000E+000
  1.900000000000000E-002  0.000000000000000E+000
  2.000000000000000E-002  0.000000000000000E+000
  2.100000000000000E-002  0.000000000000000E+000
  2.200000000000000E-002  0.000000000000000E+000
  2.300000000000000E-002  0.000000000000000E+000
  2.400000000000000E-002  0.000000000000000E+000
  2.500000000000000E-002  0.000000000000000E+000
4
   93.4722200000000     
 7
38
 7
38
 0
 0
  132.07577000
